[0, 1]
[0, 36]
[1, 2]
[1, 37]
[1, 36]
[2, 37]
[7, 8]
[8, 44]
[16, 17]
[16, 52]
[16, 51]
[17, 18]
[17, 53]
[17, 52]
[18, 19]
[18, 53]
[23, 24]
[23, 58]
[24, 25]
[27, 28]
[27, 63]
[28, 63]
[30, 65]
[32, 33]
[32, 68]
[33, 68]
[36, 37]
[36, 2]
[37, 73]
[44, 10]
[44, 79]
[51, 52]
[51, 17]
[51, 87]
[51, 86]
[52, 53]
[52, 18]
[52, 88]
[52, 87]
[53, 19]
[53, 88]
[58, 24]
[63, 99]
[68, 104]
[68, 103]
[73, 74]
[73, 109]
[73, 108]
[74, 75]
[74, 109]
[77, 113]
[77, 112]
[79, 115]
[79, 114]
[81, 82]
[82, 83]
[83, 84]
[83, 119]
[84, 120]
[84, 119]
[86, 87]
[86, 52]
[86, 122]
[87, 88]
[87, 53]
[87, 122]
[88, 124]
[96, 97]
[97, 63]
[97, 133]
[99, 65]
[99, 135]
[102, 103]
[102, 68]
[102, 137]
[103, 104]
[105, 106]
[105, 141]
[106, 107]
[106, 141]
[107, 108]
[107, 73]
[107, 143]
[108, 109]
[108, 74]
[108, 144]
[108, 143]
[109, 75]
[109, 145]
[109, 144]
[112, 113]
[112, 148]
[113, 114]
[113, 79]
[113, 148]
[114, 115]
[114, 150]
[115, 81]
[115, 151]
[115, 150]
[119, 120]
[119, 155]
[119, 154]
[120, 86]
[120, 156]
[120, 155]
[122, 88]
[124, 160]
[133, 99]
[135, 136]
[136, 137]
[136, 102]
[136, 172]
[137, 103]
[137, 173]
[137, 172]
[141, 107]
[141, 177]
[143, 144]
[143, 109]
[143, 178]
[144, 145]
[144, 180]
[145, 181]
[145, 180]
[148, 114]
[150, 151]
[150, 186]
[150, 185]
[151, 152]
[151, 187]
[151, 186]
[152, 153]
[152, 187]
[153, 154]
[153, 119]
[154, 155]
[154, 120]
[154, 190]
[155, 156]
[155, 191]
[155, 190]
[156, 122]
[156, 192]
[156, 191]
[160, 161]
[160, 195]
[161, 162]
[161, 197]
[162, 163]
[162, 197]
[172, 173]
[175, 141]
[177, 178]
[177, 143]
[178, 144]
[180, 181]
[180, 216]
[181, 182]
[181, 217]
[181, 216]
[182, 148]
[182, 217]
[185, 186]
[185, 151]
[185, 221]
[186, 187]
[186, 152]
[186, 221]
[187, 153]
[187, 223]
[190, 191]
[190, 156]
[190, 226]
[190, 225]
[191, 192]
[191, 226]
[192, 193]
[193, 194]
[194, 195]
[194, 160]
[195, 161]
[197, 163]
[197, 233]
[197, 232]
[200, 201]
[200, 235]
[203, 238]
[216, 217]
[216, 182]
[221, 187]
[223, 224]
[224, 225]
[224, 190]
[225, 226]
[225, 191]
[226, 192]
[232, 233]
[233, 234]
[234, 235]
[234, 200]
[235, 201]
