[0, 1]
[0, 36]
[1, 36]
[4, 40]
[4, 39]
[7, 43]
[7, 42]
[11, 12]
[12, 13]
[13, 14]
[14, 50]
[18, 53]
[23, 59]
[25, 26]
[25, 60]
[26, 62]
[28, 29]
[28, 64]
[29, 30]
[29, 65]
[29, 64]
[30, 31]
[30, 66]
[30, 65]
[31, 32]
[31, 67]
[31, 66]
[32, 67]
[38, 39]
[38, 4]
[38, 74]
[38, 73]
[39, 40]
[39, 75]
[39, 74]
[40, 76]
[40, 75]
[42, 43]
[42, 78]
[43, 9]
[43, 78]
[50, 86]
[50, 85]
[52, 53]
[52, 18]
[52, 88]
[53, 89]
[53, 88]
[59, 60]
[59, 25]
[60, 26]
[62, 28]
[62, 97]
[64, 65]
[64, 30]
[64, 100]
[64, 99]
[65, 66]
[65, 31]
[65, 100]
[66, 67]
[66, 32]
[66, 102]
[67, 102]
[73, 74]
[73, 39]
[74, 75]
[74, 40]
[75, 76]
[76, 42]
[76, 112]
[80, 81]
[81, 82]
[82, 118]
[85, 86]
[85, 121]
[86, 52]
[86, 121]
[88, 89]
[88, 124]
[89, 124]
[99, 100]
[99, 65]
[99, 135]
[100, 66]
[100, 136]
[100, 135]
[105, 106]
[106, 107]
[107, 73]
[112, 78]
[112, 148]
[118, 119]
[119, 85]
[121, 157]
[128, 164]
[130, 166]
[130, 165]
[135, 136]
[136, 102]
[144, 180]
[146, 112]
[148, 183]
[152, 118]
[152, 188]
[157, 192]
[164, 165]
[164, 130]
[165, 166]
[169, 135]
[169, 205]
[169, 204]
[173, 209]
[175, 211]
[180, 146]
[183, 218]
[188, 224]
[190, 191]
[191, 192]
[191, 157]
[203, 204]
[203, 169]
[203, 238]
[204, 205]
[205, 241]
[220, 221]
[224, 190]
[238, 204]
[243, 209]
