[3, 39]
[3, 38]
[7, 42]
[11, 12]
[11, 47]
[11, 46]
[12, 13]
[12, 47]
[13, 14]
[13, 49]
[14, 15]
[14, 50]
[14, 49]
[15, 51]
[15, 50]
[17, 52]
[19, 20]
[19, 54]
[24, 25]
[25, 26]
[25, 61]
[26, 27]
[26, 61]
[27, 28]
[27, 63]
[28, 29]
[28, 63]
[29, 30]
[29, 65]
[30, 31]
[30, 65]
[35, 36]
[36, 37]
[37, 38]
[37, 3]
[38, 39]
[38, 74]
[39, 74]
[42, 77]
[46, 47]
[46, 12]
[47, 13]
[49, 50]
[49, 15]
[50, 51]
[50, 86]
[51, 52]
[51, 17]
[51, 86]
[54, 20]
[54, 90]
[54, 89]
[57, 58]
[57, 92]
[58, 24]
[58, 94]
[61, 27]
[63, 29]
[63, 98]
[65, 31]
[65, 100]
[68, 34]
[76, 77]
[76, 42]
[77, 113]
[79, 80]
[80, 46]
[80, 116]
[86, 52]
[89, 90]
[89, 124]
[90, 91]
[91, 92]
[91, 57]
[92, 58]
[92, 128]
[94, 130]
[94, 129]
[98, 134]
[98, 133]
[100, 135]
[113, 79]
[116, 117]
[116, 152]
[116, 151]
[117, 152]
[123, 124]
[123, 89]
[123, 159]
[124, 90]
[124, 160]
[124, 159]
[128, 129]
[128, 94]
[129, 130]
[130, 131]
[131, 132]
[131, 167]
[132, 133]
[132, 98]
[132, 168]
[132, 167]
[133, 134]
[133, 169]
[133, 168]
[134, 135]
[134, 100]
[134, 170]
[134, 169]
[135, 170]
[144, 145]
[144, 180]
[145, 146]
[145, 180]
[146, 147]
[146, 182]
[147, 113]
[147, 183]
[147, 182]
[151, 152]
[151, 117]
[151, 186]
[156, 157]
[156, 192]
[156, 191]
[157, 123]
[157, 193]
[157, 192]
[159, 160]
[159, 194]
[167, 168]
[167, 133]
[168, 169]
[168, 134]
[169, 170]
[169, 135]
[170, 206]
[175, 211]
[180, 146]
[182, 183]
[183, 219]
[186, 152]
[186, 222]
[186, 221]
[190, 191]
[190, 156]
[190, 226]
[191, 192]
[191, 157]
[191, 226]
[192, 193]
[192, 228]
[193, 194]
[193, 159]
[193, 229]
[193, 228]
[194, 160]
[194, 229]
[197, 232]
[199, 235]
[201, 167]
[201, 237]
[206, 207]
[206, 242]
[207, 208]
[207, 242]
[208, 244]
[211, 177]
[214, 180]
[219, 220]
[220, 221]
[220, 186]
[221, 222]
[222, 223]
[223, 224]
[224, 190]
[226, 192]
[228, 229]
[228, 194]
[235, 201]
[242, 208]
