[1, 2]
[1, 37]
[2, 3]
[2, 37]
[5, 40]
[7, 8]
[7, 43]
[8, 43]
[14, 49]
[18, 53]
[21, 56]
[25, 61]
[25, 60]
[31, 32]
[31, 67]
[32, 68]
[32, 67]
[34, 69]
[35, 1]
[35, 70]
[37, 3]
[37, 72]
[40, 75]
[43, 79]
[45, 81]
[49, 85]
[49, 84]
[51, 52]
[52, 53]
[52, 18]
[53, 89]
[55, 56]
[55, 21]
[59, 60]
[59, 25]
[59, 95]
[60, 61]
[60, 96]
[60, 95]
[61, 97]
[61, 96]
[67, 68]
[67, 103]
[68, 69]
[68, 34]
[68, 103]
[70, 106]
[75, 110]
[77, 43]
[77, 113]
[79, 45]
[79, 115]
[79, 114]
[84, 85]
[84, 120]
[85, 51]
[85, 121]
[85, 120]
[89, 55]
[89, 125]
[93, 59]
[95, 96]
[95, 61]
[95, 131]
[96, 97]
[96, 131]
[97, 98]
[100, 101]
[100, 136]
[100, 135]
[101, 67]
[101, 137]
[101, 136]
[103, 69]
[103, 139]
[103, 138]
[106, 72]
[106, 141]
[109, 110]
[109, 75]
[109, 144]
[110, 146]
[113, 114]
[113, 79]
[113, 149]
[114, 115]
[114, 150]
[114, 149]
[115, 81]
[115, 150]
[120, 121]
[120, 155]
[123, 89]
[123, 158]
[125, 126]
[126, 127]
[127, 93]
[131, 97]
[131, 167]
[135, 136]
[135, 101]
[136, 137]
[137, 138]
[137, 103]
[137, 173]
[138, 139]
[138, 173]
[140, 141]
[140, 106]
[140, 176]
[141, 176]
[143, 144]
[143, 109]
[143, 179]
[144, 110]
[144, 180]
[144, 179]
[146, 147]
[147, 113]
[149, 150]
[149, 115]
[150, 186]
[155, 121]
[155, 190]
[158, 193]
[164, 165]
[164, 199]
[165, 131]
[173, 139]
[173, 209]
[176, 212]
[179, 180]
[179, 214]
[180, 146]
[186, 222]
[189, 190]
[189, 155]
[196, 197]
[196, 232]
[197, 198]
[197, 232]
[198, 199]
[198, 164]
[199, 165]
[199, 235]
[209, 244]
[212, 213]
[213, 214]
[213, 179]
[214, 180]
[232, 198]
[239, 205]
