[0, 1]
[0, 35]
[1, 37]
[3, 38]
[5, 41]
[7, 8]
[8, 44]
[12, 48]
[16, 51]
[18, 19]
[18, 54]
[18, 53]
[19, 54]
[22, 57]
[25, 61]
[25, 60]
[27, 28]
[27, 63]
[27, 62]
[28, 29]
[28, 63]
[29, 30]
[30, 66]
[32, 67]
[34, 69]
[35, 1]
[37, 38]
[37, 3]
[37, 73]
[38, 73]
[41, 7]
[41, 77]
[41, 76]
[44, 10]
[44, 79]
[48, 14]
[48, 84]
[53, 54]
[53, 19]
[53, 89]
[53, 88]
[54, 90]
[54, 89]
[57, 92]
[59, 60]
[59, 25]
[59, 95]
[60, 61]
[60, 96]
[60, 95]
[61, 62]
[61, 27]
[61, 96]
[62, 63]
[62, 28]
[63, 29]
[66, 67]
[66, 32]
[73, 109]
[73, 108]
[75, 76]
[75, 41]
[75, 111]
[76, 77]
[76, 112]
[76, 111]
[77, 78]
[77, 112]
[78, 79]
[78, 44]
[79, 115]
[81, 82]
[81, 117]
[82, 48]
[82, 118]
[82, 117]
[84, 85]
[85, 51]
[88, 89]
[88, 54]
[89, 90]
[95, 96]
[95, 61]
[95, 130]
[96, 62]
[107, 108]
[107, 73]
[107, 143]
[108, 109]
[108, 143]
[109, 75]
[111, 112]
[111, 77]
[111, 146]
[112, 78]
[112, 148]
[115, 81]
[115, 151]
[117, 118]
[117, 152]
[118, 84]
[118, 154]
[130, 96]
[130, 166]
[134, 169]
[136, 137]
[136, 172]
[137, 172]
[143, 109]
[143, 178]
[146, 112]
[146, 181]
[148, 149]
[149, 115]
[149, 185]
[151, 152]
[151, 117]
[152, 118]
[152, 188]
[156, 192]
[156, 191]
[159, 195]
[161, 197]
[163, 199]
[166, 202]
[168, 169]
[168, 134]
[172, 208]
[176, 211]
[178, 214]
[178, 213]
[185, 151]
[185, 221]
[188, 154]
[188, 224]
[188, 223]
[191, 192]
[191, 227]
[192, 193]
[192, 227]
[193, 159]
[195, 161]
[195, 231]
[197, 163]
[197, 232]
[199, 235]
[199, 234]
[202, 168]
[202, 238]
[206, 172]
[208, 244]
[213, 214]
[214, 215]
[215, 181]
[223, 224]
[224, 225]
[225, 191]
[227, 193]
[231, 232]
[231, 197]
[234, 235]
[238, 239]
