[0, 1]
[0, 35]
[3, 39]
[6, 41]
[9, 44]
[11, 12]
[11, 46]
[12, 48]
[16, 17]
[24, 25]
[25, 26]
[25, 61]
[26, 61]
[30, 66]
[32, 67]
[35, 1]
[35, 70]
[39, 74]
[41, 77]
[43, 44]
[43, 9]
[43, 79]
[44, 80]
[44, 79]
[46, 12]
[46, 82]
[46, 81]
[48, 83]
[56, 57]
[61, 97]
[66, 67]
[66, 32]
[66, 102]
[66, 101]
[67, 103]
[67, 102]
[70, 106]
[70, 105]
[74, 109]
[77, 43]
[77, 113]
[77, 112]
[79, 80]
[79, 115]
[79, 114]
[80, 81]
[80, 46]
[80, 115]
[81, 82]
[81, 117]
[82, 83]
[82, 48]
[82, 118]
[82, 117]
[83, 119]
[83, 118]
[86, 122]
[86, 121]
[94, 130]
[100, 101]
[100, 66]
[101, 102]
[101, 67]
[101, 137]
[102, 103]
[102, 138]
[102, 137]
[103, 138]
[105, 106]
[105, 141]
[105, 140]
[106, 72]
[106, 142]
[106, 141]
[109, 144]
[111, 112]
[111, 77]
[111, 147]
[112, 113]
[112, 148]
[112, 147]
[113, 114]
[113, 79]
[113, 148]
[114, 115]
[114, 80]
[115, 81]
[117, 118]
[117, 83]
[118, 119]
[119, 120]
[119, 155]
[120, 121]
[120, 86]
[120, 155]
[121, 122]
[121, 157]
[122, 157]
[125, 126]
[126, 127]
[130, 166]
[137, 138]
[137, 103]
[137, 173]
[137, 172]
[138, 174]
[138, 173]
[140, 141]
[140, 106]
[140, 176]
[141, 142]
[141, 177]
[141, 176]
[142, 178]
[142, 177]
[147, 148]
[147, 113]
[147, 183]
[147, 182]
[148, 114]
[148, 183]
[155, 121]
[155, 190]
[159, 125]
[172, 173]
[172, 138]
[173, 174]
[176, 177]
[176, 142]
[177, 178]
[177, 213]
[178, 144]
[178, 213]
[182, 183]
[182, 148]
[182, 218]
[183, 219]
[183, 218]
[190, 226]
[199, 235]
[218, 219]
[219, 220]
[220, 186]
[224, 190]
[226, 227]
[227, 228]
[233, 199]
