[5, 6]
[5, 41]
[5, 40]
[6, 7]
[6, 42]
[6, 41]
[7, 42]
[9, 10]
[9, 45]
[10, 11]
[10, 46]
[10, 45]
[11, 46]
[17, 53]
[21, 22]
[21, 56]
[22, 23]
[22, 58]
[23, 24]
[23, 58]
[24, 25]
[24, 60]
[25, 60]
[31, 32]
[31, 67]
[31, 66]
[32, 33]
[32, 68]
[32, 67]
[33, 34]
[33, 68]
[40, 41]
[40, 6]
[40, 76]
[40, 75]
[41, 42]
[41, 7]
[41, 76]
[45, 46]
[45, 11]
[45, 80]
[53, 54]
[53, 89]
[54, 55]
[54, 89]
[55, 56]
[55, 21]
[55, 91]
[56, 22]
[56, 91]
[58, 24]
[60, 95]
[62, 63]
[65, 66]
[65, 31]
[66, 67]
[66, 32]
[67, 68]
[67, 33]
[68, 34]
[68, 104]
[73, 74]
[74, 75]
[74, 40]
[75, 76]
[75, 41]
[75, 111]
[76, 42]
[76, 111]
[80, 46]
[85, 86]
[85, 120]
[86, 122]
[89, 55]
[95, 130]
[106, 142]
[111, 147]
[113, 148]
[117, 153]
[119, 120]
[119, 85]
[120, 86]
[122, 158]
[122, 157]
[129, 130]
[129, 95]
[129, 165]
[129, 164]
[130, 166]
[130, 165]
[135, 136]
[136, 137]
[136, 172]
[137, 173]
[137, 172]
[140, 106]
[142, 178]
[147, 148]
[147, 113]
[147, 183]
[148, 184]
[148, 183]
[153, 119]
[157, 158]
[157, 192]
[158, 159]
[158, 194]
[159, 195]
[159, 194]
[161, 162]
[161, 196]
[162, 163]
[163, 164]
[163, 129]
[163, 199]
[164, 165]
[164, 130]
[164, 200]
[164, 199]
[165, 166]
[165, 200]
[166, 202]
[172, 173]
[173, 174]
[178, 213]
[183, 184]
[183, 218]
[184, 220]
[192, 158]
[192, 227]
[194, 195]
[195, 196]
[195, 161]
[196, 162]
[196, 232]
[199, 200]
[199, 165]
[199, 235]
[199, 234]
[200, 166]
[200, 235]
[204, 205]
[210, 211]
[211, 212]
[212, 213]
[212, 178]
[218, 184]
[223, 224]
[232, 233]
[233, 234]
[233, 199]
[234, 235]
[234, 200]
