[3, 4]
[3, 39]
[3, 38]
[4, 39]
[10, 11]
[10, 46]
[10, 45]
[11, 47]
[11, 46]
[14, 50]
[17, 53]
[19, 20]
[19, 55]
[19, 54]
[20, 56]
[20, 55]
[27, 28]
[27, 63]
[28, 29]
[28, 64]
[28, 63]
[29, 65]
[29, 64]
[31, 66]
[36, 37]
[36, 71]
[37, 38]
[37, 3]
[37, 73]
[38, 39]
[38, 4]
[38, 74]
[38, 73]
[39, 75]
[39, 74]
[45, 46]
[45, 11]
[45, 80]
[46, 47]
[47, 83]
[50, 51]
[51, 17]
[51, 87]
[53, 54]
[53, 19]
[53, 88]
[54, 55]
[54, 20]
[54, 90]
[55, 56]
[55, 90]
[56, 92]
[63, 64]
[63, 29]
[63, 98]
[64, 65]
[64, 100]
[65, 66]
[65, 31]
[65, 101]
[65, 100]
[66, 101]
[68, 34]
[68, 104]
[68, 103]
[70, 71]
[70, 36]
[71, 37]
[73, 74]
[73, 39]
[74, 75]
[77, 43]
[80, 46]
[80, 115]
[83, 118]
[87, 88]
[87, 53]
[88, 54]
[88, 124]
[90, 56]
[92, 93]
[92, 128]
[92, 127]
[93, 94]
[93, 129]
[93, 128]
[94, 95]
[94, 130]
[94, 129]
[95, 130]
[97, 98]
[97, 63]
[98, 64]
[98, 134]
[100, 101]
[100, 66]
[100, 136]
[100, 135]
[101, 136]
[103, 104]
[114, 115]
[114, 80]
[114, 150]
[115, 151]
[115, 150]
[120, 121]
[120, 156]
[121, 87]
[121, 157]
[121, 156]
[124, 90]
[124, 159]
[127, 128]
[127, 93]
[128, 129]
[128, 94]
[129, 130]
[129, 95]
[134, 135]
[134, 100]
[134, 169]
[135, 136]
[135, 101]
[140, 141]
[140, 176]
[141, 142]
[141, 176]
[142, 143]
[143, 144]
[146, 147]
[146, 182]
[147, 148]
[147, 182]
[148, 114]
[150, 151]
[150, 185]
[151, 152]
[152, 118]
[156, 157]
[156, 192]
[156, 191]
[157, 158]
[157, 193]
[157, 192]
[158, 159]
[158, 124]
[158, 194]
[158, 193]
[159, 194]
[161, 127]
[161, 196]
[169, 135]
[169, 205]
[176, 142]
[176, 211]
[182, 148]
[185, 151]
[185, 221]
[191, 192]
[191, 157]
[191, 227]
[192, 193]
[192, 158]
[192, 227]
[193, 194]
[193, 159]
[196, 232]
[202, 203]
[202, 238]
[203, 169]
[203, 239]
[203, 238]
[205, 206]
[205, 241]
[206, 207]
[206, 241]
[207, 208]
[208, 209]
[208, 244]
[209, 244]
[213, 214]
[214, 215]
[224, 225]
[225, 191]
[227, 193]
[232, 233]
[233, 234]
[238, 239]
[239, 205]
[241, 207]
