[1, 2]
[1, 37]
[1, 36]
[2, 3]
[2, 37]
[3, 4]
[3, 39]
[4, 5]
[4, 39]
[5, 6]
[5, 41]
[6, 42]
[6, 41]
[10, 46]
[12, 13]
[13, 14]
[13, 49]
[14, 15]
[14, 49]
[22, 23]
[23, 59]
[27, 28]
[28, 64]
[33, 34]
[33, 69]
[34, 69]
[35, 36]
[35, 1]
[35, 71]
[36, 37]
[36, 2]
[36, 71]
[37, 3]
[39, 5]
[39, 75]
[41, 42]
[41, 76]
[42, 8]
[46, 12]
[49, 15]
[49, 85]
[49, 84]
[59, 95]
[61, 27]
[61, 97]
[61, 96]
[64, 99]
[67, 33]
[71, 37]
[71, 106]
[75, 76]
[75, 41]
[75, 111]
[76, 42]
[76, 112]
[76, 111]
[84, 85]
[84, 120]
[85, 121]
[85, 120]
[92, 128]
[95, 96]
[95, 61]
[96, 97]
[96, 132]
[97, 133]
[97, 132]
[101, 67]
[101, 137]
[106, 142]
[111, 112]
[112, 113]
[115, 150]
[120, 121]
[125, 126]
[125, 161]
[125, 160]
[126, 92]
[126, 161]
[132, 133]
[132, 168]
[132, 167]
[133, 99]
[133, 168]
[137, 173]
[142, 178]
[144, 179]
[160, 161]
[160, 126]
[161, 197]
[167, 168]
[167, 133]
[167, 203]
[168, 203]
[171, 137]
[171, 207]
[173, 174]
[175, 176]
[175, 211]
[176, 142]
[176, 211]
[178, 179]
[178, 144]
[178, 214]
[178, 213]
[179, 215]
[179, 214]
[183, 184]
[183, 219]
[184, 150]
[184, 219]
[187, 222]
[194, 160]
[197, 233]
[197, 232]
[201, 167]
[201, 237]
[203, 239]
[205, 171]
[207, 173]
[207, 242]
[213, 214]
[213, 179]
[214, 215]
[215, 216]
[221, 222]
[221, 187]
[228, 194]
[232, 233]
[237, 203]
[239, 205]
