[1, 2]
[1, 36]
[2, 3]
[6, 41]
[8, 9]
[8, 43]
[9, 10]
[10, 11]
[16, 51]
[20, 56]
[23, 59]
[26, 62]
[26, 61]
[36, 2]
[36, 71]
[40, 41]
[40, 6]
[43, 9]
[48, 84]
[48, 83]
[51, 87]
[56, 57]
[56, 92]
[56, 91]
[57, 23]
[57, 93]
[57, 92]
[59, 60]
[59, 95]
[59, 94]
[60, 61]
[60, 26]
[60, 95]
[61, 62]
[64, 100]
[64, 99]
[70, 71]
[70, 36]
[82, 83]
[82, 48]
[83, 84]
[84, 85]
[84, 120]
[85, 51]
[85, 120]
[87, 53]
[90, 91]
[90, 56]
[90, 126]
[91, 92]
[91, 57]
[91, 127]
[91, 126]
[92, 93]
[92, 127]
[93, 94]
[93, 59]
[94, 95]
[94, 60]
[95, 61]
[99, 100]
[108, 109]
[109, 145]
[116, 82]
[116, 151]
[124, 90]
[126, 127]
[126, 92]
[126, 162]
[126, 161]
[127, 93]
[127, 163]
[127, 162]
[145, 146]
[145, 180]
[146, 182]
[148, 114]
[148, 183]
[151, 186]
[161, 162]
[161, 127]
[162, 163]
[166, 167]
[166, 201]
[167, 203]
[180, 146]
[180, 216]
[180, 215]
[182, 183]
[182, 148]
[186, 221]
[192, 193]
[192, 227]
[193, 194]
[193, 229]
[194, 195]
[194, 229]
[195, 161]
[201, 167]
[215, 216]
[216, 182]
[220, 221]
[220, 186]
[227, 193]
[229, 195]
[232, 233]
[243, 244]
