[6, 42]
[6, 41]
[8, 44]
[8, 43]
[11, 12]
[12, 13]
[13, 14]
[14, 15]
[14, 50]
[15, 50]
[18, 54]
[29, 30]
[29, 65]
[29, 64]
[30, 31]
[30, 65]
[33, 34]
[33, 69]
[33, 68]
[34, 69]
[36, 37]
[36, 72]
[37, 38]
[37, 72]
[38, 4]
[41, 42]
[41, 76]
[42, 43]
[42, 8]
[43, 44]
[44, 80]
[50, 85]
[54, 20]
[54, 89]
[64, 65]
[64, 30]
[64, 99]
[65, 31]
[65, 101]
[68, 69]
[68, 34]
[72, 38]
[75, 76]
[75, 41]
[75, 111]
[76, 42]
[76, 112]
[76, 111]
[80, 81]
[81, 82]
[81, 117]
[82, 83]
[82, 117]
[83, 119]
[85, 120]
[89, 124]
[93, 129]
[95, 131]
[97, 98]
[97, 133]
[97, 132]
[98, 99]
[98, 64]
[98, 134]
[98, 133]
[99, 65]
[99, 134]
[101, 102]
[101, 137]
[102, 68]
[102, 137]
[105, 106]
[106, 72]
[106, 142]
[109, 75]
[109, 145]
[111, 112]
[111, 146]
[112, 148]
[114, 80]
[117, 83]
[119, 120]
[119, 85]
[119, 154]
[124, 159]
[129, 95]
[131, 132]
[131, 97]
[132, 133]
[132, 98]
[133, 134]
[133, 99]
[133, 169]
[134, 169]
[137, 173]
[137, 172]
[142, 178]
[142, 177]
[145, 146]
[145, 111]
[145, 181]
[146, 112]
[146, 182]
[146, 181]
[148, 114]
[148, 184]
[148, 183]
[154, 120]
[154, 190]
[161, 162]
[161, 197]
[161, 196]
[162, 163]
[162, 197]
[163, 129]
[163, 199]
[172, 173]
[173, 139]
[177, 178]
[177, 212]
[178, 179]
[179, 145]
[179, 215]
[181, 182]
[181, 217]
[182, 183]
[182, 148]
[182, 217]
[183, 184]
[183, 219]
[184, 220]
[184, 219]
[190, 226]
[196, 197]
[196, 162]
[196, 231]
[197, 163]
[197, 233]
[199, 200]
[199, 235]
[200, 235]
[202, 238]
[206, 172]
[206, 242]
[211, 212]
[211, 177]
[212, 178]
[215, 181]
[217, 183]
[219, 220]
[220, 221]
[221, 222]
[226, 192]
[231, 197]
[233, 199]
