[0, 1]
[0, 36]
[1, 2]
[1, 36]
[2, 3]
[2, 38]
[3, 38]
[5, 6]
[8, 44]
[24, 25]
[24, 60]
[25, 26]
[25, 60]
[26, 62]
[36, 2]
[36, 71]
[38, 73]
[44, 45]
[44, 79]
[45, 11]
[50, 51]
[50, 85]
[51, 52]
[52, 53]
[53, 54]
[60, 26]
[62, 63]
[62, 98]
[63, 64]
[63, 98]
[64, 30]
[64, 100]
[70, 71]
[70, 36]
[73, 109]
[78, 79]
[78, 44]
[78, 113]
[79, 45]
[82, 48]
[82, 117]
[85, 51]
[85, 121]
[92, 127]
[98, 64]
[109, 110]
[109, 144]
[110, 146]
[112, 113]
[112, 78]
[113, 79]
[116, 117]
[116, 82]
[116, 152]
[116, 151]
[117, 152]
[121, 122]
[122, 158]
[143, 144]
[143, 109]
[143, 178]
[144, 110]
[146, 112]
[146, 182]
[146, 181]
[150, 151]
[150, 116]
[150, 185]
[151, 152]
[151, 117]
[151, 187]
[152, 187]
[154, 155]
[155, 121]
[158, 193]
[166, 167]
[166, 202]
[166, 201]
[167, 203]
[167, 202]
[170, 205]
[172, 207]
[178, 144]
[178, 213]
[181, 182]
[181, 216]
[184, 185]
[184, 150]
[184, 220]
[185, 151]
[185, 220]
[187, 222]
[193, 229]
[198, 164]
[198, 233]
[201, 202]
[201, 167]
[201, 237]
[202, 203]
[202, 237]
[203, 204]
[204, 205]
[204, 170]
[207, 242]
[216, 182]
[237, 203]
