[2, 3]
[2, 38]
[3, 4]
[3, 39]
[3, 38]
[4, 39]
[7, 43]
[7, 42]
[9, 10]
[10, 11]
[10, 46]
[11, 46]
[14, 50]
[14, 49]
[16, 51]
[19, 20]
[19, 54]
[20, 21]
[20, 56]
[21, 56]
[24, 60]
[28, 29]
[28, 64]
[29, 65]
[29, 64]
[31, 32]
[32, 68]
[38, 39]
[38, 4]
[41, 42]
[41, 7]
[41, 77]
[42, 43]
[42, 77]
[43, 9]
[46, 82]
[48, 49]
[48, 14]
[49, 50]
[49, 85]
[50, 51]
[50, 16]
[50, 85]
[53, 54]
[53, 19]
[53, 89]
[54, 20]
[54, 89]
[56, 92]
[56, 91]
[58, 24]
[58, 94]
[62, 28]
[62, 97]
[64, 65]
[64, 99]
[65, 31]
[68, 69]
[68, 104]
[68, 103]
[69, 104]
[72, 38]
[72, 108]
[72, 107]
[77, 43]
[80, 46]
[82, 48]
[82, 117]
[85, 51]
[85, 120]
[89, 125]
[91, 92]
[92, 58]
[92, 128]
[94, 60]
[99, 65]
[99, 135]
[103, 104]
[103, 69]
[103, 139]
[103, 138]
[104, 139]
[107, 108]
[107, 143]
[108, 144]
[108, 143]
[111, 77]
[111, 147]
[111, 146]
[114, 80]
[117, 153]
[117, 152]
[122, 157]
[125, 91]
[128, 94]
[128, 164]
[135, 136]
[138, 139]
[138, 104]
[138, 174]
[138, 173]
[139, 174]
[140, 141]
[140, 175]
[141, 107]
[141, 177]
[143, 144]
[144, 145]
[145, 146]
[145, 111]
[146, 147]
[147, 148]
[148, 114]
[152, 153]
[153, 189]
[157, 193]
[157, 192]
[159, 125]
[159, 194]
[164, 199]
[166, 167]
[166, 201]
[167, 168]
[167, 203]
[168, 203]
[173, 174]
[173, 139]
[173, 209]
[174, 209]
[175, 141]
[175, 211]
[177, 143]
[189, 190]
[190, 226]
[192, 193]
[192, 227]
[193, 194]
[193, 159]
[194, 230]
[196, 232]
[196, 231]
[198, 199]
[198, 164]
[198, 234]
[199, 235]
[199, 234]
[201, 167]
[201, 237]
[201, 236]
[203, 238]
[205, 240]
[207, 173]
[207, 242]
[209, 244]
[211, 177]
[220, 221]
[226, 227]
[226, 192]
[227, 193]
[230, 231]
[230, 196]
[231, 232]
[232, 198]
[234, 235]
[235, 236]
[235, 201]
[236, 237]
[237, 238]
[237, 203]
