[6, 7]
[6, 42]
[7, 42]
[9, 10]
[9, 45]
[10, 45]
[16, 52]
[16, 51]
[20, 21]
[28, 64]
[31, 32]
[31, 67]
[31, 66]
[32, 33]
[32, 67]
[42, 78]
[42, 77]
[45, 80]
[51, 52]
[51, 86]
[52, 88]
[58, 94]
[64, 65]
[65, 66]
[65, 31]
[66, 67]
[66, 32]
[66, 102]
[67, 33]
[67, 102]
[71, 37]
[74, 109]
[77, 78]
[77, 113]
[77, 112]
[78, 79]
[78, 113]
[79, 80]
[79, 45]
[79, 115]
[80, 115]
[82, 83]
[82, 118]
[83, 84]
[83, 118]
[84, 85]
[84, 120]
[85, 86]
[85, 51]
[85, 120]
[86, 52]
[88, 89]
[89, 90]
[90, 91]
[90, 126]
[91, 92]
[91, 126]
[92, 58]
[94, 130]
[96, 132]
[109, 145]
[112, 113]
[112, 78]
[112, 147]
[113, 79]
[113, 149]
[115, 150]
[118, 84]
[118, 154]
[120, 86]
[126, 92]
[126, 162]
[130, 96]
[130, 165]
[132, 133]
[132, 167]
[133, 134]
[133, 169]
[134, 169]
[140, 141]
[141, 177]
[143, 109]
[143, 179]
[143, 178]
[145, 146]
[145, 181]
[146, 147]
[146, 112]
[146, 181]
[147, 113]
[149, 150]
[149, 115]
[149, 184]
[152, 118]
[152, 188]
[154, 120]
[154, 189]
[157, 192]
[162, 197]
[164, 165]
[164, 130]
[164, 199]
[167, 133]
[169, 204]
[177, 178]
[177, 143]
[178, 179]
[178, 214]
[179, 145]
[179, 215]
[179, 214]
[181, 147]
[184, 150]
[184, 220]
[184, 219]
[188, 189]
[188, 154]
[188, 224]
[189, 224]
[191, 192]
[191, 157]
[197, 233]
[199, 165]
[199, 235]
[199, 234]
[204, 239]
[206, 242]
[211, 177]
[214, 215]
[215, 181]
[218, 219]
[218, 184]
[219, 220]
[233, 234]
[233, 199]
[234, 235]
