[3, 4]
[3, 39]
[4, 39]
[7, 8]
[7, 42]
[8, 44]
[10, 45]
[17, 18]
[17, 53]
[17, 52]
[18, 53]
[24, 25]
[24, 60]
[24, 59]
[25, 26]
[25, 61]
[25, 60]
[26, 61]
[28, 29]
[28, 63]
[29, 30]
[37, 3]
[39, 75]
[39, 74]
[41, 42]
[41, 7]
[42, 8]
[42, 78]
[44, 45]
[44, 10]
[44, 79]
[49, 15]
[49, 84]
[52, 53]
[52, 18]
[52, 88]
[53, 89]
[53, 88]
[56, 22]
[56, 91]
[59, 60]
[59, 25]
[60, 61]
[60, 26]
[63, 29]
[67, 103]
[70, 71]
[70, 106]
[70, 105]
[71, 37]
[71, 106]
[74, 75]
[74, 110]
[75, 41]
[75, 110]
[78, 79]
[78, 44]
[78, 114]
[78, 113]
[79, 45]
[79, 115]
[79, 114]
[88, 89]
[91, 127]
[91, 126]
[103, 69]
[103, 139]
[105, 106]
[105, 71]
[108, 74]
[108, 144]
[110, 146]
[112, 113]
[112, 78]
[112, 148]
[113, 114]
[113, 79]
[113, 148]
[114, 115]
[115, 116]
[116, 117]
[116, 152]
[117, 118]
[117, 152]
[118, 84]
[126, 127]
[135, 171]
[135, 170]
[144, 110]
[146, 112]
[146, 182]
[148, 114]
[152, 118]
[155, 156]
[167, 168]
[167, 203]
[167, 202]
[168, 169]
[168, 203]
[169, 170]
[169, 135]
[170, 171]
[171, 207]
[173, 139]
[182, 148]
[193, 229]
[196, 197]
[196, 231]
[199, 234]
[202, 203]
[202, 168]
[203, 169]
[207, 173]
[213, 214]
[214, 215]
[229, 230]
[230, 231]
[230, 196]
[231, 197]
