[1, 2]
[1, 36]
[2, 3]
[3, 4]
[9, 10]
[9, 44]
[10, 46]
[12, 47]
[14, 15]
[14, 50]
[15, 51]
[15, 50]
[19, 20]
[19, 55]
[19, 54]
[20, 55]
[25, 26]
[25, 60]
[26, 62]
[30, 31]
[30, 66]
[30, 65]
[31, 66]
[33, 34]
[36, 2]
[36, 72]
[36, 71]
[44, 10]
[44, 79]
[46, 47]
[46, 12]
[50, 51]
[50, 86]
[50, 85]
[51, 87]
[51, 86]
[54, 55]
[54, 20]
[54, 90]
[55, 90]
[58, 93]
[60, 26]
[62, 63]
[62, 98]
[62, 97]
[63, 98]
[65, 66]
[65, 31]
[65, 101]
[65, 100]
[66, 101]
[71, 72]
[71, 106]
[72, 73]
[85, 86]
[85, 51]
[85, 120]
[86, 87]
[87, 123]
[90, 125]
[92, 93]
[92, 58]
[92, 127]
[93, 129]
[97, 98]
[97, 63]
[97, 133]
[98, 133]
[100, 101]
[100, 66]
[100, 136]
[101, 137]
[101, 136]
[106, 72]
[106, 142]
[112, 113]
[113, 79]
[119, 120]
[119, 85]
[120, 86]
[120, 156]
[127, 93]
[127, 163]
[127, 162]
[129, 164]
[133, 169]
[136, 137]
[136, 172]
[136, 171]
[137, 172]
[142, 143]
[142, 177]
[156, 192]
[162, 163]
[162, 198]
[163, 164]
[163, 129]
[163, 198]
[164, 200]
[166, 202]
[166, 201]
[169, 204]
[171, 172]
[171, 137]
[172, 208]
[177, 143]
[177, 212]
[182, 183]
[182, 218]
[183, 184]
[183, 219]
[183, 218]
[184, 219]
[189, 190]
[189, 225]
[189, 224]
[190, 156]
[190, 225]
[195, 196]
[195, 231]
[195, 230]
[196, 162]
[196, 231]
[198, 164]
[198, 234]
[200, 201]
[200, 166]
[200, 235]
[201, 202]
[201, 237]
[202, 237]
[204, 240]
[208, 243]
[214, 215]
[215, 216]
[216, 182]
[218, 219]
[218, 184]
[223, 224]
[223, 189]
[224, 225]
[224, 190]
[229, 230]
[229, 195]
[230, 231]
[230, 196]
[234, 235]
[234, 200]
[235, 201]
