[0, 1]
[0, 36]
[1, 2]
[1, 36]
[5, 6]
[6, 7]
[12, 47]
[18, 54]
[18, 53]
[20, 21]
[20, 56]
[21, 56]
[26, 27]
[26, 62]
[27, 62]
[36, 2]
[36, 72]
[46, 47]
[46, 12]
[46, 81]
[49, 15]
[53, 54]
[53, 89]
[54, 20]
[54, 89]
[64, 99]
[68, 104]
[68, 103]
[70, 36]
[70, 105]
[72, 108]
[77, 113]
[80, 81]
[80, 46]
[81, 47]
[87, 53]
[87, 123]
[89, 125]
[94, 95]
[95, 131]
[101, 137]
[103, 104]
[103, 139]
[104, 139]
[108, 74]
[108, 143]
[113, 149]
[113, 148]
[123, 89]
[125, 126]
[126, 127]
[127, 128]
[128, 94]
[137, 103]
[137, 173]
[137, 172]
[143, 179]
[145, 146]
[145, 180]
[146, 182]
[148, 149]
[148, 184]
[148, 183]
[149, 150]
[149, 185]
[149, 184]
[150, 185]
[156, 157]
[156, 192]
[156, 191]
[157, 123]
[157, 192]
[170, 206]
[170, 205]
[172, 173]
[172, 208]
[173, 139]
[173, 209]
[173, 208]
[177, 143]
[177, 212]
[179, 180]
[179, 145]
[179, 215]
[179, 214]
[180, 146]
[180, 215]
[182, 183]
[182, 148]
[183, 184]
[183, 149]
[184, 185]
[184, 150]
[189, 190]
[190, 191]
[190, 156]
[191, 192]
[191, 157]
[191, 227]
[192, 227]
[194, 229]
[196, 232]
[198, 234]
[205, 206]
[206, 172]
[206, 242]
[208, 209]
[208, 244]
[208, 243]
[209, 244]
[214, 215]
[214, 180]
[223, 189]
[232, 198]
[234, 235]
[237, 238]
[242, 243]
[242, 208]
[243, 244]
[243, 209]
