[1, 2]
[1, 37]
[2, 3]
[2, 38]
[2, 37]
[3, 4]
[3, 39]
[3, 38]
[4, 5]
[4, 39]
[5, 41]
[8, 44]
[10, 11]
[10, 45]
[17, 52]
[19, 55]
[23, 58]
[27, 28]
[27, 63]
[28, 29]
[28, 63]
[33, 34]
[33, 69]
[33, 68]
[34, 69]
[37, 38]
[37, 3]
[37, 73]
[38, 39]
[38, 4]
[38, 74]
[38, 73]
[39, 5]
[39, 74]
[41, 42]
[41, 76]
[42, 8]
[44, 45]
[44, 10]
[45, 11]
[45, 81]
[49, 50]
[49, 85]
[49, 84]
[50, 86]
[50, 85]
[55, 91]
[55, 90]
[58, 94]
[58, 93]
[63, 29]
[63, 99]
[68, 69]
[68, 34]
[68, 103]
[70, 71]
[70, 105]
[71, 37]
[71, 107]
[73, 74]
[73, 39]
[73, 109]
[73, 108]
[74, 109]
[76, 42]
[76, 112]
[84, 85]
[84, 50]
[85, 86]
[86, 52]
[89, 90]
[89, 55]
[89, 124]
[90, 91]
[90, 126]
[91, 126]
[93, 94]
[93, 128]
[94, 95]
[95, 131]
[99, 135]
[102, 103]
[102, 68]
[103, 69]
[103, 139]
[105, 71]
[107, 108]
[107, 73]
[108, 109]
[108, 74]
[109, 145]
[112, 113]
[112, 147]
[113, 114]
[114, 150]
[124, 90]
[126, 161]
[128, 94]
[128, 164]
[128, 163]
[131, 167]
[135, 136]
[136, 102]
[136, 172]
[145, 146]
[145, 180]
[146, 147]
[146, 112]
[146, 182]
[147, 113]
[147, 183]
[147, 182]
[155, 191]
[155, 190]
[158, 124]
[161, 197]
[161, 196]
[163, 164]
[164, 165]
[164, 200]
[165, 131]
[165, 201]
[165, 200]
[167, 168]
[176, 212]
[176, 211]
[180, 146]
[180, 216]
[180, 215]
[182, 183]
[182, 217]
[187, 188]
[187, 222]
[190, 191]
[195, 196]
[195, 161]
[195, 231]
[196, 197]
[196, 231]
[197, 163]
[200, 201]
[200, 236]
[201, 167]
[201, 236]
[205, 206]
[205, 241]
[205, 240]
[206, 172]
[206, 242]
[206, 241]
[210, 211]
[210, 176]
[211, 212]
[212, 178]
[215, 216]
[216, 217]
[216, 182]
[217, 183]
[220, 221]
[221, 222]
[221, 187]
[222, 188]
[231, 197]
[240, 241]
[240, 206]
[241, 242]
