[4, 40]
[4, 39]
[10, 45]
[16, 17]
[16, 52]
[16, 51]
[17, 18]
[17, 53]
[17, 52]
[18, 19]
[18, 53]
[19, 55]
[32, 68]
[36, 72]
[36, 71]
[38, 39]
[38, 4]
[38, 74]
[39, 40]
[39, 74]
[40, 41]
[40, 76]
[41, 42]
[41, 76]
[42, 43]
[43, 44]
[44, 45]
[44, 10]
[47, 13]
[47, 83]
[47, 82]
[50, 51]
[50, 16]
[50, 85]
[51, 52]
[51, 17]
[52, 53]
[52, 18]
[52, 88]
[53, 19]
[53, 88]
[55, 56]
[55, 91]
[55, 90]
[56, 22]
[56, 91]
[59, 94]
[63, 99]
[66, 32]
[68, 104]
[68, 103]
[71, 72]
[71, 107]
[72, 38]
[72, 107]
[74, 40]
[74, 110]
[76, 42]
[76, 112]
[82, 83]
[83, 84]
[83, 119]
[84, 85]
[84, 50]
[84, 119]
[85, 51]
[85, 121]
[90, 91]
[90, 56]
[93, 94]
[93, 59]
[93, 129]
[93, 128]
[94, 129]
[97, 63]
[97, 133]
[97, 132]
[99, 100]
[99, 135]
[99, 134]
[100, 66]
[100, 136]
[100, 135]
[103, 104]
[110, 76]
[112, 113]
[115, 116]
[116, 82]
[119, 85]
[119, 155]
[119, 154]
[128, 129]
[128, 94]
[128, 164]
[129, 164]
[131, 132]
[131, 97]
[132, 133]
[133, 134]
[133, 99]
[133, 169]
[134, 135]
[134, 100]
[134, 170]
[134, 169]
[135, 136]
[135, 170]
[136, 172]
[141, 107]
[141, 177]
[154, 155]
[155, 121]
[155, 191]
[159, 194]
[164, 199]
[169, 170]
[169, 135]
[170, 136]
[170, 206]
[172, 208]
[175, 141]
[175, 210]
[179, 214]
[182, 183]
[185, 186]
[188, 154]
[188, 224]
[188, 223]
[191, 226]
[193, 194]
[193, 159]
[193, 229]
[194, 230]
[194, 229]
[197, 232]
[201, 202]
[201, 237]
[201, 236]
[202, 203]
[202, 237]
[203, 169]
[203, 239]
[206, 172]
[206, 242]
[208, 243]
[223, 224]
[224, 225]
[225, 226]
[225, 191]
[229, 230]
[230, 231]
[231, 232]
[231, 197]
[236, 237]
[236, 202]
[237, 203]
[239, 240]
[240, 206]
[242, 243]
[242, 208]
