[0, 1]
[0, 36]
[1, 2]
[1, 37]
[1, 36]
[2, 37]
[4, 40]
[4, 39]
[6, 41]
[15, 16]
[15, 51]
[16, 51]
[24, 25]
[24, 60]
[24, 59]
[25, 60]
[32, 33]
[32, 68]
[32, 67]
[33, 68]
[36, 37]
[36, 2]
[36, 71]
[39, 40]
[39, 75]
[40, 41]
[40, 6]
[40, 75]
[44, 45]
[45, 81]
[47, 13]
[51, 87]
[53, 54]
[53, 88]
[54, 90]
[57, 93]
[57, 92]
[59, 60]
[59, 25]
[59, 95]
[60, 96]
[60, 95]
[67, 68]
[67, 33]
[67, 103]
[68, 103]
[71, 37]
[75, 41]
[81, 47]
[81, 117]
[81, 116]
[84, 85]
[84, 120]
[85, 51]
[85, 120]
[87, 88]
[87, 53]
[87, 123]
[87, 122]
[88, 54]
[88, 123]
[92, 93]
[92, 127]
[93, 59]
[95, 96]
[96, 62]
[96, 132]
[99, 100]
[99, 135]
[100, 135]
[103, 139]
[103, 138]
[116, 117]
[122, 123]
[122, 88]
[127, 93]
[132, 167]
[135, 171]
[135, 170]
[138, 139]
[140, 176]
[140, 175]
[142, 143]
[146, 182]
[146, 181]
[148, 149]
[149, 150]
[149, 185]
[150, 116]
[150, 185]
[167, 202]
[169, 170]
[169, 135]
[169, 205]
[170, 171]
[170, 205]
[171, 207]
[175, 176]
[175, 210]
[176, 142]
[176, 212]
[180, 181]
[180, 146]
[180, 215]
[181, 182]
[182, 148]
[182, 218]
[185, 221]
[185, 220]
[187, 188]
[187, 223]
[187, 222]
[188, 189]
[188, 224]
[188, 223]
[189, 190]
[189, 224]
[190, 191]
[190, 226]
[191, 227]
[191, 226]
[195, 230]
[202, 238]
[205, 171]
[205, 240]
[207, 208]
[207, 243]
[207, 242]
[208, 244]
[208, 243]
[210, 176]
[215, 181]
[218, 219]
[219, 220]
[219, 185]
[220, 221]
[221, 222]
[221, 187]
[222, 223]
[222, 188]
[223, 224]
[223, 189]
[224, 190]
[226, 227]
[232, 233]
[233, 234]
[242, 243]
[242, 208]
[243, 244]
