[10, 11]
[10, 45]
[13, 49]
[32, 67]
[36, 71]
[38, 4]
[38, 74]
[45, 11]
[49, 84]
[55, 90]
[57, 58]
[58, 94]
[63, 29]
[63, 99]
[63, 98]
[66, 67]
[66, 32]
[71, 107]
[74, 75]
[74, 109]
[75, 76]
[76, 77]
[76, 112]
[77, 78]
[77, 112]
[78, 114]
[83, 84]
[83, 49]
[83, 119]
[83, 118]
[84, 120]
[84, 119]
[89, 90]
[89, 55]
[96, 97]
[96, 132]
[96, 131]
[97, 98]
[97, 63]
[97, 133]
[97, 132]
[98, 99]
[98, 133]
[107, 143]
[107, 142]
[109, 75]
[109, 145]
[112, 78]
[112, 147]
[117, 118]
[117, 83]
[117, 153]
[117, 152]
[118, 119]
[118, 84]
[118, 153]
[119, 120]
[131, 132]
[131, 97]
[132, 133]
[132, 98]
[133, 99]
[133, 169]
[136, 172]
[138, 104]
[138, 174]
[138, 173]
[140, 141]
[140, 176]
[140, 175]
[141, 142]
[141, 107]
[141, 176]
[142, 143]
[142, 178]
[143, 109]
[143, 179]
[143, 178]
[145, 181]
[147, 183]
[152, 153]
[152, 118]
[152, 187]
[153, 119]
[153, 189]
[157, 158]
[157, 192]
[158, 194]
[160, 196]
[160, 195]
[169, 170]
[170, 136]
[170, 206]
[172, 173]
[172, 138]
[173, 174]
[173, 209]
[174, 209]
[175, 176]
[175, 141]
[175, 210]
[176, 142]
[176, 212]
[178, 179]
[178, 213]
[179, 145]
[179, 215]
[181, 147]
[181, 217]
[183, 184]
[187, 153]
[187, 223]
[187, 222]
[189, 225]
[192, 158]
[192, 228]
[192, 227]
[194, 195]
[194, 160]
[194, 230]
[194, 229]
[195, 196]
[195, 230]
[199, 235]
[201, 237]
[201, 236]
[206, 172]
[209, 244]
[210, 176]
[212, 213]
[212, 178]
[213, 179]
[215, 181]
[217, 183]
[222, 223]
[223, 189]
[225, 226]
[226, 227]
[226, 192]
[227, 228]
[228, 229]
[228, 194]
[229, 230]
[229, 195]
[230, 196]
[235, 236]
[235, 201]
[236, 237]
