[0, 1]
[0, 36]
[1, 37]
[1, 36]
[3, 4]
[3, 39]
[4, 39]
[8, 44]
[8, 43]
[10, 11]
[10, 46]
[11, 47]
[11, 46]
[14, 15]
[15, 16]
[15, 51]
[16, 51]
[18, 54]
[20, 56]
[20, 55]
[26, 62]
[26, 61]
[29, 30]
[29, 64]
[30, 66]
[36, 37]
[37, 3]
[39, 75]
[39, 74]
[43, 44]
[43, 78]
[44, 10]
[46, 47]
[51, 86]
[54, 55]
[54, 20]
[54, 89]
[55, 56]
[55, 91]
[56, 91]
[58, 59]
[58, 93]
[61, 62]
[61, 97]
[62, 97]
[64, 30]
[66, 32]
[66, 102]
[70, 36]
[70, 105]
[74, 75]
[74, 110]
[74, 109]
[75, 110]
[78, 44]
[88, 89]
[88, 54]
[88, 124]
[89, 55]
[89, 125]
[89, 124]
[91, 126]
[93, 59]
[93, 129]
[97, 132]
[102, 138]
[102, 137]
[107, 143]
[109, 110]
[109, 75]
[109, 145]
[109, 144]
[110, 145]
[112, 78]
[117, 153]
[117, 152]
[120, 86]
[120, 155]
[124, 125]
[124, 160]
[125, 126]
[125, 91]
[125, 160]
[129, 130]
[129, 165]
[129, 164]
[130, 166]
[130, 165]
[137, 138]
[137, 172]
[143, 144]
[143, 109]
[143, 179]
[144, 145]
[144, 110]
[144, 180]
[144, 179]
[145, 180]
[151, 152]
[151, 117]
[151, 186]
[152, 153]
[152, 188]
[153, 188]
[158, 124]
[158, 194]
[160, 126]
[164, 165]
[164, 130]
[165, 166]
[165, 201]
[166, 132]
[166, 201]
[172, 138]
[172, 208]
[172, 207]
[176, 212]
[176, 211]
[179, 180]
[179, 145]
[179, 215]
[180, 215]
[186, 152]
[186, 222]
[194, 160]
[194, 230]
[201, 237]
[206, 207]
[206, 172]
[207, 208]
[210, 211]
[210, 176]
[211, 212]
[218, 219]
[222, 188]
[228, 194]
[230, 231]
[239, 240]
[240, 206]
