[8, 9]
[8, 44]
[9, 10]
[9, 45]
[9, 44]
[10, 45]
[15, 50]
[21, 22]
[21, 56]
[22, 23]
[23, 24]
[23, 59]
[24, 25]
[24, 59]
[25, 61]
[27, 62]
[31, 32]
[41, 42]
[42, 8]
[42, 78]
[44, 45]
[44, 10]
[45, 81]
[50, 85]
[56, 22]
[56, 91]
[59, 25]
[59, 94]
[61, 62]
[61, 27]
[61, 97]
[62, 98]
[62, 97]
[69, 104]
[71, 37]
[71, 107]
[75, 41]
[78, 44]
[78, 114]
[81, 117]
[81, 116]
[89, 124]
[91, 126]
[97, 98]
[98, 99]
[99, 100]
[99, 135]
[100, 135]
[102, 103]
[102, 137]
[103, 104]
[103, 69]
[105, 71]
[105, 141]
[105, 140]
[107, 143]
[109, 75]
[109, 144]
[114, 149]
[116, 117]
[116, 152]
[116, 151]
[117, 152]
[126, 162]
[126, 161]
[131, 97]
[131, 167]
[131, 166]
[137, 103]
[137, 172]
[140, 141]
[140, 175]
[141, 107]
[143, 144]
[143, 109]
[144, 180]
[149, 184]
[151, 152]
[151, 117]
[151, 187]
[152, 188]
[152, 187]
[161, 162]
[161, 197]
[161, 196]
[162, 163]
[162, 198]
[162, 197]
[163, 198]
[166, 167]
[166, 202]
[166, 201]
[167, 168]
[167, 202]
[172, 207]
[174, 209]
[175, 141]
[175, 211]
[175, 210]
[180, 215]
[183, 184]
[183, 149]
[183, 219]
[184, 220]
[184, 219]
[187, 188]
[187, 222]
[188, 189]
[188, 224]
[189, 190]
[189, 225]
[189, 224]
[190, 225]
[195, 196]
[195, 161]
[195, 231]
[196, 197]
[196, 162]
[196, 231]
[197, 198]
[197, 163]
[200, 201]
[200, 166]
[200, 236]
[201, 202]
[201, 167]
[201, 236]
[202, 168]
[202, 238]
[206, 207]
[206, 172]
[209, 244]
[210, 211]
[219, 220]
[220, 221]
[221, 222]
[221, 187]
[222, 188]
[224, 225]
[224, 190]
[228, 229]
[229, 195]
[231, 197]
[236, 202]
