[2, 3]
[2, 38]
[2, 37]
[3, 4]
[3, 39]
[3, 38]
[4, 39]
[6, 41]
[11, 47]
[14, 15]
[14, 50]
[15, 50]
[18, 54]
[18, 53]
[23, 24]
[23, 59]
[23, 58]
[24, 25]
[24, 59]
[25, 61]
[31, 67]
[33, 69]
[33, 68]
[37, 38]
[37, 3]
[37, 73]
[37, 72]
[38, 39]
[38, 4]
[38, 73]
[41, 76]
[45, 11]
[45, 81]
[47, 82]
[50, 85]
[53, 54]
[57, 58]
[57, 23]
[57, 93]
[58, 59]
[58, 24]
[58, 94]
[58, 93]
[59, 25]
[59, 94]
[61, 96]
[67, 68]
[67, 33]
[67, 103]
[67, 102]
[68, 69]
[68, 103]
[72, 73]
[72, 38]
[73, 39]
[73, 109]
[76, 112]
[76, 111]
[79, 45]
[81, 82]
[81, 47]
[81, 116]
[93, 94]
[93, 59]
[93, 129]
[93, 128]
[94, 129]
[96, 132]
[102, 103]
[102, 68]
[102, 138]
[102, 137]
[103, 69]
[103, 138]
[105, 141]
[109, 110]
[109, 144]
[110, 111]
[110, 76]
[111, 112]
[116, 82]
[124, 160]
[128, 129]
[128, 94]
[128, 163]
[132, 98]
[132, 168]
[132, 167]
[137, 138]
[137, 103]
[137, 172]
[141, 142]
[144, 110]
[149, 150]
[149, 185]
[150, 116]
[150, 186]
[150, 185]
[157, 158]
[157, 193]
[157, 192]
[158, 124]
[158, 194]
[158, 193]
[160, 126]
[163, 129]
[163, 199]
[163, 198]
[167, 168]
[167, 203]
[168, 204]
[168, 203]
[172, 138]
[181, 182]
[185, 186]
[185, 221]
[186, 222]
[186, 221]
[189, 155]
[189, 225]
[192, 193]
[192, 158]
[192, 227]
[193, 194]
[194, 160]
[197, 198]
[197, 163]
[197, 233]
[198, 199]
[198, 234]
[198, 233]
[199, 200]
[199, 234]
[203, 204]
[204, 205]
[204, 240]
[205, 241]
[205, 240]
[211, 212]
[215, 181]
[221, 222]
[222, 223]
[223, 189]
[225, 226]
[226, 227]
[226, 192]
[227, 193]
[231, 197]
[233, 234]
[233, 199]
[234, 200]
[237, 203]
[240, 241]
