[6, 7]
[6, 42]
[7, 42]
[9, 10]
[10, 11]
[13, 14]
[13, 48]
[14, 15]
[14, 50]
[15, 50]
[17, 18]
[18, 54]
[28, 29]
[28, 63]
[29, 65]
[35, 1]
[35, 70]
[39, 40]
[40, 6]
[40, 76]
[48, 14]
[48, 84]
[50, 85]
[54, 55]
[54, 89]
[55, 91]
[63, 29]
[65, 100]
[69, 104]
[70, 106]
[70, 105]
[76, 42]
[76, 111]
[84, 85]
[84, 50]
[84, 119]
[85, 121]
[89, 55]
[91, 92]
[91, 126]
[92, 93]
[93, 94]
[94, 130]
[96, 131]
[104, 139]
[105, 106]
[105, 140]
[108, 144]
[108, 143]
[118, 119]
[118, 84]
[118, 153]
[119, 85]
[121, 157]
[123, 89]
[123, 158]
[126, 92]
[126, 161]
[130, 131]
[130, 96]
[130, 166]
[130, 165]
[131, 166]
[139, 174]
[140, 106]
[140, 176]
[140, 175]
[143, 144]
[143, 179]
[143, 178]
[144, 145]
[144, 180]
[144, 179]
[145, 111]
[145, 180]
[148, 183]
[153, 119]
[153, 189]
[157, 158]
[157, 123]
[158, 194]
[165, 166]
[165, 131]
[170, 206]
[170, 205]
[172, 208]
[175, 176]
[175, 210]
[176, 177]
[176, 212]
[177, 178]
[177, 143]
[177, 212]
[178, 179]
[178, 144]
[178, 214]
[179, 180]
[179, 145]
[179, 215]
[179, 214]
[180, 215]
[183, 219]
[183, 218]
[194, 195]
[195, 161]
[205, 206]
[205, 241]
[205, 240]
[206, 172]
[206, 242]
[206, 241]
[208, 174]
[210, 176]
[212, 178]
[214, 215]
[214, 180]
[217, 218]
[217, 183]
[218, 219]
[237, 238]
[238, 239]
[239, 240]
[239, 205]
[240, 241]
[240, 206]
[241, 242]
[242, 208]
