[1, 2]
[1, 37]
[2, 37]
[5, 41]
[10, 46]
[13, 48]
[16, 52]
[24, 60]
[33, 69]
[37, 73]
[41, 7]
[44, 10]
[44, 80]
[44, 79]
[46, 47]
[46, 81]
[47, 48]
[47, 13]
[47, 83]
[48, 83]
[50, 16]
[50, 86]
[52, 53]
[52, 87]
[53, 19]
[53, 89]
[60, 26]
[60, 95]
[66, 67]
[67, 33]
[67, 103]
[69, 104]
[70, 71]
[71, 37]
[71, 107]
[75, 41]
[79, 80]
[80, 81]
[80, 46]
[81, 47]
[81, 117]
[83, 119]
[86, 87]
[86, 52]
[86, 121]
[87, 53]
[89, 124]
[91, 92]
[92, 93]
[93, 94]
[94, 95]
[94, 60]
[95, 131]
[100, 66]
[100, 136]
[103, 104]
[103, 69]
[103, 139]
[103, 138]
[104, 139]
[107, 73]
[107, 142]
[113, 79]
[113, 149]
[113, 148]
[117, 83]
[117, 153]
[117, 152]
[121, 87]
[124, 160]
[124, 159]
[131, 132]
[131, 167]
[132, 167]
[134, 100]
[134, 169]
[136, 171]
[138, 139]
[138, 104]
[138, 174]
[139, 174]
[141, 142]
[141, 107]
[144, 179]
[148, 149]
[148, 183]
[152, 153]
[152, 187]
[153, 119]
[153, 189]
[159, 160]
[160, 196]
[162, 163]
[163, 164]
[164, 165]
[165, 131]
[169, 204]
[171, 206]
[175, 141]
[175, 211]
[183, 149]
[183, 219]
[183, 218]
[187, 153]
[189, 225]
[196, 162]
[196, 232]
[204, 240]
[208, 174]
[208, 244]
[211, 212]
[218, 219]
[229, 230]
[230, 196]
[234, 235]
[240, 206]
