[2, 3]
[2, 37]
[3, 4]
[6, 7]
[6, 42]
[6, 41]
[7, 42]
[10, 45]
[13, 14]
[14, 50]
[16, 52]
[16, 51]
[20, 56]
[20, 55]
[23, 24]
[24, 25]
[24, 60]
[25, 26]
[25, 60]
[28, 64]
[33, 34]
[33, 69]
[34, 69]
[37, 3]
[37, 72]
[41, 42]
[41, 7]
[42, 78]
[44, 45]
[44, 10]
[44, 80]
[45, 81]
[45, 80]
[47, 13]
[47, 82]
[50, 51]
[50, 16]
[50, 86]
[51, 52]
[51, 86]
[55, 56]
[55, 91]
[55, 90]
[56, 92]
[56, 91]
[60, 26]
[60, 96]
[66, 102]
[69, 104]
[70, 105]
[72, 108]
[78, 44]
[80, 81]
[80, 116]
[81, 82]
[81, 47]
[81, 116]
[82, 118]
[86, 52]
[90, 91]
[90, 56]
[90, 126]
[91, 92]
[91, 126]
[92, 93]
[96, 97]
[96, 132]
[97, 98]
[97, 132]
[98, 64]
[102, 103]
[103, 104]
[103, 69]
[105, 140]
[108, 74]
[112, 78]
[116, 82]
[116, 152]
[116, 151]
[118, 119]
[118, 153]
[126, 92]
[132, 98]
[132, 168]
[132, 167]
[140, 175]
[146, 112]
[146, 181]
[151, 152]
[152, 153]
[152, 118]
[153, 119]
[157, 193]
[157, 192]
[164, 165]
[165, 166]
[166, 167]
[166, 132]
[166, 202]
[167, 168]
[167, 202]
[173, 174]
[173, 209]
[174, 209]
[177, 213]
[177, 212]
[191, 192]
[191, 157]
[192, 193]
[193, 159]
[202, 168]
[202, 237]
[205, 206]
[205, 241]
[206, 242]
[206, 241]
[209, 244]
[212, 213]
[215, 181]
[225, 191]
[236, 237]
[236, 202]
[241, 242]
