[1, 37]
[1, 36]
[3, 4]
[3, 39]
[3, 38]
[4, 39]
[6, 41]
[9, 10]
[9, 45]
[9, 44]
[10, 45]
[12, 47]
[21, 22]
[21, 57]
[22, 57]
[27, 28]
[27, 63]
[28, 63]
[31, 66]
[33, 69]
[33, 68]
[36, 37]
[37, 38]
[37, 3]
[38, 39]
[38, 4]
[39, 75]
[41, 77]
[41, 76]
[43, 44]
[43, 9]
[44, 45]
[44, 10]
[45, 81]
[49, 85]
[49, 84]
[51, 52]
[51, 87]
[52, 88]
[52, 87]
[55, 21]
[57, 92]
[63, 99]
[65, 66]
[65, 31]
[68, 69]
[68, 104]
[69, 104]
[75, 76]
[75, 41]
[75, 110]
[76, 77]
[77, 43]
[81, 47]
[81, 116]
[84, 85]
[85, 51]
[87, 88]
[87, 123]
[88, 124]
[88, 123]
[96, 97]
[96, 132]
[96, 131]
[97, 63]
[97, 132]
[99, 65]
[99, 134]
[107, 108]
[107, 142]
[110, 76]
[110, 146]
[110, 145]
[116, 152]
[118, 84]
[123, 124]
[124, 125]
[125, 126]
[126, 92]
[126, 162]
[131, 132]
[131, 97]
[132, 168]
[142, 108]
[145, 146]
[145, 181]
[146, 182]
[146, 181]
[149, 185]
[152, 118]
[157, 123]
[157, 192]
[162, 163]
[162, 198]
[162, 197]
[163, 164]
[163, 199]
[163, 198]
[164, 199]
[168, 134]
[176, 142]
[176, 211]
[179, 145]
[179, 214]
[181, 182]
[181, 216]
[182, 218]
[185, 220]
[189, 190]
[189, 225]
[189, 224]
[190, 226]
[190, 225]
[192, 228]
[196, 197]
[196, 162]
[196, 232]
[197, 198]
[197, 163]
[197, 233]
[197, 232]
[198, 199]
[198, 164]
[198, 234]
[198, 233]
[199, 234]
[202, 168]
[202, 238]
[216, 182]
[218, 219]
[219, 220]
[219, 185]
[224, 225]
[224, 190]
[225, 226]
[226, 192]
[228, 229]
[229, 230]
[230, 196]
[232, 233]
[232, 198]
[233, 234]
[233, 199]
[238, 239]
[242, 243]
[243, 209]
