[1, 37]
[1, 36]
[6, 7]
[6, 41]
[13, 14]
[14, 50]
[17, 18]
[18, 19]
[18, 54]
[19, 54]
[25, 60]
[29, 30]
[30, 31]
[30, 66]
[31, 66]
[36, 37]
[36, 71]
[37, 38]
[40, 41]
[40, 6]
[41, 7]
[41, 77]
[45, 81]
[47, 13]
[50, 51]
[50, 86]
[50, 85]
[51, 17]
[51, 86]
[54, 89]
[60, 96]
[71, 37]
[71, 107]
[71, 106]
[77, 78]
[78, 79]
[79, 45]
[81, 47]
[81, 117]
[81, 116]
[85, 86]
[85, 51]
[88, 89]
[88, 54]
[93, 129]
[96, 97]
[96, 132]
[97, 98]
[97, 132]
[98, 134]
[100, 66]
[100, 135]
[105, 106]
[105, 71]
[105, 140]
[106, 107]
[107, 108]
[108, 144]
[110, 146]
[116, 117]
[116, 152]
[117, 152]
[119, 85]
[119, 155]
[119, 154]
[127, 93]
[127, 163]
[129, 130]
[130, 96]
[130, 166]
[132, 98]
[132, 168]
[134, 135]
[134, 100]
[135, 171]
[140, 106]
[140, 175]
[144, 110]
[146, 147]
[147, 183]
[152, 188]
[152, 187]
[154, 155]
[154, 190]
[154, 189]
[155, 190]
[159, 160]
[160, 161]
[160, 196]
[161, 127]
[161, 197]
[161, 196]
[163, 129]
[166, 132]
[168, 134]
[168, 204]
[171, 137]
[171, 207]
[175, 211]
[175, 210]
[178, 144]
[178, 214]
[183, 218]
[185, 186]
[185, 220]
[186, 187]
[186, 152]
[187, 188]
[187, 223]
[188, 189]
[188, 154]
[188, 224]
[188, 223]
[189, 190]
[189, 155]
[189, 224]
[193, 159]
[196, 197]
[196, 231]
[197, 163]
[197, 233]
[200, 166]
[200, 236]
[200, 235]
[204, 205]
[205, 171]
[205, 241]
[207, 208]
[208, 209]
[210, 211]
[214, 215]
[215, 216]
[220, 186]
[223, 224]
[223, 189]
[224, 190]
[227, 193]
[230, 231]
[230, 196]
[231, 197]
[233, 234]
[234, 235]
[234, 200]
[235, 236]
[236, 237]
[241, 207]
