[8, 9]
[8, 43]
[9, 45]
[13, 14]
[13, 49]
[14, 15]
[14, 49]
[15, 16]
[15, 51]
[16, 51]
[30, 65]
[32, 33]
[32, 67]
[35, 71]
[35, 70]
[37, 38]
[37, 73]
[37, 72]
[38, 39]
[38, 74]
[38, 73]
[39, 75]
[39, 74]
[41, 76]
[43, 9]
[43, 78]
[45, 81]
[47, 13]
[49, 15]
[49, 84]
[53, 88]
[62, 63]
[62, 98]
[63, 64]
[63, 98]
[64, 65]
[64, 30]
[67, 33]
[67, 102]
[70, 71]
[71, 72]
[71, 37]
[71, 107]
[72, 73]
[72, 38]
[72, 107]
[73, 74]
[73, 39]
[73, 109]
[74, 75]
[74, 109]
[75, 76]
[75, 41]
[76, 112]
[78, 113]
[81, 47]
[81, 117]
[88, 124]
[94, 95]
[94, 129]
[95, 96]
[96, 62]
[96, 132]
[98, 64]
[98, 134]
[98, 133]
[102, 137]
[107, 73]
[107, 143]
[109, 75]
[109, 144]
[112, 113]
[112, 78]
[112, 148]
[113, 149]
[113, 148]
[117, 118]
[118, 84]
[122, 88]
[122, 158]
[124, 125]
[125, 161]
[128, 129]
[128, 94]
[128, 164]
[129, 95]
[129, 164]
[132, 133]
[132, 98]
[132, 168]
[132, 167]
[133, 134]
[133, 169]
[133, 168]
[134, 135]
[134, 169]
[135, 171]
[137, 173]
[143, 144]
[143, 109]
[144, 180]
[146, 112]
[146, 182]
[146, 181]
[148, 149]
[148, 184]
[149, 184]
[151, 117]
[151, 187]
[151, 186]
[158, 124]
[161, 197]
[164, 200]
[167, 168]
[167, 133]
[168, 169]
[168, 134]
[169, 135]
[171, 137]
[171, 206]
[176, 212]
[180, 181]
[180, 146]
[180, 215]
[181, 182]
[181, 217]
[182, 148]
[182, 217]
[186, 187]
[186, 222]
[187, 223]
[187, 222]
[190, 191]
[190, 226]
[190, 225]
[191, 227]
[191, 226]
[195, 161]
[197, 198]
[197, 233]
[197, 232]
[198, 164]
[198, 233]
[215, 181]
[222, 223]
[223, 224]
[224, 225]
[224, 190]
[225, 226]
[225, 191]
[226, 227]
[227, 228]
[228, 229]
[229, 195]
[232, 233]
[232, 198]
[239, 240]
[240, 206]
