[1, 2]
[1, 36]
[2, 38]
[4, 5]
[5, 6]
[9, 45]
[14, 50]
[14, 49]
[16, 17]
[16, 51]
[20, 55]
[22, 23]
[22, 58]
[23, 59]
[23, 58]
[25, 61]
[27, 63]
[27, 62]
[34, 69]
[36, 2]
[36, 71]
[38, 4]
[38, 74]
[38, 73]
[49, 50]
[49, 85]
[50, 51]
[50, 16]
[50, 86]
[50, 85]
[51, 17]
[51, 86]
[55, 90]
[58, 59]
[58, 94]
[59, 25]
[59, 94]
[61, 62]
[61, 27]
[62, 63]
[63, 64]
[64, 100]
[68, 69]
[68, 34]
[68, 104]
[68, 103]
[69, 104]
[71, 107]
[73, 74]
[74, 110]
[77, 78]
[85, 86]
[85, 51]
[85, 120]
[88, 89]
[89, 90]
[89, 55]
[89, 125]
[90, 125]
[92, 58]
[92, 128]
[94, 130]
[100, 66]
[100, 135]
[103, 104]
[103, 69]
[103, 138]
[107, 73]
[110, 111]
[110, 145]
[111, 77]
[117, 153]
[119, 120]
[119, 85]
[119, 154]
[120, 86]
[125, 160]
[128, 94]
[128, 164]
[130, 165]
[133, 168]
[135, 171]
[135, 170]
[137, 138]
[137, 103]
[137, 173]
[137, 172]
[138, 104]
[138, 173]
[145, 111]
[153, 154]
[153, 119]
[153, 189]
[153, 188]
[154, 120]
[154, 189]
[160, 196]
[162, 128]
[162, 197]
[164, 165]
[164, 130]
[168, 204]
[170, 171]
[170, 205]
[171, 172]
[171, 137]
[172, 173]
[172, 138]
[177, 178]
[186, 187]
[187, 188]
[187, 153]
[188, 189]
[188, 154]
[192, 228]
[196, 197]
[196, 162]
[196, 231]
[204, 205]
[204, 170]
[204, 240]
[205, 171]
[205, 240]
[215, 216]
[216, 217]
[231, 197]
[234, 235]
[238, 204]
