[0, 1]
[0, 35]
[1, 37]
[3, 39]
[3, 38]
[5, 40]
[7, 43]
[15, 50]
[17, 18]
[17, 52]
[18, 54]
[20, 55]
[22, 23]
[22, 57]
[23, 59]
[27, 28]
[27, 63]
[27, 62]
[28, 29]
[28, 63]
[31, 32]
[31, 66]
[32, 33]
[32, 68]
[33, 68]
[35, 1]
[35, 71]
[35, 70]
[37, 38]
[37, 3]
[37, 73]
[37, 72]
[38, 39]
[38, 73]
[39, 40]
[39, 5]
[39, 75]
[40, 75]
[43, 79]
[50, 86]
[50, 85]
[52, 18]
[52, 88]
[54, 55]
[54, 20]
[54, 90]
[55, 91]
[55, 90]
[57, 23]
[57, 93]
[59, 60]
[59, 95]
[59, 94]
[60, 95]
[62, 63]
[62, 28]
[62, 98]
[62, 97]
[63, 29]
[63, 99]
[63, 98]
[66, 32]
[70, 71]
[70, 105]
[71, 72]
[71, 37]
[71, 107]
[72, 73]
[72, 38]
[72, 107]
[73, 39]
[75, 111]
[75, 110]
[77, 43]
[77, 113]
[79, 80]
[79, 115]
[79, 114]
[80, 46]
[80, 116]
[80, 115]
[84, 85]
[84, 50]
[84, 120]
[85, 86]
[85, 120]
[86, 52]
[88, 54]
[88, 123]
[90, 91]
[91, 57]
[91, 127]
[93, 94]
[93, 59]
[93, 129]
[94, 95]
[94, 60]
[94, 129]
[95, 131]
[97, 98]
[97, 63]
[97, 133]
[98, 99]
[98, 134]
[98, 133]
[99, 100]
[99, 134]
[100, 66]
[105, 71]
[105, 141]
[107, 73]
[107, 143]
[107, 142]
[110, 111]
[110, 146]
[111, 77]
[111, 147]
[111, 146]
[113, 114]
[113, 79]
[113, 149]
[114, 115]
[114, 80]
[114, 150]
[114, 149]
[115, 116]
[115, 150]
[116, 117]
[117, 118]
[117, 153]
[118, 84]
[118, 153]
[120, 86]
[120, 156]
[120, 155]
[123, 159]
[127, 93]
[129, 95]
[131, 97]
[131, 167]
[131, 166]
[133, 134]
[133, 99]
[133, 169]
[134, 100]
[134, 169]
[141, 142]
[141, 107]
[141, 176]
[142, 143]
[143, 179]
[146, 147]
[146, 182]
[146, 181]
[147, 113]
[147, 183]
[147, 182]
[149, 150]
[149, 115]
[150, 116]
[155, 156]
[159, 160]
[159, 195]
[160, 161]
[160, 195]
[161, 127]
[161, 197]
[166, 167]
[166, 201]
[167, 133]
[167, 203]
[171, 207]
[174, 209]
[175, 176]
[175, 141]
[176, 142]
[181, 182]
[181, 147]
[181, 216]
[182, 183]
[183, 149]
[193, 159]
[193, 229]
[193, 228]
[195, 161]
[195, 231]
[195, 230]
[197, 232]
[201, 167]
[201, 236]
[203, 169]
[207, 208]
[207, 242]
[208, 209]
[208, 174]
[213, 179]
[216, 182]
[222, 223]
[227, 228]
[227, 193]
[228, 229]
[229, 230]
[229, 195]
[230, 231]
[231, 232]
[231, 197]
[235, 236]
[235, 201]
[242, 208]
