[0, 1]
[0, 35]
[4, 39]
[6, 41]
[9, 44]
[17, 18]
[17, 53]
[18, 53]
[24, 59]
[26, 27]
[26, 61]
[29, 30]
[29, 65]
[30, 31]
[30, 65]
[35, 1]
[38, 39]
[38, 4]
[38, 73]
[39, 75]
[41, 76]
[44, 80]
[44, 79]
[48, 84]
[50, 85]
[53, 88]
[56, 92]
[58, 59]
[58, 24]
[61, 27]
[61, 96]
[65, 31]
[65, 101]
[65, 100]
[73, 39]
[73, 109]
[75, 76]
[75, 41]
[75, 111]
[76, 111]
[79, 80]
[79, 115]
[80, 81]
[80, 116]
[80, 115]
[81, 116]
[84, 85]
[84, 50]
[84, 120]
[85, 121]
[85, 120]
[88, 123]
[90, 56]
[92, 58]
[96, 132]
[100, 101]
[101, 102]
[101, 137]
[102, 103]
[102, 137]
[103, 104]
[103, 139]
[104, 139]
[105, 140]
[107, 73]
[107, 142]
[109, 75]
[109, 145]
[111, 146]
[115, 116]
[115, 81]
[115, 151]
[115, 150]
[116, 151]
[120, 121]
[120, 156]
[121, 122]
[121, 157]
[121, 156]
[122, 123]
[122, 88]
[122, 157]
[132, 133]
[132, 167]
[133, 134]
[134, 100]
[137, 103]
[140, 176]
[140, 175]
[145, 146]
[145, 111]
[145, 181]
[145, 180]
[146, 182]
[146, 181]
[149, 150]
[149, 115]
[149, 185]
[149, 184]
[150, 151]
[150, 116]
[150, 185]
[156, 157]
[156, 122]
[157, 123]
[157, 193]
[167, 133]
[167, 203]
[171, 137]
[171, 207]
[171, 206]
[175, 176]
[175, 211]
[176, 142]
[176, 211]
[179, 180]
[179, 145]
[180, 181]
[180, 146]
[180, 216]
[181, 182]
[181, 216]
[182, 218]
[184, 185]
[184, 150]
[184, 219]
[185, 151]
[193, 229]
[193, 228]
[195, 231]
[195, 230]
[197, 198]
[197, 232]
[198, 199]
[203, 238]
[206, 207]
[206, 242]
[207, 242]
[213, 179]
[216, 182]
[218, 219]
[218, 184]
[219, 185]
[225, 226]
[228, 229]
[229, 230]
[229, 195]
[230, 231]
[231, 232]
[231, 197]
[232, 198]
[236, 237]
[237, 238]
[237, 203]
[240, 206]
