[1, 2]
[1, 36]
[2, 3]
[2, 38]
[3, 4]
[3, 39]
[3, 38]
[4, 5]
[4, 39]
[5, 6]
[6, 42]
[10, 11]
[10, 46]
[11, 12]
[11, 46]
[12, 48]
[16, 52]
[16, 51]
[19, 55]
[21, 22]
[28, 29]
[28, 64]
[28, 63]
[29, 30]
[29, 65]
[29, 64]
[30, 65]
[32, 67]
[36, 2]
[36, 72]
[38, 39]
[38, 4]
[39, 5]
[42, 43]
[42, 77]
[43, 44]
[44, 10]
[46, 12]
[48, 49]
[48, 84]
[48, 83]
[49, 50]
[49, 85]
[49, 84]
[50, 51]
[50, 16]
[50, 85]
[51, 52]
[51, 87]
[52, 87]
[55, 21]
[55, 91]
[61, 62]
[62, 63]
[62, 28]
[63, 64]
[63, 29]
[64, 65]
[64, 30]
[64, 100]
[65, 101]
[65, 100]
[67, 103]
[69, 104]
[72, 38]
[77, 43]
[77, 113]
[83, 84]
[83, 49]
[83, 119]
[84, 85]
[84, 50]
[84, 120]
[84, 119]
[85, 51]
[85, 121]
[85, 120]
[87, 123]
[87, 122]
[91, 92]
[91, 127]
[91, 126]
[92, 128]
[92, 127]
[100, 101]
[100, 136]
[100, 135]
[101, 67]
[101, 136]
[103, 104]
[103, 69]
[113, 114]
[113, 148]
[114, 115]
[115, 116]
[116, 117]
[116, 152]
[117, 83]
[117, 153]
[117, 152]
[119, 120]
[119, 85]
[120, 121]
[121, 122]
[121, 87]
[121, 157]
[122, 123]
[122, 158]
[122, 157]
[123, 124]
[123, 158]
[126, 127]
[126, 92]
[126, 162]
[127, 128]
[127, 162]
[128, 129]
[129, 130]
[129, 165]
[130, 131]
[130, 165]
[131, 167]
[135, 136]
[135, 101]
[147, 148]
[147, 113]
[147, 182]
[148, 114]
[152, 153]
[152, 187]
[153, 119]
[157, 158]
[157, 123]
[158, 124]
[158, 194]
[162, 128]
[162, 197]
[165, 131]
[165, 201]
[167, 203]
[174, 209]
[176, 142]
[181, 182]
[181, 147]
[182, 148]
[182, 218]
[185, 186]
[186, 187]
[186, 152]
[186, 222]
[187, 153]
[187, 223]
[187, 222]
[194, 229]
[196, 197]
[196, 162]
[196, 231]
[199, 165]
[201, 167]
[201, 236]
[203, 204]
[203, 239]
[204, 205]
[204, 240]
[204, 239]
[205, 206]
[205, 241]
[205, 240]
[206, 241]
[210, 176]
[222, 223]
[223, 224]
[224, 225]
[231, 197]
[239, 240]
[239, 205]
[240, 241]
[240, 206]
[243, 209]
