[0, 1]
[0, 36]
[0, 35]
[1, 37]
[1, 36]
[4, 39]
[9, 10]
[9, 44]
[10, 11]
[11, 12]
[12, 13]
[12, 48]
[13, 14]
[13, 49]
[13, 48]
[14, 15]
[14, 50]
[14, 49]
[15, 51]
[15, 50]
[17, 18]
[17, 52]
[18, 54]
[20, 56]
[23, 59]
[23, 58]
[29, 30]
[29, 65]
[29, 64]
[30, 31]
[30, 66]
[30, 65]
[31, 32]
[31, 67]
[31, 66]
[32, 68]
[32, 67]
[35, 36]
[35, 1]
[35, 70]
[36, 37]
[37, 38]
[37, 73]
[38, 39]
[38, 4]
[38, 74]
[38, 73]
[39, 75]
[39, 74]
[44, 10]
[44, 80]
[44, 79]
[48, 49]
[48, 14]
[48, 83]
[49, 50]
[49, 15]
[49, 85]
[50, 51]
[50, 86]
[50, 85]
[51, 52]
[51, 17]
[51, 87]
[51, 86]
[52, 18]
[52, 87]
[54, 20]
[54, 90]
[56, 57]
[56, 92]
[57, 58]
[57, 23]
[57, 92]
[58, 59]
[58, 94]
[59, 95]
[59, 94]
[63, 64]
[63, 29]
[63, 99]
[64, 65]
[64, 30]
[64, 100]
[64, 99]
[65, 66]
[65, 31]
[65, 100]
[66, 67]
[66, 32]
[66, 102]
[67, 68]
[67, 102]
[70, 36]
[70, 106]
[70, 105]
[73, 74]
[73, 39]
[74, 75]
[75, 76]
[79, 80]
[80, 81]
[81, 82]
[81, 117]
[82, 83]
[82, 48]
[82, 118]
[82, 117]
[83, 49]
[83, 118]
[85, 86]
[85, 51]
[85, 121]
[86, 87]
[86, 52]
[86, 121]
[90, 56]
[90, 126]
[90, 125]
[92, 58]
[94, 95]
[95, 131]
[97, 63]
[97, 133]
[97, 132]
[99, 100]
[99, 65]
[100, 66]
[102, 68]
[105, 106]
[105, 141]
[105, 140]
[106, 141]
[117, 118]
[117, 83]
[117, 153]
[117, 152]
[118, 154]
[118, 153]
[121, 87]
[124, 125]
[124, 90]
[124, 160]
[125, 126]
[125, 161]
[125, 160]
[126, 92]
[126, 162]
[126, 161]
[131, 132]
[131, 97]
[131, 166]
[132, 133]
[133, 99]
[133, 169]
[139, 174]
[140, 141]
[140, 106]
[141, 177]
[143, 144]
[143, 179]
[144, 180]
[144, 179]
[146, 181]
[148, 149]
[148, 184]
[148, 183]
[149, 150]
[149, 184]
[150, 151]
[150, 186]
[151, 152]
[151, 117]
[151, 187]
[151, 186]
[152, 153]
[152, 118]
[152, 187]
[153, 154]
[154, 190]
[160, 161]
[160, 126]
[160, 196]
[161, 162]
[161, 196]
[162, 198]
[164, 200]
[166, 132]
[166, 202]
[166, 201]
[169, 170]
[169, 205]
[170, 205]
[172, 173]
[173, 174]
[173, 139]
[177, 143]
[177, 213]
[179, 180]
[180, 181]
[180, 146]
[180, 216]
[181, 216]
[183, 184]
[183, 149]
[184, 150]
[186, 187]
[186, 152]
[186, 222]
[187, 153]
[187, 223]
[187, 222]
[190, 226]
[196, 162]
[196, 231]
[198, 164]
[198, 233]
[200, 201]
[200, 166]
[200, 236]
[201, 202]
[201, 237]
[201, 236]
[202, 203]
[202, 238]
[202, 237]
[203, 169]
[203, 239]
[203, 238]
[205, 240]
[213, 179]
[222, 223]
[226, 227]
[236, 237]
[236, 202]
[237, 238]
[237, 203]
[238, 239]
[239, 240]
[239, 205]
