[1, 37]
[1, 36]
[3, 4]
[3, 39]
[4, 40]
[4, 39]
[6, 42]
[6, 41]
[10, 11]
[10, 46]
[11, 12]
[11, 47]
[11, 46]
[12, 13]
[12, 47]
[13, 49]
[17, 52]
[23, 24]
[27, 28]
[28, 64]
[32, 67]
[35, 36]
[35, 1]
[36, 37]
[37, 3]
[39, 40]
[40, 41]
[40, 6]
[41, 42]
[42, 78]
[46, 47]
[46, 12]
[46, 82]
[47, 13]
[47, 82]
[49, 15]
[49, 85]
[49, 84]
[52, 87]
[55, 21]
[55, 91]
[61, 27]
[61, 97]
[61, 96]
[64, 65]
[64, 100]
[65, 101]
[65, 100]
[67, 102]
[78, 114]
[78, 113]
[84, 85]
[85, 121]
[87, 122]
[91, 92]
[91, 127]
[91, 126]
[92, 93]
[92, 127]
[93, 94]
[94, 130]
[96, 97]
[97, 98]
[98, 64]
[100, 101]
[101, 102]
[101, 67]
[101, 137]
[102, 137]
[104, 139]
[105, 140]
[107, 108]
[107, 143]
[108, 109]
[108, 143]
[109, 110]
[110, 111]
[110, 146]
[111, 147]
[111, 146]
[113, 114]
[113, 149]
[113, 148]
[114, 115]
[114, 150]
[114, 149]
[115, 150]
[121, 122]
[121, 87]
[124, 160]
[126, 127]
[126, 92]
[126, 162]
[126, 161]
[127, 93]
[127, 162]
[130, 96]
[130, 165]
[137, 172]
[139, 174]
[140, 175]
[143, 109]
[143, 178]
[146, 147]
[147, 148]
[147, 113]
[147, 183]
[148, 149]
[148, 114]
[148, 184]
[148, 183]
[149, 150]
[149, 115]
[149, 185]
[149, 184]
[150, 185]
[153, 154]
[153, 188]
[154, 155]
[155, 121]
[160, 161]
[160, 126]
[161, 162]
[161, 127]
[164, 165]
[164, 130]
[167, 203]
[171, 172]
[171, 137]
[171, 207]
[171, 206]
[172, 208]
[172, 207]
[174, 209]
[175, 211]
[175, 210]
[183, 184]
[183, 149]
[183, 218]
[184, 185]
[184, 150]
[185, 221]
[187, 188]
[187, 153]
[187, 223]
[188, 154]
[188, 224]
[188, 223]
[192, 228]
[206, 207]
[206, 172]
[207, 208]
[207, 243]
[208, 209]
[208, 174]
[208, 244]
[208, 243]
[209, 244]
[210, 211]
[211, 212]
[212, 178]
[217, 218]
[217, 183]
[218, 184]
[221, 187]
[223, 224]
[224, 225]
[228, 229]
[236, 237]
[237, 203]
[243, 244]
[243, 209]
