[0, 1]
[0, 36]
[0, 35]
[1, 2]
[1, 36]
[2, 38]
[6, 42]
[6, 41]
[11, 12]
[11, 46]
[12, 13]
[17, 18]
[17, 52]
[18, 19]
[19, 20]
[28, 63]
[35, 36]
[35, 1]
[35, 71]
[36, 2]
[36, 71]
[38, 4]
[38, 74]
[41, 42]
[41, 77]
[42, 8]
[42, 78]
[42, 77]
[46, 12]
[52, 18]
[52, 87]
[58, 93]
[60, 26]
[60, 95]
[63, 98]
[74, 110]
[74, 109]
[77, 78]
[77, 113]
[78, 79]
[78, 113]
[83, 119]
[83, 118]
[85, 86]
[85, 121]
[86, 87]
[86, 52]
[86, 121]
[89, 125]
[93, 129]
[93, 128]
[95, 131]
[95, 130]
[97, 98]
[97, 63]
[97, 133]
[98, 133]
[109, 110]
[109, 145]
[110, 111]
[110, 146]
[110, 145]
[111, 77]
[111, 146]
[113, 79]
[113, 149]
[118, 119]
[118, 154]
[119, 85]
[119, 155]
[119, 154]
[121, 87]
[121, 157]
[125, 126]
[125, 161]
[126, 161]
[128, 129]
[128, 164]
[128, 163]
[129, 130]
[129, 95]
[129, 164]
[130, 131]
[130, 166]
[131, 97]
[131, 166]
[133, 169]
[133, 168]
[135, 136]
[135, 171]
[136, 171]
[142, 178]
[142, 177]
[145, 146]
[145, 111]
[145, 180]
[151, 152]
[151, 187]
[152, 118]
[152, 187]
[154, 155]
[155, 121]
[159, 125]
[159, 195]
[159, 194]
[161, 196]
[163, 164]
[163, 129]
[163, 199]
[163, 198]
[164, 130]
[164, 200]
[164, 199]
[166, 202]
[166, 201]
[168, 169]
[168, 204]
[169, 135]
[169, 205]
[169, 204]
[171, 206]
[173, 174]
[173, 208]
[177, 178]
[177, 213]
[177, 212]
[178, 213]
[180, 146]
[180, 216]
[187, 223]
[194, 195]
[194, 229]
[195, 196]
[195, 161]
[196, 232]
[198, 199]
[198, 164]
[199, 200]
[200, 201]
[200, 166]
[201, 202]
[202, 168]
[202, 238]
[204, 205]
[204, 240]
[205, 206]
[205, 171]
[205, 240]
[206, 242]
[208, 174]
[208, 243]
[212, 213]
[212, 178]
[216, 217]
[217, 218]
[218, 219]
[221, 187]
[223, 224]
[224, 225]
[229, 195]
[232, 198]
[238, 204]
[240, 206]
[242, 243]
[242, 208]
