[2, 3]
[2, 37]
[3, 4]
[4, 5]
[4, 40]
[5, 6]
[5, 40]
[6, 7]
[6, 42]
[7, 8]
[7, 42]
[8, 9]
[9, 10]
[13, 48]
[16, 17]
[16, 51]
[17, 18]
[17, 53]
[18, 19]
[18, 53]
[22, 23]
[23, 24]
[23, 59]
[24, 25]
[24, 59]
[25, 26]
[25, 61]
[26, 62]
[26, 61]
[29, 30]
[30, 31]
[31, 67]
[33, 69]
[33, 68]
[37, 3]
[37, 72]
[40, 6]
[40, 76]
[40, 75]
[42, 8]
[42, 77]
[50, 51]
[50, 16]
[50, 86]
[50, 85]
[51, 17]
[51, 87]
[51, 86]
[53, 19]
[53, 88]
[56, 22]
[56, 92]
[59, 25]
[61, 62]
[61, 96]
[62, 63]
[62, 98]
[63, 29]
[63, 98]
[67, 68]
[67, 33]
[67, 102]
[68, 69]
[68, 104]
[69, 104]
[70, 71]
[70, 105]
[71, 72]
[71, 37]
[74, 75]
[74, 40]
[74, 109]
[75, 76]
[75, 111]
[76, 77]
[76, 42]
[76, 112]
[76, 111]
[77, 113]
[77, 112]
[80, 81]
[81, 117]
[85, 86]
[85, 51]
[85, 120]
[86, 87]
[87, 88]
[87, 53]
[88, 124]
[90, 56]
[90, 126]
[90, 125]
[92, 127]
[96, 62]
[96, 131]
[98, 134]
[100, 101]
[100, 136]
[100, 135]
[101, 102]
[101, 67]
[101, 137]
[101, 136]
[102, 68]
[102, 137]
[104, 139]
[105, 71]
[105, 141]
[105, 140]
[109, 75]
[109, 144]
[111, 112]
[111, 77]
[111, 147]
[112, 113]
[112, 147]
[117, 118]
[117, 153]
[118, 119]
[118, 154]
[118, 153]
[119, 120]
[119, 85]
[119, 154]
[120, 86]
[120, 156]
[124, 125]
[124, 90]
[124, 160]
[125, 126]
[125, 160]
[126, 127]
[126, 92]
[130, 131]
[130, 96]
[130, 166]
[130, 165]
[131, 167]
[131, 166]
[134, 135]
[134, 100]
[134, 170]
[135, 136]
[135, 101]
[135, 171]
[135, 170]
[136, 137]
[136, 102]
[136, 172]
[136, 171]
[137, 173]
[137, 172]
[140, 141]
[140, 175]
[141, 142]
[141, 177]
[142, 177]
[144, 180]
[147, 113]
[150, 151]
[150, 185]
[151, 117]
[153, 154]
[153, 119]
[153, 188]
[154, 120]
[154, 190]
[156, 157]
[156, 192]
[157, 192]
[160, 126]
[160, 196]
[165, 166]
[165, 131]
[165, 201]
[165, 200]
[166, 167]
[166, 201]
[167, 203]
[170, 171]
[170, 136]
[170, 206]
[171, 172]
[171, 137]
[171, 207]
[171, 206]
[172, 173]
[172, 208]
[172, 207]
[173, 139]
[173, 209]
[173, 208]
[175, 141]
[175, 211]
[180, 181]
[180, 216]
[181, 147]
[181, 217]
[181, 216]
[184, 185]
[184, 150]
[185, 151]
[185, 221]
[188, 154]
[188, 224]
[188, 223]
[190, 156]
[190, 225]
[194, 160]
[194, 230]
[194, 229]
[196, 232]
[200, 201]
[200, 166]
[200, 236]
[200, 235]
[201, 167]
[201, 236]
[203, 239]
[206, 207]
[206, 172]
[207, 208]
[207, 173]
[208, 209]
[208, 244]
[209, 244]
[211, 177]
[214, 180]
[216, 217]
[217, 218]
[218, 184]
[221, 222]
[222, 223]
[222, 188]
[223, 224]
[224, 225]
[224, 190]
[229, 230]
[230, 196]
[232, 233]
[235, 236]
[235, 201]
