[0, 1]
[0, 36]
[0, 35]
[1, 36]
[11, 47]
[11, 46]
[14, 15]
[14, 50]
[15, 16]
[15, 50]
[16, 17]
[16, 52]
[17, 53]
[17, 52]
[20, 21]
[20, 55]
[21, 22]
[22, 23]
[22, 58]
[23, 24]
[23, 58]
[35, 36]
[35, 1]
[35, 71]
[35, 70]
[36, 72]
[36, 71]
[45, 46]
[45, 11]
[45, 81]
[45, 80]
[46, 47]
[46, 81]
[47, 48]
[47, 83]
[48, 14]
[48, 83]
[50, 16]
[52, 53]
[52, 88]
[52, 87]
[53, 88]
[55, 21]
[58, 24]
[58, 93]
[61, 62]
[61, 97]
[62, 98]
[62, 97]
[65, 66]
[66, 67]
[66, 102]
[67, 103]
[67, 102]
[70, 71]
[70, 36]
[70, 106]
[71, 72]
[71, 106]
[72, 38]
[75, 76]
[76, 77]
[77, 78]
[77, 113]
[78, 114]
[78, 113]
[80, 81]
[80, 46]
[81, 47]
[87, 88]
[87, 53]
[93, 129]
[95, 61]
[97, 98]
[98, 99]
[98, 134]
[99, 65]
[99, 134]
[102, 103]
[103, 104]
[106, 72]
[109, 75]
[109, 144]
[113, 114]
[113, 149]
[113, 148]
[114, 80]
[114, 150]
[114, 149]
[129, 95]
[134, 170]
[134, 169]
[144, 180]
[146, 147]
[146, 182]
[147, 148]
[147, 113]
[147, 182]
[148, 149]
[148, 114]
[148, 184]
[149, 150]
[149, 184]
[153, 154]
[157, 158]
[157, 192]
[158, 159]
[159, 195]
[163, 129]
[163, 198]
[169, 170]
[169, 204]
[170, 171]
[173, 209]
[173, 208]
[177, 212]
[180, 146]
[180, 215]
[182, 148]
[182, 218]
[184, 150]
[192, 158]
[195, 231]
[195, 230]
[197, 198]
[197, 163]
[202, 237]
[204, 170]
[204, 240]
[208, 209]
[208, 244]
[208, 243]
[209, 244]
[218, 184]
[222, 223]
[226, 192]
[230, 231]
[231, 197]
[240, 241]
[243, 244]
[243, 209]
