[1, 2]
[1, 37]
[1, 36]
[2, 37]
[4, 40]
[6, 7]
[6, 41]
[7, 8]
[7, 43]
[8, 9]
[8, 43]
[9, 45]
[18, 54]
[18, 53]
[21, 22]
[21, 57]
[22, 57]
[29, 65]
[29, 64]
[32, 33]
[32, 67]
[33, 34]
[33, 69]
[34, 69]
[35, 36]
[35, 1]
[35, 71]
[36, 37]
[36, 2]
[36, 71]
[40, 41]
[40, 6]
[40, 75]
[41, 7]
[43, 9]
[45, 81]
[52, 53]
[52, 18]
[53, 54]
[62, 63]
[62, 97]
[63, 64]
[63, 29]
[63, 99]
[64, 65]
[64, 100]
[64, 99]
[65, 100]
[67, 33]
[69, 104]
[71, 37]
[74, 75]
[74, 40]
[75, 41]
[75, 111]
[81, 82]
[82, 83]
[82, 118]
[83, 84]
[83, 118]
[84, 85]
[84, 120]
[85, 121]
[85, 120]
[91, 57]
[91, 126]
[94, 130]
[94, 129]
[97, 63]
[99, 100]
[99, 65]
[99, 135]
[100, 135]
[105, 71]
[105, 140]
[108, 74]
[114, 115]
[115, 81]
[118, 84]
[118, 154]
[120, 121]
[120, 156]
[121, 156]
[124, 125]
[124, 160]
[124, 159]
[125, 126]
[125, 91]
[125, 160]
[126, 162]
[129, 130]
[129, 164]
[138, 104]
[142, 108]
[142, 177]
[148, 114]
[148, 184]
[154, 120]
[154, 190]
[159, 160]
[159, 125]
[159, 195]
[160, 126]
[160, 195]
[162, 197]
[164, 130]
[164, 199]
[169, 135]
[169, 204]
[172, 138]
[172, 208]
[177, 213]
[179, 180]
[180, 181]
[180, 216]
[181, 182]
[181, 217]
[181, 216]
[182, 148]
[182, 217]
[184, 185]
[184, 220]
[184, 219]
[185, 220]
[190, 156]
[190, 226]
[190, 225]
[195, 231]
[204, 239]
[208, 209]
[208, 244]
[209, 244]
[213, 179]
[216, 217]
[216, 182]
[219, 220]
[219, 185]
[225, 226]
[229, 195]
[231, 197]
[242, 208]
