[2, 3]
[2, 38]
[2, 37]
[3, 39]
[3, 38]
[7, 43]
[7, 42]
[12, 13]
[12, 48]
[13, 48]
[15, 16]
[15, 51]
[16, 51]
[22, 23]
[27, 63]
[33, 69]
[33, 68]
[35, 71]
[35, 70]
[37, 38]
[37, 3]
[38, 39]
[38, 74]
[39, 5]
[39, 75]
[39, 74]
[42, 43]
[42, 78]
[42, 77]
[43, 44]
[43, 79]
[43, 78]
[44, 79]
[48, 84]
[51, 87]
[51, 86]
[56, 22]
[56, 91]
[63, 64]
[63, 99]
[64, 65]
[64, 100]
[64, 99]
[65, 101]
[65, 100]
[68, 69]
[70, 71]
[70, 105]
[71, 37]
[74, 75]
[74, 110]
[74, 109]
[75, 76]
[75, 111]
[75, 110]
[76, 77]
[76, 42]
[76, 112]
[76, 111]
[77, 78]
[77, 43]
[77, 112]
[78, 79]
[78, 44]
[78, 114]
[79, 115]
[79, 114]
[81, 82]
[81, 116]
[82, 48]
[82, 118]
[84, 120]
[84, 119]
[86, 87]
[87, 123]
[90, 91]
[90, 56]
[90, 126]
[90, 125]
[91, 127]
[91, 126]
[94, 60]
[94, 129]
[97, 63]
[97, 133]
[99, 100]
[99, 65]
[99, 135]
[100, 101]
[100, 135]
[101, 102]
[101, 137]
[102, 68]
[102, 137]
[105, 71]
[105, 141]
[105, 140]
[108, 109]
[108, 74]
[108, 144]
[108, 143]
[109, 110]
[109, 75]
[109, 145]
[109, 144]
[110, 111]
[110, 76]
[110, 146]
[110, 145]
[111, 112]
[111, 77]
[111, 146]
[112, 78]
[112, 148]
[114, 115]
[115, 116]
[115, 81]
[116, 82]
[116, 152]
[118, 119]
[118, 84]
[119, 120]
[120, 86]
[123, 124]
[123, 158]
[124, 125]
[124, 90]
[124, 160]
[125, 126]
[125, 91]
[125, 160]
[126, 127]
[127, 128]
[128, 129]
[128, 94]
[133, 99]
[133, 169]
[133, 168]
[135, 101]
[135, 170]
[137, 173]
[140, 141]
[140, 175]
[141, 142]
[142, 143]
[142, 108]
[142, 178]
[143, 144]
[143, 109]
[143, 179]
[143, 178]
[144, 145]
[144, 110]
[144, 179]
[145, 146]
[145, 111]
[146, 112]
[146, 182]
[148, 114]
[148, 184]
[148, 183]
[152, 118]
[152, 188]
[152, 187]
[158, 124]
[158, 194]
[160, 126]
[160, 196]
[160, 195]
[166, 167]
[166, 202]
[167, 168]
[167, 133]
[167, 203]
[167, 202]
[168, 169]
[168, 203]
[169, 170]
[169, 135]
[169, 205]
[170, 205]
[173, 174]
[173, 208]
[175, 141]
[178, 179]
[178, 144]
[179, 145]
[182, 183]
[182, 148]
[182, 217]
[183, 184]
[183, 219]
[184, 185]
[184, 219]
[185, 186]
[185, 221]
[186, 187]
[186, 152]
[186, 221]
[187, 188]
[187, 223]
[188, 223]
[190, 226]
[194, 195]
[194, 160]
[194, 230]
[194, 229]
[195, 196]
[195, 230]
[196, 232]
[198, 199]
[198, 234]
[199, 235]
[199, 234]
[202, 203]
[202, 168]
[203, 169]
[203, 239]
[205, 241]
[207, 208]
[207, 173]
[207, 243]
[207, 242]
[208, 174]
[208, 244]
[208, 243]
[217, 183]
[219, 185]
[221, 187]
[226, 227]
[229, 230]
[229, 195]
[230, 196]
[232, 198]
[234, 235]
[235, 236]
[236, 202]
[239, 205]
[241, 242]
[241, 207]
[242, 243]
[242, 208]
[243, 244]
