[3, 4]
[3, 38]
[4, 5]
[5, 6]
[6, 7]
[6, 42]
[7, 43]
[7, 42]
[13, 14]
[14, 15]
[15, 16]
[16, 17]
[17, 53]
[21, 56]
[25, 61]
[28, 64]
[32, 68]
[32, 67]
[34, 69]
[35, 70]
[38, 4]
[42, 43]
[42, 77]
[43, 44]
[43, 79]
[44, 10]
[44, 79]
[47, 13]
[47, 83]
[53, 88]
[56, 91]
[61, 62]
[62, 28]
[64, 30]
[64, 100]
[67, 68]
[68, 69]
[68, 34]
[68, 104]
[69, 104]
[70, 105]
[72, 38]
[75, 76]
[75, 111]
[76, 77]
[76, 42]
[76, 112]
[76, 111]
[77, 43]
[77, 112]
[81, 47]
[81, 116]
[83, 84]
[83, 118]
[84, 85]
[84, 120]
[85, 120]
[87, 88]
[87, 53]
[87, 123]
[88, 123]
[90, 91]
[90, 56]
[90, 126]
[90, 125]
[91, 126]
[100, 101]
[100, 135]
[101, 67]
[101, 137]
[104, 139]
[105, 141]
[109, 75]
[109, 144]
[111, 112]
[111, 77]
[111, 147]
[112, 147]
[116, 152]
[118, 84]
[120, 155]
[123, 158]
[125, 126]
[125, 91]
[125, 161]
[125, 160]
[126, 161]
[129, 165]
[129, 164]
[132, 133]
[133, 134]
[133, 169]
[134, 135]
[134, 100]
[134, 170]
[134, 169]
[135, 101]
[135, 170]
[137, 138]
[138, 139]
[138, 104]
[138, 174]
[139, 174]
[141, 142]
[142, 143]
[143, 144]
[143, 109]
[147, 183]
[152, 118]
[155, 191]
[155, 190]
[160, 161]
[160, 126]
[160, 196]
[161, 196]
[164, 165]
[164, 200]
[165, 166]
[165, 200]
[166, 132]
[169, 170]
[169, 135]
[175, 141]
[183, 219]
[186, 152]
[190, 191]
[190, 226]
[191, 226]
[196, 232]
[200, 166]
[200, 236]
[200, 235]
[212, 213]
[223, 224]
[224, 190]
[230, 196]
[235, 236]
[238, 239]
[239, 240]
[240, 241]
[241, 242]
[242, 243]
[243, 244]
