[0, 1]
[0, 35]
[1, 37]
[8, 43]
[10, 11]
[10, 45]
[11, 12]
[12, 13]
[13, 14]
[14, 15]
[14, 50]
[15, 51]
[15, 50]
[17, 18]
[17, 52]
[18, 19]
[19, 20]
[19, 55]
[20, 21]
[20, 56]
[20, 55]
[21, 57]
[21, 56]
[23, 24]
[23, 58]
[24, 25]
[30, 31]
[30, 66]
[31, 67]
[31, 66]
[35, 1]
[35, 70]
[37, 38]
[38, 74]
[43, 78]
[45, 11]
[50, 51]
[50, 85]
[51, 52]
[51, 17]
[51, 87]
[52, 18]
[52, 88]
[52, 87]
[55, 56]
[55, 21]
[55, 91]
[56, 57]
[56, 91]
[57, 58]
[57, 23]
[57, 93]
[58, 24]
[58, 94]
[58, 93]
[66, 67]
[67, 68]
[67, 103]
[68, 69]
[68, 103]
[70, 106]
[76, 111]
[82, 83]
[85, 51]
[85, 121]
[87, 88]
[87, 123]
[87, 122]
[88, 89]
[88, 123]
[89, 55]
[89, 125]
[91, 57]
[91, 127]
[93, 94]
[93, 129]
[94, 95]
[94, 129]
[97, 98]
[97, 133]
[97, 132]
[98, 99]
[98, 134]
[98, 133]
[99, 100]
[99, 135]
[99, 134]
[100, 66]
[100, 136]
[100, 135]
[103, 69]
[103, 139]
[106, 141]
[108, 74]
[111, 147]
[111, 146]
[121, 122]
[121, 87]
[121, 157]
[121, 156]
[122, 123]
[122, 88]
[122, 157]
[123, 89]
[123, 159]
[125, 91]
[127, 93]
[129, 95]
[129, 165]
[129, 164]
[132, 133]
[132, 98]
[133, 134]
[133, 99]
[133, 169]
[134, 135]
[134, 100]
[134, 169]
[135, 136]
[135, 171]
[136, 137]
[136, 172]
[136, 171]
[137, 103]
[137, 172]
[140, 141]
[140, 106]
[140, 176]
[141, 176]
[145, 146]
[145, 111]
[146, 147]
[150, 151]
[150, 185]
[151, 187]
[153, 154]
[154, 155]
[155, 156]
[155, 121]
[156, 157]
[156, 122]
[156, 192]
[157, 123]
[157, 192]
[159, 125]
[159, 194]
[164, 165]
[165, 166]
[166, 132]
[166, 202]
[169, 135]
[169, 205]
[169, 204]
[171, 172]
[171, 137]
[171, 207]
[172, 208]
[172, 207]
[176, 212]
[179, 145]
[179, 215]
[179, 214]
[184, 185]
[184, 150]
[185, 151]
[187, 153]
[187, 223]
[192, 228]
[194, 229]
[197, 198]
[197, 232]
[198, 164]
[202, 237]
[204, 205]
[204, 240]
[204, 239]
[205, 171]
[205, 240]
[207, 208]
[207, 242]
[208, 244]
[214, 215]
[217, 218]
[218, 184]
[223, 224]
[228, 229]
[228, 194]
[232, 198]
[235, 236]
[236, 237]
[236, 202]
[239, 240]
[239, 205]
[242, 208]
