[0, 1]
[0, 35]
[1, 2]
[2, 3]
[3, 4]
[7, 8]
[12, 47]
[15, 51]
[17, 52]
[23, 24]
[23, 58]
[24, 60]
[26, 27]
[26, 62]
[27, 28]
[27, 62]
[28, 29]
[35, 1]
[35, 71]
[35, 70]
[47, 83]
[51, 52]
[51, 17]
[51, 87]
[51, 86]
[52, 88]
[52, 87]
[58, 24]
[60, 26]
[62, 28]
[62, 97]
[66, 101]
[70, 71]
[70, 106]
[71, 106]
[75, 111]
[75, 110]
[77, 112]
[79, 80]
[79, 115]
[79, 114]
[80, 115]
[83, 84]
[83, 118]
[84, 85]
[85, 86]
[85, 51]
[85, 121]
[86, 87]
[86, 52]
[86, 122]
[86, 121]
[87, 88]
[87, 123]
[87, 122]
[88, 123]
[92, 58]
[92, 128]
[92, 127]
[101, 137]
[106, 142]
[110, 111]
[110, 146]
[111, 112]
[111, 77]
[111, 147]
[111, 146]
[112, 147]
[114, 115]
[114, 80]
[115, 151]
[118, 84]
[121, 122]
[121, 87]
[121, 157]
[122, 123]
[122, 88]
[122, 158]
[122, 157]
[123, 158]
[126, 127]
[126, 92]
[126, 162]
[126, 161]
[127, 128]
[127, 162]
[128, 129]
[128, 164]
[129, 130]
[129, 164]
[130, 131]
[131, 97]
[131, 167]
[137, 103]
[144, 110]
[144, 179]
[146, 147]
[146, 112]
[146, 181]
[147, 183]
[151, 186]
[157, 158]
[157, 123]
[157, 193]
[158, 193]
[161, 162]
[161, 127]
[161, 196]
[162, 128]
[164, 130]
[167, 202]
[179, 215]
[181, 147]
[181, 216]
[186, 221]
[189, 225]
[189, 224]
[193, 229]
[195, 196]
[195, 161]
[196, 162]
[208, 209]
[208, 244]
[208, 243]
[209, 244]
[215, 216]
[215, 181]
[220, 221]
[220, 186]
[224, 225]
[225, 226]
[226, 227]
[227, 193]
[229, 195]
[243, 244]
[243, 209]
