[0, 36]
[0, 35]
[6, 7]
[6, 41]
[7, 43]
[9, 10]
[10, 46]
[16, 17]
[21, 56]
[31, 32]
[31, 67]
[31, 66]
[32, 33]
[32, 67]
[35, 36]
[35, 70]
[38, 4]
[41, 7]
[41, 76]
[43, 9]
[43, 79]
[48, 14]
[54, 55]
[54, 90]
[54, 89]
[55, 56]
[55, 21]
[55, 91]
[55, 90]
[56, 91]
[63, 99]
[65, 66]
[65, 31]
[65, 101]
[65, 100]
[66, 67]
[66, 32]
[66, 101]
[67, 33]
[67, 103]
[70, 36]
[76, 111]
[79, 80]
[80, 46]
[85, 86]
[85, 120]
[86, 87]
[86, 122]
[87, 88]
[87, 122]
[88, 89]
[88, 54]
[88, 124]
[89, 90]
[89, 55]
[89, 125]
[89, 124]
[90, 91]
[90, 56]
[90, 125]
[91, 127]
[93, 129]
[93, 128]
[97, 63]
[97, 132]
[99, 100]
[99, 65]
[99, 135]
[100, 101]
[100, 66]
[100, 135]
[101, 67]
[101, 137]
[108, 144]
[108, 143]
[110, 111]
[110, 76]
[110, 145]
[111, 147]
[113, 79]
[113, 149]
[120, 86]
[120, 156]
[120, 155]
[122, 88]
[122, 158]
[122, 157]
[124, 125]
[124, 90]
[125, 91]
[125, 161]
[127, 128]
[127, 93]
[128, 129]
[129, 165]
[132, 167]
[135, 101]
[135, 171]
[135, 170]
[137, 103]
[140, 141]
[140, 175]
[141, 142]
[141, 177]
[142, 143]
[142, 108]
[142, 178]
[142, 177]
[143, 144]
[143, 179]
[143, 178]
[144, 145]
[144, 110]
[144, 180]
[144, 179]
[145, 111]
[145, 181]
[145, 180]
[147, 113]
[149, 150]
[149, 185]
[150, 185]
[153, 188]
[155, 156]
[155, 191]
[156, 157]
[156, 122]
[156, 191]
[157, 158]
[158, 124]
[161, 127]
[165, 200]
[167, 203]
[170, 171]
[170, 205]
[171, 137]
[171, 207]
[175, 141]
[177, 178]
[177, 143]
[178, 179]
[178, 144]
[179, 180]
[179, 145]
[180, 181]
[181, 147]
[181, 217]
[185, 221]
[187, 188]
[187, 153]
[187, 223]
[187, 222]
[188, 223]
[191, 157]
[191, 227]
[191, 226]
[195, 161]
[195, 230]
[205, 171]
[205, 241]
[207, 208]
[207, 242]
[208, 209]
[217, 218]
[218, 219]
[219, 185]
[221, 222]
[221, 187]
[222, 223]
[222, 188]
[225, 226]
[225, 191]
[226, 227]
[227, 228]
[232, 198]
[241, 242]
[241, 207]
[242, 208]
