[1, 2]
[1, 37]
[1, 36]
[2, 3]
[2, 37]
[3, 4]
[4, 5]
[5, 6]
[5, 41]
[6, 7]
[6, 41]
[7, 8]
[7, 43]
[8, 43]
[15, 16]
[15, 50]
[16, 17]
[16, 52]
[17, 52]
[19, 55]
[19, 54]
[23, 24]
[23, 58]
[26, 62]
[26, 61]
[28, 63]
[33, 34]
[33, 69]
[33, 68]
[34, 69]
[35, 36]
[35, 1]
[36, 37]
[36, 2]
[37, 3]
[41, 7]
[43, 79]
[45, 46]
[45, 81]
[46, 81]
[50, 16]
[50, 86]
[54, 55]
[54, 90]
[54, 89]
[55, 56]
[55, 91]
[55, 90]
[56, 57]
[56, 91]
[57, 58]
[57, 23]
[57, 93]
[58, 24]
[58, 94]
[58, 93]
[61, 62]
[61, 96]
[62, 63]
[62, 28]
[63, 99]
[68, 69]
[68, 34]
[68, 103]
[74, 75]
[74, 110]
[74, 109]
[75, 41]
[75, 111]
[75, 110]
[79, 45]
[79, 115]
[81, 117]
[84, 50]
[86, 52]
[86, 121]
[89, 90]
[89, 55]
[90, 91]
[90, 56]
[90, 126]
[91, 57]
[91, 127]
[91, 126]
[93, 94]
[93, 128]
[96, 62]
[101, 102]
[101, 136]
[102, 103]
[102, 68]
[102, 138]
[103, 69]
[103, 139]
[103, 138]
[105, 141]
[105, 140]
[109, 110]
[109, 75]
[109, 144]
[110, 111]
[111, 112]
[111, 147]
[112, 147]
[115, 81]
[115, 150]
[117, 118]
[117, 152]
[118, 84]
[118, 154]
[126, 127]
[126, 161]
[127, 128]
[127, 93]
[128, 94]
[136, 102]
[136, 172]
[136, 171]
[138, 139]
[138, 173]
[140, 141]
[140, 176]
[141, 177]
[141, 176]
[143, 144]
[143, 109]
[143, 178]
[144, 110]
[147, 183]
[147, 182]
[149, 150]
[149, 115]
[150, 186]
[152, 118]
[152, 187]
[154, 189]
[158, 159]
[158, 193]
[161, 127]
[161, 197]
[166, 201]
[170, 171]
[170, 136]
[170, 206]
[170, 205]
[171, 172]
[171, 206]
[172, 173]
[172, 138]
[172, 208]
[173, 139]
[173, 209]
[173, 208]
[176, 177]
[176, 211]
[177, 178]
[177, 143]
[177, 213]
[178, 144]
[178, 214]
[178, 213]
[181, 182]
[181, 147]
[181, 217]
[182, 183]
[182, 218]
[182, 217]
[183, 149]
[183, 218]
[186, 187]
[186, 152]
[189, 225]
[189, 224]
[192, 193]
[192, 158]
[192, 227]
[193, 159]
[193, 229]
[197, 198]
[197, 233]
[197, 232]
[198, 199]
[198, 234]
[198, 233]
[199, 235]
[199, 234]
[203, 204]
[203, 239]
[204, 205]
[204, 170]
[204, 240]
[204, 239]
[205, 206]
[205, 171]
[205, 240]
[206, 172]
[206, 242]
[208, 209]
[211, 177]
[213, 214]
[217, 218]
[217, 183]
[220, 186]
[224, 225]
[225, 226]
[226, 227]
[226, 192]
[227, 193]
[229, 230]
[230, 231]
[231, 232]
[231, 197]
[232, 233]
[232, 198]
[233, 234]
[233, 199]
[234, 235]
[235, 201]
[239, 240]
[239, 205]
[240, 206]
[242, 208]
