[6, 42]
[6, 41]
[10, 11]
[10, 46]
[11, 47]
[11, 46]
[15, 51]
[22, 23]
[22, 58]
[23, 24]
[23, 58]
[27, 28]
[27, 63]
[27, 62]
[28, 64]
[28, 63]
[30, 66]
[30, 65]
[36, 72]
[39, 40]
[39, 75]
[39, 74]
[40, 41]
[40, 6]
[40, 75]
[41, 42]
[44, 10]
[46, 47]
[46, 81]
[47, 83]
[51, 86]
[53, 89]
[53, 88]
[55, 56]
[55, 90]
[56, 22]
[56, 92]
[58, 24]
[58, 94]
[61, 62]
[61, 27]
[61, 97]
[61, 96]
[62, 63]
[62, 28]
[62, 98]
[62, 97]
[63, 64]
[63, 99]
[63, 98]
[64, 65]
[64, 30]
[64, 100]
[64, 99]
[65, 66]
[65, 101]
[65, 100]
[66, 101]
[68, 69]
[68, 104]
[68, 103]
[69, 104]
[70, 36]
[70, 106]
[72, 108]
[74, 75]
[74, 40]
[74, 109]
[75, 41]
[75, 111]
[81, 47]
[83, 84]
[83, 119]
[83, 118]
[84, 119]
[86, 122]
[88, 89]
[89, 90]
[89, 55]
[89, 125]
[90, 56]
[90, 125]
[92, 58]
[92, 128]
[92, 127]
[94, 95]
[95, 96]
[95, 61]
[96, 97]
[96, 62]
[97, 98]
[97, 63]
[97, 133]
[98, 99]
[98, 64]
[98, 133]
[99, 100]
[99, 65]
[100, 101]
[100, 66]
[101, 137]
[103, 104]
[103, 69]
[103, 138]
[106, 72]
[106, 142]
[106, 141]
[108, 109]
[108, 74]
[108, 144]
[108, 143]
[109, 75]
[109, 145]
[109, 144]
[111, 147]
[111, 146]
[118, 119]
[118, 84]
[118, 154]
[119, 154]
[122, 88]
[122, 157]
[125, 160]
[127, 128]
[127, 162]
[128, 94]
[128, 164]
[133, 99]
[137, 138]
[137, 103]
[137, 172]
[138, 104]
[138, 174]
[140, 141]
[140, 106]
[140, 176]
[140, 175]
[141, 142]
[141, 176]
[142, 143]
[142, 108]
[143, 144]
[143, 109]
[143, 179]
[144, 145]
[144, 179]
[145, 146]
[145, 111]
[145, 181]
[146, 147]
[146, 182]
[146, 181]
[147, 148]
[147, 182]
[150, 151]
[150, 186]
[150, 185]
[151, 186]
[154, 190]
[156, 157]
[156, 122]
[156, 192]
[156, 191]
[157, 192]
[159, 160]
[159, 125]
[160, 196]
[162, 128]
[162, 197]
[167, 133]
[167, 203]
[171, 172]
[171, 137]
[171, 206]
[172, 138]
[174, 209]
[175, 176]
[175, 141]
[175, 211]
[176, 142]
[176, 211]
[179, 145]
[179, 215]
[181, 182]
[181, 147]
[182, 148]
[182, 218]
[185, 186]
[185, 151]
[185, 221]
[186, 221]
[188, 154]
[188, 223]
[190, 191]
[190, 156]
[191, 192]
[191, 157]
[196, 197]
[196, 162]
[196, 232]
[196, 231]
[197, 233]
[197, 232]
[203, 204]
[203, 239]
[203, 238]
[204, 239]
[206, 172]
[206, 242]
[209, 244]
[213, 179]
[215, 181]
[231, 232]
[231, 197]
[232, 233]
[238, 239]
[238, 204]
[242, 243]
[243, 244]
[243, 209]
