[4, 5]
[4, 40]
[4, 39]
[5, 41]
[5, 40]
[7, 43]
[7, 42]
[9, 44]
[13, 14]
[13, 48]
[16, 17]
[17, 53]
[22, 58]
[24, 25]
[27, 62]
[29, 30]
[29, 65]
[30, 31]
[30, 65]
[31, 32]
[32, 68]
[38, 39]
[38, 4]
[38, 74]
[38, 73]
[39, 40]
[39, 5]
[39, 75]
[39, 74]
[40, 41]
[40, 75]
[41, 42]
[41, 7]
[42, 43]
[42, 78]
[43, 44]
[43, 9]
[43, 79]
[43, 78]
[44, 79]
[48, 14]
[48, 83]
[53, 54]
[53, 89]
[54, 90]
[54, 89]
[56, 22]
[58, 24]
[65, 31]
[65, 101]
[71, 107]
[73, 74]
[73, 39]
[73, 109]
[74, 75]
[74, 40]
[74, 110]
[74, 109]
[75, 41]
[75, 110]
[78, 79]
[78, 44]
[78, 113]
[83, 118]
[85, 86]
[85, 121]
[85, 120]
[86, 87]
[86, 122]
[86, 121]
[87, 53]
[87, 123]
[87, 122]
[89, 90]
[89, 125]
[89, 124]
[90, 56]
[90, 125]
[95, 96]
[95, 131]
[96, 62]
[96, 132]
[96, 131]
[99, 65]
[99, 134]
[101, 137]
[107, 73]
[109, 110]
[109, 75]
[109, 144]
[110, 146]
[113, 79]
[113, 148]
[118, 154]
[118, 153]
[120, 121]
[120, 86]
[120, 156]
[121, 122]
[121, 87]
[121, 156]
[122, 123]
[123, 124]
[123, 89]
[124, 125]
[124, 90]
[124, 160]
[125, 160]
[127, 162]
[131, 132]
[132, 168]
[134, 170]
[134, 169]
[137, 172]
[141, 107]
[144, 110]
[146, 182]
[146, 181]
[151, 152]
[152, 153]
[152, 118]
[153, 154]
[154, 120]
[156, 122]
[160, 196]
[160, 195]
[162, 198]
[164, 165]
[164, 200]
[165, 131]
[165, 200]
[168, 169]
[168, 134]
[168, 203]
[169, 170]
[169, 205]
[170, 205]
[172, 207]
[181, 182]
[181, 217]
[182, 148]
[182, 217]
[194, 195]
[194, 160]
[195, 196]
[196, 162]
[196, 232]
[198, 164]
[202, 203]
[202, 168]
[202, 237]
[203, 169]
[203, 239]
[205, 241]
[205, 240]
[207, 243]
[209, 244]
[215, 181]
[222, 223]
[225, 226]
[226, 227]
[232, 198]
[237, 203]
[239, 240]
[239, 205]
[240, 241]
[241, 207]
[243, 244]
[243, 209]
