[1, 2]
[1, 36]
[2, 3]
[2, 38]
[3, 4]
[3, 38]
[4, 40]
[6, 7]
[6, 42]
[7, 8]
[7, 43]
[7, 42]
[8, 44]
[8, 43]
[14, 50]
[17, 53]
[21, 22]
[21, 57]
[22, 57]
[24, 60]
[28, 29]
[28, 64]
[29, 30]
[29, 65]
[29, 64]
[30, 31]
[30, 65]
[36, 2]
[36, 72]
[38, 4]
[40, 6]
[42, 43]
[42, 8]
[43, 44]
[44, 80]
[47, 83]
[50, 51]
[50, 86]
[50, 85]
[51, 17]
[51, 87]
[51, 86]
[53, 88]
[55, 21]
[60, 61]
[60, 95]
[61, 97]
[64, 65]
[64, 30]
[65, 31]
[68, 34]
[68, 104]
[68, 103]
[70, 36]
[72, 38]
[72, 108]
[80, 81]
[80, 116]
[81, 47]
[81, 117]
[81, 116]
[85, 86]
[85, 51]
[85, 121]
[86, 87]
[86, 121]
[87, 88]
[87, 53]
[87, 123]
[88, 124]
[88, 123]
[94, 95]
[94, 60]
[95, 61]
[95, 131]
[97, 133]
[103, 104]
[103, 138]
[108, 143]
[114, 80]
[114, 150]
[114, 149]
[116, 117]
[116, 152]
[116, 151]
[117, 83]
[117, 152]
[121, 87]
[123, 124]
[124, 125]
[124, 160]
[125, 126]
[125, 161]
[125, 160]
[126, 162]
[126, 161]
[131, 97]
[131, 167]
[131, 166]
[137, 138]
[137, 103]
[138, 104]
[140, 175]
[142, 143]
[142, 108]
[142, 178]
[143, 179]
[143, 178]
[149, 150]
[150, 151]
[150, 116]
[150, 186]
[151, 152]
[151, 117]
[151, 187]
[151, 186]
[152, 187]
[154, 155]
[154, 189]
[155, 121]
[155, 191]
[160, 161]
[160, 126]
[161, 162]
[161, 197]
[162, 197]
[166, 167]
[166, 202]
[167, 133]
[167, 203]
[167, 202]
[171, 137]
[175, 211]
[175, 210]
[178, 179]
[179, 215]
[186, 187]
[186, 152]
[186, 222]
[187, 222]
[189, 155]
[189, 224]
[191, 192]
[192, 193]
[197, 232]
[202, 203]
[202, 238]
[202, 237]
[203, 239]
[203, 238]
[210, 211]
[219, 220]
[220, 186]
[237, 238]
[237, 203]
[238, 239]
