[0, 1]
[0, 35]
[1, 2]
[1, 37]
[2, 38]
[2, 37]
[5, 6]
[5, 41]
[6, 41]
[10, 11]
[10, 46]
[11, 46]
[15, 16]
[15, 50]
[20, 21]
[21, 22]
[25, 26]
[26, 62]
[28, 29]
[29, 65]
[31, 66]
[33, 34]
[33, 69]
[33, 68]
[34, 69]
[35, 1]
[35, 71]
[35, 70]
[37, 38]
[37, 73]
[37, 72]
[38, 39]
[38, 74]
[38, 73]
[39, 5]
[39, 74]
[49, 50]
[49, 15]
[50, 16]
[54, 20]
[54, 90]
[62, 28]
[65, 66]
[65, 31]
[65, 100]
[68, 69]
[68, 34]
[68, 104]
[69, 104]
[70, 71]
[70, 106]
[71, 72]
[71, 37]
[71, 106]
[72, 73]
[72, 38]
[72, 108]
[73, 74]
[73, 39]
[73, 108]
[74, 110]
[80, 46]
[80, 115]
[87, 88]
[88, 54]
[90, 125]
[99, 100]
[99, 65]
[99, 135]
[100, 66]
[100, 135]
[106, 72]
[106, 141]
[108, 74]
[108, 144]
[115, 151]
[125, 161]
[128, 129]
[131, 167]
[135, 170]
[137, 138]
[137, 172]
[138, 104]
[140, 141]
[140, 106]
[144, 110]
[144, 179]
[151, 152]
[157, 158]
[157, 193]
[157, 192]
[158, 193]
[161, 196]
[167, 168]
[167, 203]
[167, 202]
[168, 204]
[168, 203]
[170, 206]
[170, 205]
[172, 138]
[172, 208]
[179, 214]
[181, 216]
[189, 190]
[189, 225]
[189, 224]
[190, 191]
[190, 225]
[191, 192]
[191, 157]
[191, 227]
[192, 193]
[192, 158]
[192, 227]
[201, 202]
[201, 167]
[202, 203]
[202, 168]
[202, 238]
[203, 204]
[203, 239]
[203, 238]
[204, 205]
[204, 170]
[204, 240]
[204, 239]
[205, 206]
[205, 240]
[206, 172]
[206, 242]
[208, 244]
[208, 243]
[213, 214]
[213, 179]
[223, 224]
[223, 189]
[224, 225]
[224, 190]
[225, 191]
[227, 193]
[230, 196]
[238, 239]
[238, 204]
[239, 240]
[239, 205]
[240, 206]
[242, 243]
[242, 208]
[243, 244]
