[4, 5]
[4, 39]
[7, 8]
[8, 9]
[11, 12]
[11, 47]
[11, 46]
[12, 13]
[12, 48]
[12, 47]
[13, 49]
[13, 48]
[15, 50]
[18, 19]
[18, 54]
[19, 54]
[23, 24]
[23, 59]
[23, 58]
[24, 60]
[24, 59]
[26, 62]
[28, 63]
[33, 34]
[39, 5]
[46, 47]
[46, 12]
[46, 81]
[47, 48]
[47, 13]
[48, 49]
[48, 84]
[49, 50]
[49, 15]
[49, 84]
[58, 59]
[58, 24]
[59, 60]
[60, 26]
[62, 63]
[62, 28]
[62, 97]
[65, 66]
[65, 100]
[66, 102]
[79, 80]
[79, 114]
[80, 81]
[80, 46]
[81, 47]
[81, 117]
[84, 50]
[97, 63]
[97, 133]
[97, 132]
[100, 66]
[112, 113]
[112, 148]
[113, 114]
[113, 79]
[113, 148]
[114, 80]
[114, 150]
[117, 118]
[117, 153]
[117, 152]
[118, 84]
[118, 154]
[118, 153]
[122, 158]
[127, 163]
[127, 162]
[132, 133]
[133, 169]
[143, 179]
[148, 114]
[152, 153]
[152, 118]
[152, 188]
[153, 154]
[153, 189]
[153, 188]
[154, 155]
[154, 189]
[155, 191]
[158, 159]
[158, 194]
[158, 193]
[159, 194]
[162, 163]
[162, 198]
[163, 129]
[163, 198]
[166, 132]
[166, 201]
[169, 170]
[169, 205]
[170, 171]
[170, 205]
[171, 172]
[172, 173]
[172, 208]
[173, 139]
[173, 208]
[179, 214]
[188, 189]
[188, 154]
[188, 224]
[188, 223]
[189, 155]
[189, 224]
[191, 226]
[193, 194]
[193, 159]
[193, 228]
[196, 162]
[198, 233]
[203, 169]
[203, 238]
[205, 171]
[205, 240]
[208, 244]
[208, 243]
[213, 214]
[213, 179]
[222, 223]
[222, 188]
[223, 224]
[223, 189]
[228, 194]
[242, 243]
[242, 208]
[243, 244]
