[0, 1]
[0, 35]
[1, 2]
[1, 37]
[2, 3]
[2, 38]
[2, 37]
[3, 38]
[6, 7]
[9, 10]
[9, 45]
[9, 44]
[10, 11]
[10, 46]
[10, 45]
[11, 47]
[11, 46]
[13, 49]
[21, 57]
[23, 59]
[23, 58]
[25, 26]
[25, 60]
[30, 31]
[30, 65]
[34, 69]
[35, 1]
[35, 71]
[37, 38]
[37, 3]
[37, 73]
[38, 74]
[38, 73]
[44, 45]
[44, 10]
[45, 46]
[45, 11]
[46, 47]
[47, 13]
[47, 83]
[49, 85]
[49, 84]
[57, 58]
[57, 23]
[57, 93]
[57, 92]
[58, 59]
[58, 93]
[59, 60]
[59, 25]
[59, 95]
[60, 26]
[60, 95]
[65, 31]
[68, 69]
[68, 34]
[68, 103]
[71, 37]
[73, 74]
[73, 109]
[74, 110]
[74, 109]
[78, 44]
[78, 113]
[83, 84]
[83, 49]
[84, 85]
[85, 51]
[92, 93]
[92, 58]
[92, 128]
[93, 59]
[93, 128]
[95, 130]
[102, 103]
[102, 68]
[103, 69]
[109, 110]
[109, 145]
[109, 144]
[110, 145]
[115, 151]
[115, 150]
[117, 83]
[117, 153]
[117, 152]
[124, 125]
[124, 159]
[125, 126]
[125, 161]
[126, 92]
[126, 162]
[126, 161]
[128, 164]
[132, 167]
[141, 177]
[144, 145]
[144, 110]
[144, 180]
[145, 180]
[147, 113]
[147, 183]
[147, 182]
[150, 151]
[151, 152]
[151, 117]
[152, 153]
[152, 188]
[153, 154]
[153, 188]
[154, 190]
[159, 125]
[161, 162]
[162, 128]
[164, 130]
[164, 200]
[167, 203]
[173, 174]
[175, 141]
[175, 211]
[180, 216]
[180, 215]
[182, 183]
[182, 218]
[183, 218]
[188, 154]
[188, 224]
[190, 156]
[190, 226]
[200, 236]
[203, 239]
[211, 177]
[215, 216]
[216, 182]
[220, 221]
[224, 190]
[226, 227]
[227, 228]
[228, 229]
[231, 232]
[234, 200]
[239, 240]
[242, 243]
