[0, 1]
[0, 36]
[1, 37]
[1, 36]
[7, 43]
[10, 11]
[10, 46]
[10, 45]
[11, 47]
[11, 46]
[13, 14]
[13, 49]
[14, 50]
[14, 49]
[18, 54]
[27, 28]
[31, 32]
[31, 67]
[31, 66]
[32, 68]
[32, 67]
[34, 69]
[36, 37]
[36, 71]
[37, 38]
[38, 39]
[38, 74]
[39, 74]
[43, 79]
[43, 78]
[45, 46]
[45, 11]
[45, 80]
[46, 47]
[47, 13]
[49, 50]
[49, 85]
[50, 51]
[50, 85]
[54, 89]
[60, 61]
[61, 27]
[66, 67]
[66, 32]
[66, 101]
[67, 68]
[68, 69]
[68, 34]
[68, 104]
[69, 104]
[70, 71]
[70, 36]
[70, 106]
[70, 105]
[71, 37]
[71, 106]
[74, 109]
[77, 78]
[77, 43]
[77, 113]
[77, 112]
[78, 79]
[78, 114]
[78, 113]
[79, 80]
[79, 45]
[79, 115]
[79, 114]
[80, 46]
[80, 115]
[85, 51]
[85, 120]
[88, 89]
[88, 54]
[88, 124]
[89, 124]
[92, 128]
[92, 127]
[98, 134]
[98, 133]
[100, 101]
[100, 66]
[100, 136]
[101, 67]
[101, 137]
[101, 136]
[105, 106]
[105, 71]
[105, 141]
[105, 140]
[106, 142]
[106, 141]
[108, 109]
[108, 74]
[108, 144]
[109, 144]
[112, 113]
[112, 78]
[113, 114]
[113, 79]
[114, 115]
[114, 80]
[114, 150]
[115, 151]
[115, 150]
[119, 120]
[119, 85]
[119, 155]
[120, 156]
[120, 155]
[124, 160]
[126, 127]
[126, 92]
[126, 162]
[127, 128]
[127, 162]
[130, 166]
[130, 165]
[132, 133]
[132, 98]
[133, 134]
[133, 169]
[134, 100]
[134, 170]
[134, 169]
[136, 137]
[137, 138]
[138, 104]
[140, 141]
[140, 106]
[140, 175]
[141, 142]
[142, 108]
[142, 178]
[146, 112]
[150, 151]
[151, 152]
[152, 188]
[155, 156]
[155, 190]
[156, 157]
[157, 193]
[160, 126]
[162, 128]
[162, 197]
[165, 166]
[165, 201]
[165, 200]
[166, 132]
[166, 201]
[169, 170]
[169, 204]
[170, 136]
[175, 141]
[175, 211]
[178, 144]
[184, 150]
[184, 220]
[184, 219]
[188, 189]
[188, 224]
[189, 190]
[189, 155]
[189, 225]
[189, 224]
[190, 156]
[190, 226]
[190, 225]
[193, 229]
[197, 233]
[197, 232]
[200, 201]
[200, 166]
[200, 235]
[203, 204]
[203, 169]
[204, 170]
[204, 240]
[215, 216]
[216, 217]
[217, 218]
[218, 219]
[218, 184]
[219, 220]
[222, 188]
[224, 225]
[224, 190]
[225, 226]
[229, 230]
[230, 231]
[231, 232]
[231, 197]
[232, 233]
[233, 234]
[234, 235]
[234, 200]
[235, 201]
