[0, 1]
[0, 36]
[0, 35]
[1, 2]
[1, 37]
[1, 36]
[2, 37]
[6, 7]
[6, 42]
[7, 43]
[7, 42]
[10, 11]
[10, 46]
[11, 12]
[11, 46]
[12, 13]
[13, 14]
[13, 49]
[14, 49]
[21, 22]
[21, 56]
[22, 23]
[23, 59]
[27, 63]
[32, 33]
[32, 67]
[35, 36]
[35, 1]
[35, 70]
[36, 37]
[36, 2]
[37, 73]
[42, 43]
[42, 77]
[46, 12]
[49, 84]
[51, 52]
[51, 87]
[52, 53]
[52, 87]
[55, 56]
[55, 21]
[55, 90]
[56, 22]
[59, 60]
[59, 95]
[60, 95]
[66, 67]
[66, 32]
[66, 102]
[67, 33]
[67, 103]
[67, 102]
[70, 36]
[73, 109]
[73, 108]
[75, 76]
[75, 110]
[76, 77]
[76, 42]
[76, 112]
[77, 43]
[77, 113]
[77, 112]
[83, 84]
[83, 49]
[84, 120]
[87, 53]
[87, 123]
[87, 122]
[90, 56]
[90, 126]
[93, 59]
[93, 128]
[95, 131]
[95, 130]
[100, 66]
[102, 103]
[102, 138]
[103, 138]
[107, 108]
[107, 73]
[108, 109]
[108, 144]
[109, 110]
[109, 75]
[109, 145]
[109, 144]
[110, 76]
[110, 146]
[110, 145]
[112, 113]
[112, 148]
[113, 114]
[113, 149]
[113, 148]
[114, 150]
[114, 149]
[117, 83]
[117, 152]
[120, 155]
[122, 123]
[122, 157]
[123, 159]
[126, 162]
[128, 164]
[128, 163]
[130, 131]
[130, 165]
[134, 100]
[134, 170]
[134, 169]
[138, 174]
[144, 145]
[144, 110]
[144, 179]
[145, 146]
[146, 112]
[146, 182]
[148, 149]
[148, 114]
[148, 184]
[148, 183]
[149, 150]
[149, 185]
[149, 184]
[150, 151]
[150, 185]
[151, 152]
[151, 117]
[151, 187]
[152, 187]
[155, 190]
[157, 123]
[157, 192]
[159, 195]
[162, 163]
[162, 128]
[162, 198]
[162, 197]
[163, 164]
[163, 198]
[164, 165]
[164, 130]
[164, 200]
[165, 131]
[165, 201]
[165, 200]
[169, 170]
[169, 205]
[169, 204]
[170, 171]
[170, 205]
[171, 172]
[172, 138]
[174, 209]
[179, 145]
[179, 215]
[182, 183]
[182, 148]
[183, 184]
[183, 149]
[183, 219]
[184, 185]
[184, 150]
[184, 220]
[184, 219]
[185, 151]
[185, 221]
[185, 220]
[187, 223]
[189, 190]
[189, 155]
[189, 224]
[190, 226]
[192, 227]
[195, 196]
[195, 231]
[196, 197]
[196, 162]
[196, 231]
[197, 198]
[197, 163]
[198, 164]
[200, 201]
[200, 236]
[201, 237]
[201, 236]
[203, 204]
[203, 169]
[204, 205]
[204, 170]
[205, 171]
[209, 244]
[219, 220]
[219, 185]
[220, 221]
[221, 187]
[223, 224]
[223, 189]
[224, 190]
[226, 227]
[226, 192]
[231, 197]
[236, 237]
[237, 203]
