[1, 37]
[1, 36]
[3, 4]
[3, 39]
[3, 38]
[4, 39]
[19, 20]
[20, 56]
[26, 61]
[29, 30]
[30, 31]
[31, 32]
[32, 33]
[33, 69]
[36, 37]
[36, 72]
[37, 38]
[37, 3]
[37, 73]
[37, 72]
[38, 39]
[38, 4]
[38, 74]
[38, 73]
[39, 75]
[39, 74]
[42, 78]
[46, 47]
[52, 87]
[56, 92]
[56, 91]
[60, 61]
[60, 26]
[60, 96]
[60, 95]
[61, 96]
[63, 29]
[63, 98]
[72, 73]
[72, 38]
[73, 74]
[73, 39]
[73, 109]
[74, 75]
[74, 110]
[74, 109]
[75, 110]
[78, 114]
[91, 92]
[92, 58]
[92, 128]
[95, 96]
[95, 61]
[95, 130]
[98, 134]
[98, 133]
[101, 136]
[109, 110]
[109, 75]
[109, 145]
[109, 144]
[110, 145]
[114, 115]
[114, 150]
[114, 149]
[115, 150]
[118, 119]
[119, 120]
[120, 121]
[121, 87]
[121, 157]
[130, 96]
[133, 134]
[134, 135]
[134, 170]
[135, 136]
[135, 101]
[135, 170]
[138, 174]
[143, 144]
[143, 109]
[143, 179]
[144, 145]
[144, 110]
[144, 179]
[148, 149]
[148, 114]
[148, 183]
[149, 150]
[149, 115]
[149, 185]
[150, 186]
[150, 185]
[152, 118]
[152, 187]
[157, 158]
[158, 124]
[162, 128]
[162, 198]
[162, 197]
[167, 133]
[170, 136]
[170, 206]
[174, 209]
[177, 143]
[177, 212]
[179, 145]
[183, 149]
[185, 186]
[186, 187]
[186, 152]
[186, 222]
[187, 223]
[187, 222]
[189, 190]
[189, 224]
[190, 226]
[195, 231]
[195, 230]
[197, 198]
[201, 167]
[201, 237]
[206, 207]
[206, 242]
[206, 241]
[207, 242]
[209, 244]
[210, 211]
[211, 212]
[211, 177]
[217, 183]
[222, 223]
[223, 224]
[223, 189]
[224, 190]
[226, 227]
[229, 230]
[229, 195]
[230, 231]
[231, 197]
[241, 242]
[241, 207]
