[0, 1]
[0, 36]
[1, 2]
[1, 37]
[1, 36]
[2, 3]
[2, 37]
[3, 39]
[5, 6]
[6, 42]
[13, 49]
[17, 18]
[17, 52]
[18, 19]
[19, 55]
[21, 22]
[21, 57]
[21, 56]
[22, 58]
[22, 57]
[25, 26]
[25, 60]
[28, 29]
[29, 30]
[30, 66]
[34, 69]
[36, 37]
[36, 2]
[36, 71]
[37, 3]
[37, 73]
[39, 5]
[42, 43]
[43, 44]
[44, 45]
[44, 80]
[45, 81]
[45, 80]
[49, 50]
[49, 85]
[49, 84]
[50, 85]
[52, 18]
[55, 56]
[55, 21]
[55, 91]
[56, 57]
[56, 22]
[56, 92]
[56, 91]
[57, 58]
[57, 92]
[58, 94]
[60, 26]
[66, 67]
[67, 68]
[67, 103]
[68, 69]
[68, 34]
[68, 104]
[68, 103]
[69, 104]
[70, 71]
[70, 36]
[70, 105]
[71, 37]
[71, 107]
[73, 39]
[80, 81]
[80, 116]
[80, 115]
[81, 82]
[81, 116]
[84, 85]
[84, 50]
[85, 121]
[91, 92]
[91, 57]
[91, 127]
[91, 126]
[92, 58]
[92, 128]
[92, 127]
[94, 60]
[94, 130]
[97, 98]
[98, 99]
[98, 134]
[99, 135]
[99, 134]
[103, 104]
[103, 69]
[103, 138]
[105, 71]
[107, 73]
[107, 143]
[110, 146]
[113, 148]
[115, 116]
[115, 81]
[116, 82]
[116, 152]
[123, 124]
[123, 159]
[123, 158]
[124, 125]
[124, 159]
[125, 126]
[125, 91]
[126, 127]
[126, 92]
[127, 128]
[128, 94]
[128, 164]
[134, 135]
[134, 170]
[135, 136]
[135, 171]
[135, 170]
[136, 171]
[138, 104]
[138, 174]
[143, 144]
[143, 178]
[144, 110]
[144, 180]
[148, 183]
[152, 188]
[152, 187]
[154, 155]
[154, 189]
[155, 121]
[155, 191]
[158, 159]
[158, 124]
[158, 194]
[159, 125]
[159, 194]
[164, 130]
[164, 200]
[168, 134]
[168, 203]
[170, 171]
[170, 136]
[174, 209]
[175, 211]
[175, 210]
[177, 178]
[177, 143]
[177, 212]
[178, 144]
[180, 146]
[183, 219]
[185, 186]
[185, 221]
[186, 187]
[186, 152]
[186, 221]
[187, 188]
[187, 223]
[188, 189]
[188, 154]
[188, 223]
[189, 155]
[189, 225]
[191, 226]
[194, 230]
[196, 197]
[196, 232]
[197, 233]
[197, 232]
[200, 201]
[200, 235]
[203, 239]
[209, 244]
[210, 211]
[211, 212]
[211, 177]
[212, 178]
[219, 185]
[221, 187]
[223, 189]
[225, 226]
[225, 191]
[230, 196]
[232, 233]
[233, 234]
[234, 235]
[234, 200]
[235, 201]
[239, 240]
