[0, 36]
[0, 35]
[5, 6]
[6, 7]
[6, 42]
[7, 43]
[7, 42]
[10, 11]
[10, 45]
[11, 12]
[12, 13]
[15, 16]
[15, 51]
[15, 50]
[16, 52]
[16, 51]
[18, 19]
[18, 54]
[19, 55]
[19, 54]
[22, 57]
[26, 62]
[35, 36]
[36, 72]
[42, 43]
[42, 77]
[43, 44]
[43, 79]
[44, 45]
[44, 10]
[44, 80]
[44, 79]
[45, 11]
[45, 80]
[50, 51]
[50, 16]
[51, 52]
[52, 18]
[54, 55]
[54, 90]
[55, 90]
[57, 93]
[62, 63]
[62, 98]
[62, 97]
[63, 64]
[63, 98]
[64, 65]
[64, 100]
[65, 31]
[65, 101]
[65, 100]
[74, 110]
[74, 109]
[77, 43]
[77, 112]
[79, 80]
[79, 45]
[79, 115]
[79, 114]
[80, 115]
[82, 83]
[82, 118]
[83, 84]
[83, 118]
[84, 50]
[84, 120]
[90, 125]
[93, 94]
[93, 129]
[93, 128]
[94, 130]
[94, 129]
[97, 98]
[97, 63]
[98, 64]
[98, 134]
[100, 101]
[101, 102]
[102, 103]
[102, 138]
[103, 104]
[103, 138]
[109, 110]
[112, 147]
[114, 115]
[114, 80]
[115, 151]
[118, 84]
[120, 156]
[120, 155]
[123, 159]
[125, 161]
[127, 128]
[127, 93]
[127, 162]
[128, 129]
[128, 94]
[128, 164]
[129, 130]
[129, 165]
[129, 164]
[130, 131]
[130, 165]
[131, 97]
[131, 167]
[134, 100]
[134, 170]
[138, 104]
[138, 173]
[147, 183]
[151, 187]
[151, 186]
[155, 156]
[155, 191]
[156, 157]
[156, 192]
[156, 191]
[157, 123]
[157, 193]
[157, 192]
[159, 125]
[161, 162]
[161, 127]
[162, 128]
[164, 165]
[164, 130]
[164, 199]
[165, 131]
[167, 168]
[167, 202]
[168, 134]
[170, 171]
[170, 206]
[171, 172]
[171, 206]
[172, 173]
[172, 138]
[172, 208]
[173, 208]
[176, 212]
[181, 147]
[181, 217]
[185, 186]
[185, 151]
[185, 220]
[186, 187]
[191, 192]
[191, 157]
[191, 227]
[191, 226]
[192, 193]
[192, 228]
[192, 227]
[193, 159]
[193, 229]
[193, 228]
[199, 165]
[199, 235]
[202, 168]
[206, 172]
[206, 242]
[208, 244]
[212, 178]
[217, 183]
[220, 186]
[225, 226]
[225, 191]
[226, 227]
[226, 192]
[227, 228]
[227, 193]
[228, 229]
[229, 230]
[233, 199]
[235, 236]
[236, 202]
[242, 208]
