[0, 1]
[0, 36]
[0, 35]
[1, 2]
[1, 37]
[1, 36]
[2, 37]
[5, 6]
[5, 41]
[6, 7]
[6, 42]
[6, 41]
[7, 43]
[7, 42]
[9, 10]
[9, 44]
[10, 46]
[14, 50]
[14, 49]
[20, 21]
[20, 56]
[20, 55]
[21, 57]
[21, 56]
[23, 58]
[27, 28]
[27, 63]
[27, 62]
[28, 29]
[28, 63]
[29, 65]
[33, 34]
[33, 69]
[34, 69]
[35, 36]
[35, 1]
[35, 70]
[36, 37]
[36, 2]
[41, 42]
[41, 7]
[41, 77]
[42, 43]
[42, 78]
[42, 77]
[43, 44]
[43, 9]
[43, 78]
[44, 10]
[44, 80]
[46, 47]
[46, 82]
[47, 48]
[47, 82]
[48, 49]
[48, 14]
[48, 84]
[49, 50]
[49, 85]
[49, 84]
[50, 86]
[50, 85]
[53, 54]
[53, 88]
[54, 55]
[54, 20]
[55, 56]
[55, 21]
[55, 91]
[56, 57]
[56, 92]
[56, 91]
[57, 58]
[57, 23]
[57, 93]
[57, 92]
[58, 94]
[58, 93]
[61, 62]
[61, 27]
[62, 63]
[62, 28]
[62, 98]
[63, 29]
[63, 98]
[65, 100]
[67, 33]
[67, 103]
[67, 102]
[69, 104]
[70, 36]
[70, 106]
[70, 105]
[74, 75]
[74, 109]
[75, 41]
[75, 111]
[77, 78]
[77, 43]
[77, 113]
[77, 112]
[78, 44]
[78, 114]
[78, 113]
[80, 46]
[80, 116]
[80, 115]
[82, 48]
[82, 118]
[82, 117]
[84, 85]
[84, 50]
[84, 120]
[85, 86]
[85, 120]
[86, 87]
[87, 88]
[87, 53]
[87, 123]
[88, 54]
[88, 124]
[88, 123]
[91, 92]
[91, 57]
[91, 127]
[91, 126]
[92, 93]
[92, 58]
[92, 128]
[92, 127]
[93, 94]
[93, 129]
[93, 128]
[94, 130]
[94, 129]
[98, 134]
[98, 133]
[102, 103]
[102, 138]
[102, 137]
[103, 104]
[103, 69]
[103, 139]
[103, 138]
[104, 139]
[105, 106]
[105, 141]
[105, 140]
[106, 107]
[106, 141]
[107, 143]
[109, 75]
[109, 145]
[111, 112]
[111, 77]
[111, 147]
[111, 146]
[112, 113]
[112, 78]
[112, 147]
[113, 114]
[113, 149]
[114, 115]
[114, 80]
[114, 149]
[115, 116]
[115, 151]
[116, 117]
[116, 82]
[116, 152]
[116, 151]
[117, 118]
[117, 153]
[117, 152]
[118, 84]
[118, 153]
[120, 86]
[120, 156]
[123, 124]
[123, 158]
[124, 125]
[125, 126]
[125, 91]
[125, 161]
[126, 127]
[126, 92]
[126, 161]
[127, 128]
[127, 93]
[127, 163]
[128, 129]
[128, 94]
[128, 163]
[129, 130]
[130, 131]
[130, 166]
[131, 132]
[131, 166]
[132, 133]
[132, 98]
[133, 134]
[133, 169]
[134, 100]
[134, 169]
[137, 138]
[137, 103]
[138, 139]
[138, 104]
[140, 141]
[140, 106]
[141, 107]
[141, 177]
[143, 109]
[143, 178]
[145, 146]
[145, 111]
[145, 181]
[146, 147]
[146, 112]
[146, 182]
[146, 181]
[147, 113]
[147, 182]
[149, 115]
[149, 185]
[151, 152]
[151, 117]
[151, 187]
[152, 153]
[152, 118]
[152, 187]
[153, 189]
[156, 192]
[158, 124]
[158, 194]
[158, 193]
[161, 127]
[161, 196]
[163, 129]
[163, 199]
[163, 198]
[166, 132]
[166, 201]
[169, 205]
[169, 204]
[171, 137]
[177, 178]
[177, 143]
[177, 212]
[178, 214]
[181, 182]
[181, 147]
[182, 218]
[185, 151]
[185, 221]
[187, 153]
[187, 223]
[187, 222]
[189, 190]
[189, 224]
[190, 156]
[190, 226]
[192, 193]
[192, 158]
[193, 194]
[193, 229]
[194, 195]
[194, 230]
[194, 229]
[195, 196]
[195, 161]
[195, 231]
[195, 230]
[196, 231]
[198, 199]
[198, 234]
[198, 233]
[199, 200]
[199, 235]
[199, 234]
[200, 201]
[200, 166]
[200, 235]
[201, 237]
[204, 205]
[204, 240]
[205, 171]
[205, 240]
[210, 211]
[211, 212]
[211, 177]
[212, 178]
[221, 222]
[221, 187]
[222, 223]
[223, 224]
[223, 189]
[224, 190]
[226, 192]
[229, 230]
[229, 195]
[230, 231]
[230, 196]
[233, 234]
[233, 199]
[234, 235]
[234, 200]
[235, 201]
[237, 238]
[238, 204]
[242, 243]
[243, 244]
