[0, 1]
[0, 36]
[0, 35]
[1, 37]
[1, 36]
[3, 39]
[7, 8]
[7, 43]
[7, 42]
[8, 9]
[8, 43]
[9, 10]
[9, 45]
[10, 46]
[10, 45]
[12, 13]
[13, 49]
[16, 51]
[18, 19]
[18, 53]
[19, 20]
[19, 55]
[20, 55]
[22, 58]
[24, 59]
[29, 64]
[31, 32]
[31, 66]
[32, 33]
[32, 68]
[33, 69]
[33, 68]
[35, 36]
[35, 1]
[35, 71]
[35, 70]
[36, 37]
[36, 72]
[36, 71]
[37, 3]
[37, 73]
[37, 72]
[39, 5]
[42, 43]
[42, 8]
[42, 77]
[43, 9]
[45, 46]
[46, 12]
[49, 50]
[50, 51]
[50, 16]
[50, 86]
[51, 87]
[51, 86]
[53, 19]
[53, 89]
[53, 88]
[58, 59]
[58, 24]
[66, 32]
[66, 102]
[66, 101]
[68, 69]
[68, 104]
[69, 104]
[70, 71]
[70, 36]
[70, 105]
[71, 72]
[71, 37]
[72, 73]
[72, 108]
[73, 39]
[73, 108]
[76, 77]
[76, 42]
[77, 43]
[83, 49]
[83, 118]
[86, 87]
[87, 88]
[87, 53]
[88, 89]
[89, 55]
[89, 125]
[101, 102]
[101, 136]
[102, 68]
[102, 138]
[104, 139]
[105, 71]
[105, 141]
[114, 115]
[115, 151]
[118, 153]
[125, 161]
[132, 133]
[132, 167]
[133, 134]
[133, 169]
[134, 169]
[136, 102]
[136, 172]
[136, 171]
[138, 139]
[138, 104]
[138, 173]
[146, 147]
[147, 148]
[147, 183]
[148, 114]
[148, 183]
[151, 152]
[151, 186]
[152, 153]
[152, 118]
[152, 188]
[153, 189]
[153, 188]
[155, 191]
[155, 190]
[161, 197]
[161, 196]
[166, 167]
[166, 132]
[166, 202]
[167, 133]
[167, 202]
[171, 172]
[171, 207]
[171, 206]
[172, 173]
[172, 138]
[172, 207]
[173, 139]
[173, 209]
[175, 141]
[175, 211]
[179, 180]
[179, 215]
[180, 146]
[180, 216]
[180, 215]
[183, 219]
[186, 152]
[186, 222]
[188, 189]
[188, 223]
[189, 190]
[189, 155]
[189, 225]
[190, 191]
[190, 225]
[191, 192]
[191, 227]
[192, 193]
[192, 228]
[192, 227]
[193, 194]
[193, 228]
[194, 195]
[194, 230]
[195, 196]
[195, 161]
[195, 231]
[195, 230]
[196, 197]
[196, 231]
[197, 198]
[197, 233]
[198, 234]
[198, 233]
[202, 238]
[206, 207]
[206, 172]
[207, 173]
[215, 216]
[222, 223]
[222, 188]
[223, 189]
[225, 191]
[227, 228]
[227, 193]
[228, 194]
[230, 231]
[230, 196]
[231, 197]
[233, 234]
[234, 235]
