[1, 2]
[1, 36]
[5, 6]
[5, 41]
[5, 40]
[6, 7]
[6, 42]
[6, 41]
[7, 43]
[7, 42]
[16, 17]
[16, 51]
[17, 18]
[18, 19]
[18, 54]
[19, 20]
[19, 54]
[20, 21]
[20, 56]
[21, 57]
[21, 56]
[24, 60]
[26, 61]
[31, 66]
[34, 69]
[36, 2]
[36, 72]
[36, 71]
[39, 40]
[39, 5]
[40, 41]
[40, 6]
[40, 76]
[41, 42]
[41, 7]
[41, 76]
[42, 43]
[43, 44]
[43, 79]
[44, 45]
[44, 80]
[44, 79]
[45, 81]
[45, 80]
[50, 51]
[50, 16]
[50, 85]
[51, 17]
[54, 20]
[54, 90]
[56, 57]
[57, 93]
[60, 61]
[60, 26]
[60, 96]
[61, 97]
[61, 96]
[63, 98]
[66, 102]
[66, 101]
[71, 72]
[71, 106]
[76, 42]
[76, 111]
[79, 80]
[79, 45]
[80, 81]
[80, 116]
[81, 82]
[81, 117]
[81, 116]
[82, 83]
[82, 117]
[83, 84]
[84, 85]
[84, 50]
[84, 120]
[85, 51]
[85, 121]
[85, 120]
[88, 54]
[90, 56]
[90, 126]
[90, 125]
[93, 94]
[94, 60]
[94, 130]
[96, 97]
[97, 98]
[97, 63]
[101, 102]
[102, 138]
[105, 106]
[105, 71]
[105, 141]
[106, 72]
[106, 141]
[110, 111]
[110, 76]
[110, 146]
[111, 146]
[113, 79]
[116, 117]
[116, 82]
[116, 152]
[117, 83]
[117, 152]
[120, 121]
[120, 155]
[125, 126]
[125, 160]
[126, 162]
[130, 96]
[130, 166]
[138, 174]
[141, 177]
[141, 176]
[152, 187]
[154, 155]
[154, 120]
[154, 189]
[155, 121]
[155, 191]
[159, 160]
[159, 125]
[159, 195]
[160, 126]
[160, 196]
[160, 195]
[162, 163]
[162, 198]
[163, 164]
[163, 199]
[163, 198]
[164, 130]
[164, 200]
[164, 199]
[170, 205]
[172, 138]
[174, 209]
[175, 176]
[175, 141]
[175, 210]
[176, 177]
[176, 212]
[177, 178]
[177, 212]
[178, 179]
[179, 215]
[183, 219]
[187, 222]
[189, 155]
[189, 225]
[191, 192]
[195, 196]
[196, 162]
[198, 199]
[198, 164]
[198, 234]
[198, 233]
[199, 200]
[199, 234]
[200, 166]
[200, 236]
[205, 240]
[210, 176]
[212, 178]
[215, 216]
[216, 217]
[217, 183]
[221, 222]
[221, 187]
[225, 191]
[229, 195]
[233, 234]
[233, 199]
[234, 200]
[243, 209]
