[1, 2]
[1, 37]
[2, 3]
[2, 38]
[2, 37]
[3, 4]
[3, 38]
[4, 5]
[4, 40]
[5, 6]
[5, 40]
[6, 42]
[11, 12]
[11, 47]
[11, 46]
[12, 47]
[14, 50]
[17, 18]
[17, 53]
[18, 19]
[18, 53]
[19, 20]
[20, 56]
[27, 62]
[29, 30]
[30, 66]
[32, 67]
[34, 69]
[37, 38]
[37, 3]
[37, 72]
[38, 4]
[40, 6]
[40, 76]
[40, 75]
[42, 78]
[45, 46]
[45, 11]
[45, 80]
[46, 47]
[46, 12]
[46, 82]
[47, 83]
[47, 82]
[50, 86]
[53, 19]
[53, 89]
[62, 98]
[62, 97]
[66, 67]
[66, 32]
[66, 102]
[67, 102]
[70, 71]
[70, 106]
[71, 72]
[71, 37]
[71, 106]
[72, 38]
[75, 76]
[75, 110]
[76, 42]
[76, 112]
[80, 46]
[80, 116]
[80, 115]
[82, 83]
[82, 117]
[83, 84]
[84, 50]
[84, 120]
[97, 98]
[97, 133]
[97, 132]
[98, 134]
[98, 133]
[100, 66]
[100, 136]
[100, 135]
[102, 137]
[106, 72]
[106, 142]
[106, 141]
[109, 110]
[109, 75]
[110, 76]
[110, 146]
[112, 78]
[112, 147]
[115, 116]
[115, 151]
[115, 150]
[116, 117]
[116, 82]
[116, 152]
[116, 151]
[117, 83]
[117, 153]
[117, 152]
[120, 86]
[120, 155]
[123, 89]
[123, 158]
[129, 165]
[131, 132]
[131, 97]
[131, 167]
[132, 133]
[132, 98]
[132, 167]
[133, 134]
[133, 169]
[134, 135]
[134, 100]
[134, 170]
[134, 169]
[135, 136]
[135, 171]
[135, 170]
[136, 137]
[136, 102]
[136, 171]
[137, 173]
[139, 174]
[140, 141]
[140, 106]
[141, 142]
[142, 143]
[142, 178]
[143, 109]
[143, 178]
[146, 147]
[146, 112]
[146, 182]
[146, 181]
[147, 182]
[150, 151]
[150, 116]
[151, 152]
[151, 117]
[152, 153]
[153, 189]
[157, 158]
[157, 123]
[158, 194]
[160, 161]
[160, 195]
[165, 131]
[165, 201]
[165, 200]
[167, 133]
[167, 203]
[169, 170]
[169, 135]
[170, 171]
[170, 136]
[170, 206]
[171, 137]
[171, 207]
[171, 206]
[173, 174]
[173, 139]
[178, 213]
[181, 182]
[181, 147]
[189, 155]
[194, 195]
[194, 160]
[195, 161]
[200, 201]
[200, 236]
[200, 235]
[201, 167]
[201, 236]
[203, 169]
[203, 239]
[206, 207]
[206, 242]
[207, 173]
[207, 242]
[215, 181]
[219, 220]
[220, 221]
[226, 227]
[227, 228]
[228, 194]
[235, 236]
[235, 201]
