[0, 1]
[0, 36]
[1, 36]
[7, 43]
[7, 42]
[9, 10]
[9, 44]
[10, 11]
[11, 12]
[12, 13]
[13, 14]
[25, 61]
[25, 60]
[27, 28]
[27, 62]
[28, 64]
[31, 32]
[31, 66]
[32, 33]
[32, 68]
[33, 34]
[33, 69]
[33, 68]
[34, 69]
[36, 72]
[36, 71]
[39, 5]
[42, 43]
[42, 78]
[42, 77]
[43, 44]
[43, 9]
[43, 79]
[43, 78]
[44, 10]
[44, 79]
[51, 52]
[51, 87]
[52, 88]
[52, 87]
[59, 60]
[59, 25]
[59, 94]
[60, 61]
[60, 96]
[61, 62]
[61, 27]
[61, 97]
[61, 96]
[62, 28]
[62, 98]
[62, 97]
[64, 65]
[64, 100]
[65, 66]
[65, 31]
[65, 101]
[65, 100]
[66, 32]
[66, 102]
[66, 101]
[68, 69]
[68, 34]
[68, 103]
[71, 72]
[76, 77]
[76, 42]
[76, 112]
[77, 78]
[77, 43]
[77, 113]
[77, 112]
[78, 79]
[78, 44]
[78, 113]
[79, 115]
[81, 117]
[85, 51]
[85, 121]
[85, 120]
[87, 88]
[87, 122]
[88, 89]
[89, 90]
[90, 91]
[90, 126]
[91, 126]
[94, 60]
[94, 130]
[94, 129]
[96, 97]
[96, 62]
[96, 132]
[97, 98]
[97, 133]
[97, 132]
[98, 64]
[98, 133]
[100, 101]
[100, 66]
[100, 136]
[101, 102]
[101, 136]
[102, 103]
[102, 68]
[103, 69]
[109, 145]
[112, 113]
[112, 78]
[112, 147]
[113, 79]
[115, 81]
[115, 150]
[117, 152]
[119, 120]
[119, 85]
[119, 155]
[120, 121]
[120, 155]
[121, 122]
[121, 87]
[122, 88]
[128, 129]
[128, 94]
[129, 130]
[129, 165]
[130, 96]
[130, 165]
[132, 133]
[132, 98]
[132, 168]
[132, 167]
[133, 169]
[133, 168]
[136, 102]
[136, 172]
[141, 142]
[141, 177]
[142, 178]
[142, 177]
[145, 181]
[145, 180]
[147, 113]
[147, 183]
[150, 186]
[155, 121]
[155, 190]
[159, 160]
[159, 195]
[160, 126]
[160, 195]
[167, 168]
[167, 133]
[167, 203]
[168, 169]
[168, 204]
[168, 203]
[169, 205]
[169, 204]
[172, 173]
[172, 207]
[173, 174]
[177, 178]
[178, 179]
[178, 214]
[179, 180]
[179, 145]
[179, 214]
[180, 181]
[181, 147]
[183, 184]
[183, 219]
[183, 218]
[184, 150]
[184, 219]
[186, 152]
[189, 190]
[189, 155]
[189, 225]
[190, 226]
[190, 225]
[195, 231]
[195, 230]
[198, 199]
[198, 234]
[199, 165]
[199, 235]
[199, 234]
[203, 204]
[203, 169]
[203, 239]
[203, 238]
[204, 205]
[204, 239]
[207, 173]
[207, 243]
[207, 242]
[211, 177]
[214, 180]
[218, 219]
[218, 184]
[225, 226]
[226, 227]
[227, 228]
[230, 231]
[234, 235]
[235, 236]
[238, 239]
[238, 204]
[239, 205]
[242, 243]
