[5, 6]
[5, 41]
[5, 40]
[6, 42]
[6, 41]
[20, 21]
[23, 58]
[28, 29]
[28, 63]
[32, 68]
[32, 67]
[40, 41]
[40, 6]
[40, 75]
[41, 42]
[41, 77]
[42, 77]
[46, 47]
[47, 13]
[47, 83]
[50, 51]
[50, 85]
[51, 87]
[53, 88]
[58, 93]
[60, 96]
[60, 95]
[63, 29]
[63, 98]
[67, 68]
[70, 105]
[75, 41]
[75, 110]
[77, 112]
[79, 115]
[79, 114]
[83, 118]
[85, 51]
[85, 120]
[87, 88]
[87, 53]
[90, 91]
[90, 125]
[91, 92]
[91, 127]
[92, 93]
[92, 58]
[92, 128]
[92, 127]
[93, 128]
[95, 96]
[96, 97]
[97, 98]
[97, 63]
[97, 133]
[98, 133]
[100, 101]
[101, 67]
[109, 110]
[109, 75]
[109, 145]
[109, 144]
[110, 146]
[110, 145]
[112, 148]
[114, 115]
[115, 116]
[115, 151]
[116, 117]
[116, 151]
[117, 118]
[117, 83]
[120, 156]
[120, 155]
[125, 91]
[127, 128]
[127, 93]
[127, 163]
[127, 162]
[128, 164]
[128, 163]
[142, 143]
[142, 178]
[143, 144]
[143, 109]
[143, 179]
[143, 178]
[144, 145]
[144, 110]
[144, 179]
[145, 146]
[145, 181]
[146, 112]
[146, 181]
[148, 114]
[151, 117]
[151, 187]
[151, 186]
[155, 156]
[156, 192]
[158, 159]
[158, 193]
[159, 125]
[162, 163]
[162, 128]
[162, 198]
[163, 164]
[163, 198]
[164, 200]
[170, 206]
[172, 208]
[178, 179]
[178, 144]
[178, 214]
[178, 213]
[179, 145]
[179, 214]
[186, 187]
[186, 221]
[187, 188]
[187, 223]
[188, 189]
[188, 224]
[188, 223]
[189, 155]
[189, 224]
[192, 193]
[192, 158]
[192, 227]
[193, 159]
[196, 162]
[196, 232]
[196, 231]
[198, 164]
[198, 234]
[200, 201]
[200, 236]
[201, 236]
[204, 170]
[206, 172]
[206, 241]
[213, 214]
[213, 179]
[220, 221]
[220, 186]
[221, 187]
[223, 224]
[223, 189]
[227, 193]
[230, 231]
[230, 196]
[231, 232]
[232, 198]
[234, 200]
