[0, 1]
[0, 35]
[1, 37]
[4, 5]
[4, 40]
[5, 6]
[5, 41]
[5, 40]
[6, 7]
[6, 41]
[7, 8]
[8, 9]
[8, 44]
[9, 44]
[11, 47]
[13, 14]
[13, 48]
[14, 15]
[14, 50]
[15, 51]
[15, 50]
[17, 18]
[17, 52]
[20, 56]
[22, 57]
[25, 26]
[25, 61]
[25, 60]
[26, 61]
[33, 69]
[33, 68]
[35, 1]
[35, 70]
[40, 41]
[40, 6]
[41, 7]
[41, 77]
[44, 80]
[44, 79]
[47, 48]
[47, 13]
[47, 83]
[47, 82]
[48, 14]
[48, 83]
[50, 51]
[50, 86]
[50, 85]
[51, 52]
[51, 17]
[51, 86]
[52, 18]
[52, 88]
[56, 57]
[56, 22]
[56, 91]
[60, 61]
[60, 26]
[60, 96]
[60, 95]
[61, 96]
[65, 66]
[65, 101]
[65, 100]
[66, 67]
[66, 102]
[66, 101]
[67, 68]
[67, 33]
[67, 103]
[67, 102]
[68, 69]
[68, 104]
[68, 103]
[69, 104]
[70, 105]
[77, 78]
[77, 113]
[78, 79]
[78, 44]
[78, 114]
[78, 113]
[79, 80]
[79, 114]
[80, 81]
[81, 82]
[81, 47]
[82, 83]
[82, 48]
[83, 119]
[85, 86]
[85, 51]
[85, 121]
[85, 120]
[86, 52]
[86, 122]
[86, 121]
[88, 89]
[88, 124]
[88, 123]
[89, 125]
[89, 124]
[91, 57]
[91, 126]
[95, 96]
[95, 61]
[95, 130]
[96, 132]
[98, 99]
[98, 134]
[99, 100]
[99, 65]
[99, 135]
[99, 134]
[100, 101]
[100, 66]
[100, 135]
[101, 102]
[101, 67]
[102, 103]
[102, 68]
[102, 138]
[103, 104]
[103, 69]
[103, 139]
[103, 138]
[104, 139]
[107, 108]
[107, 143]
[108, 144]
[108, 143]
[111, 77]
[111, 146]
[113, 114]
[113, 79]
[114, 80]
[114, 150]
[119, 120]
[119, 85]
[119, 155]
[119, 154]
[120, 121]
[120, 86]
[120, 155]
[121, 122]
[122, 123]
[122, 88]
[123, 124]
[123, 89]
[123, 159]
[124, 125]
[124, 160]
[124, 159]
[125, 126]
[125, 91]
[125, 160]
[126, 162]
[128, 164]
[130, 96]
[130, 165]
[132, 98]
[132, 168]
[132, 167]
[134, 135]
[134, 100]
[134, 169]
[135, 101]
[138, 139]
[138, 104]
[143, 144]
[143, 179]
[143, 178]
[144, 145]
[144, 180]
[144, 179]
[145, 146]
[145, 111]
[145, 180]
[150, 151]
[150, 186]
[150, 185]
[151, 187]
[151, 186]
[153, 154]
[153, 119]
[153, 189]
[153, 188]
[154, 155]
[154, 120]
[154, 189]
[155, 121]
[155, 191]
[159, 160]
[159, 125]
[159, 195]
[159, 194]
[160, 126]
[160, 196]
[160, 195]
[162, 128]
[162, 198]
[164, 165]
[164, 130]
[164, 200]
[165, 201]
[165, 200]
[167, 168]
[167, 202]
[168, 169]
[168, 134]
[169, 135]
[169, 205]
[172, 138]
[175, 211]
[175, 210]
[177, 178]
[177, 143]
[178, 179]
[178, 144]
[178, 214]
[179, 180]
[179, 145]
[179, 215]
[179, 214]
[180, 146]
[180, 215]
[183, 184]
[183, 218]
[184, 185]
[184, 150]
[185, 186]
[185, 151]
[185, 221]
[186, 187]
[186, 221]
[187, 188]
[187, 153]
[188, 189]
[188, 154]
[188, 224]
[189, 155]
[189, 225]
[189, 224]
[191, 227]
[191, 226]
[194, 195]
[194, 160]
[194, 229]
[195, 196]
[195, 231]
[196, 162]
[196, 231]
[198, 164]
[198, 234]
[198, 233]
[200, 201]
[201, 202]
[201, 167]
[201, 237]
[202, 168]
[202, 237]
[205, 206]
[205, 240]
[206, 172]
[209, 244]
[210, 211]
[211, 177]
[214, 215]
[214, 180]
[217, 218]
[217, 183]
[218, 184]
[221, 187]
[224, 225]
[225, 226]
[225, 191]
[226, 227]
[229, 195]
[233, 234]
[234, 200]
[239, 240]
[239, 205]
[240, 206]
[243, 244]
[243, 209]
