[0, 1]
[0, 36]
[0, 35]
[1, 36]
[4, 39]
[9, 10]
[9, 45]
[10, 45]
[12, 13]
[12, 48]
[12, 47]
[13, 14]
[13, 48]
[14, 50]
[21, 57]
[24, 25]
[24, 60]
[25, 61]
[25, 60]
[27, 28]
[30, 66]
[30, 65]
[32, 33]
[32, 68]
[33, 34]
[33, 69]
[33, 68]
[34, 69]
[35, 36]
[35, 1]
[35, 71]
[36, 72]
[36, 71]
[38, 39]
[38, 4]
[38, 74]
[39, 74]
[42, 78]
[45, 81]
[47, 48]
[47, 13]
[48, 14]
[50, 51]
[51, 52]
[51, 87]
[52, 18]
[52, 88]
[52, 87]
[60, 61]
[60, 96]
[60, 95]
[61, 27]
[61, 97]
[61, 96]
[65, 66]
[66, 32]
[68, 69]
[68, 34]
[68, 103]
[71, 72]
[71, 107]
[72, 38]
[72, 107]
[74, 110]
[78, 79]
[78, 113]
[79, 45]
[81, 47]
[87, 88]
[87, 122]
[88, 124]
[95, 96]
[95, 61]
[95, 131]
[95, 130]
[96, 97]
[96, 132]
[96, 131]
[97, 98]
[97, 133]
[97, 132]
[98, 99]
[98, 133]
[99, 65]
[99, 135]
[103, 69]
[103, 139]
[105, 71]
[107, 143]
[110, 111]
[111, 112]
[112, 113]
[112, 78]
[113, 79]
[119, 120]
[119, 154]
[120, 156]
[122, 88]
[122, 158]
[122, 157]
[124, 90]
[124, 160]
[130, 131]
[130, 96]
[130, 165]
[131, 132]
[131, 97]
[132, 133]
[132, 98]
[133, 99]
[133, 169]
[135, 136]
[135, 170]
[136, 172]
[143, 179]
[143, 178]
[151, 186]
[153, 154]
[153, 119]
[153, 189]
[153, 188]
[154, 120]
[154, 189]
[156, 157]
[156, 122]
[156, 192]
[157, 158]
[157, 193]
[157, 192]
[158, 124]
[158, 193]
[160, 196]
[163, 164]
[163, 199]
[164, 165]
[164, 130]
[164, 200]
[164, 199]
[165, 131]
[165, 200]
[169, 170]
[169, 135]
[169, 204]
[170, 136]
[172, 207]
[178, 179]
[178, 214]
[178, 213]
[179, 214]
[184, 185]
[184, 220]
[184, 219]
[185, 186]
[185, 151]
[185, 220]
[188, 189]
[188, 154]
[188, 224]
[188, 223]
[189, 224]
[192, 193]
[192, 158]
[192, 228]
[192, 227]
[193, 228]
[196, 232]
[199, 200]
[199, 165]
[199, 234]
[204, 170]
[204, 239]
[207, 243]
[207, 242]
[209, 244]
[213, 214]
[213, 179]
[216, 182]
[219, 220]
[219, 185]
[220, 186]
[223, 224]
[223, 189]
[227, 228]
[227, 193]
[232, 233]
[233, 234]
[233, 199]
[234, 200]
[238, 239]
[238, 204]
[242, 243]
[243, 244]
[243, 209]
