[0, 36]
[0, 35]
[2, 38]
[5, 6]
[6, 7]
[6, 42]
[7, 8]
[7, 42]
[10, 45]
[14, 15]
[14, 50]
[15, 16]
[15, 51]
[15, 50]
[16, 52]
[16, 51]
[19, 54]
[21, 56]
[27, 63]
[29, 30]
[30, 66]
[32, 68]
[32, 67]
[34, 69]
[35, 36]
[35, 71]
[36, 2]
[36, 71]
[38, 74]
[38, 73]
[42, 8]
[42, 78]
[42, 77]
[45, 81]
[45, 80]
[47, 48]
[48, 14]
[50, 51]
[50, 16]
[51, 52]
[52, 53]
[52, 88]
[53, 54]
[53, 19]
[53, 89]
[53, 88]
[54, 90]
[54, 89]
[56, 92]
[59, 60]
[59, 94]
[60, 61]
[60, 96]
[61, 27]
[61, 97]
[61, 96]
[63, 29]
[63, 99]
[63, 98]
[66, 67]
[66, 32]
[66, 102]
[67, 68]
[67, 103]
[67, 102]
[68, 69]
[68, 34]
[68, 104]
[68, 103]
[69, 104]
[71, 107]
[73, 74]
[73, 109]
[74, 75]
[74, 109]
[75, 111]
[77, 78]
[77, 113]
[77, 112]
[78, 79]
[78, 114]
[78, 113]
[79, 80]
[79, 45]
[79, 114]
[80, 81]
[80, 116]
[81, 47]
[81, 116]
[88, 89]
[88, 54]
[89, 90]
[89, 125]
[90, 56]
[90, 125]
[92, 93]
[92, 128]
[92, 127]
[93, 94]
[93, 59]
[93, 129]
[93, 128]
[94, 60]
[94, 129]
[96, 97]
[96, 132]
[97, 98]
[97, 63]
[97, 132]
[98, 99]
[98, 134]
[99, 100]
[99, 135]
[99, 134]
[100, 66]
[100, 135]
[102, 103]
[102, 68]
[102, 138]
[102, 137]
[103, 104]
[103, 69]
[103, 138]
[107, 73]
[109, 75]
[109, 144]
[111, 112]
[111, 77]
[112, 113]
[112, 78]
[112, 148]
[113, 114]
[113, 79]
[113, 148]
[114, 80]
[116, 152]
[121, 122]
[122, 88]
[125, 161]
[125, 160]
[127, 128]
[127, 93]
[127, 163]
[128, 129]
[128, 94]
[128, 164]
[128, 163]
[129, 164]
[132, 98]
[132, 168]
[132, 167]
[134, 135]
[134, 100]
[134, 169]
[135, 171]
[137, 138]
[137, 103]
[137, 172]
[138, 104]
[140, 176]
[140, 175]
[144, 180]
[148, 114]
[152, 187]
[160, 161]
[160, 196]
[160, 195]
[161, 127]
[161, 197]
[161, 196]
[163, 164]
[163, 129]
[163, 198]
[164, 200]
[166, 167]
[166, 132]
[166, 202]
[166, 201]
[167, 168]
[167, 202]
[168, 169]
[168, 134]
[168, 204]
[169, 135]
[169, 205]
[169, 204]
[171, 172]
[171, 137]
[171, 207]
[171, 206]
[172, 138]
[172, 207]
[175, 176]
[175, 211]
[176, 211]
[180, 181]
[186, 187]
[186, 152]
[190, 191]
[190, 225]
[191, 192]
[191, 227]
[192, 228]
[192, 227]
[194, 195]
[194, 160]
[194, 230]
[194, 229]
[195, 196]
[195, 161]
[195, 231]
[195, 230]
[196, 197]
[196, 231]
[197, 198]
[197, 163]
[197, 233]
[198, 164]
[198, 234]
[198, 233]
[200, 201]
[200, 166]
[200, 236]
[200, 235]
[201, 202]
[201, 167]
[201, 237]
[201, 236]
[202, 168]
[202, 238]
[202, 237]
[204, 205]
[204, 239]
[205, 206]
[205, 171]
[205, 241]
[206, 207]
[206, 172]
[206, 242]
[206, 241]
[207, 243]
[207, 242]
[209, 244]
[224, 225]
[224, 190]
[225, 191]
[227, 228]
[228, 229]
[228, 194]
[229, 230]
[229, 195]
[230, 231]
[230, 196]
[231, 197]
[233, 234]
[234, 235]
[234, 200]
[235, 236]
[235, 201]
[236, 237]
[236, 202]
[237, 238]
[238, 239]
[238, 204]
[239, 205]
[241, 242]
[241, 207]
[242, 243]
[243, 244]
[243, 209]
