[1, 37]
[1, 36]
[3, 38]
[5, 6]
[5, 40]
[8, 9]
[8, 44]
[9, 45]
[9, 44]
[11, 12]
[11, 47]
[12, 13]
[12, 48]
[12, 47]
[13, 49]
[13, 48]
[15, 51]
[15, 50]
[18, 54]
[18, 53]
[20, 56]
[20, 55]
[22, 23]
[23, 24]
[29, 65]
[31, 32]
[31, 66]
[32, 68]
[36, 37]
[36, 72]
[37, 38]
[37, 3]
[37, 73]
[37, 72]
[38, 73]
[40, 6]
[40, 76]
[44, 45]
[44, 80]
[45, 11]
[45, 81]
[45, 80]
[47, 48]
[47, 13]
[47, 82]
[48, 49]
[49, 50]
[49, 15]
[50, 51]
[51, 87]
[53, 54]
[53, 89]
[54, 55]
[54, 20]
[54, 89]
[55, 56]
[55, 91]
[56, 22]
[56, 91]
[62, 98]
[65, 66]
[65, 31]
[66, 32]
[68, 34]
[68, 104]
[72, 73]
[72, 38]
[72, 107]
[73, 109]
[80, 81]
[81, 82]
[81, 47]
[81, 117]
[82, 48]
[82, 118]
[82, 117]
[87, 53]
[87, 123]
[89, 55]
[89, 124]
[91, 127]
[95, 96]
[95, 131]
[95, 130]
[96, 62]
[96, 131]
[98, 134]
[98, 133]
[106, 107]
[106, 72]
[106, 142]
[107, 73]
[107, 142]
[109, 110]
[109, 145]
[110, 76]
[110, 146]
[110, 145]
[113, 114]
[114, 80]
[114, 150]
[117, 118]
[123, 124]
[123, 89]
[123, 159]
[124, 159]
[127, 128]
[127, 162]
[128, 129]
[128, 164]
[129, 130]
[129, 95]
[129, 165]
[129, 164]
[130, 131]
[130, 96]
[130, 166]
[130, 165]
[131, 166]
[133, 134]
[134, 170]
[142, 177]
[145, 146]
[146, 147]
[146, 182]
[147, 113]
[147, 183]
[147, 182]
[150, 186]
[150, 185]
[159, 195]
[159, 194]
[162, 128]
[164, 165]
[164, 130]
[165, 166]
[165, 131]
[166, 202]
[170, 171]
[170, 206]
[170, 205]
[171, 172]
[171, 206]
[175, 210]
[177, 213]
[179, 145]
[182, 183]
[182, 218]
[183, 219]
[183, 218]
[185, 186]
[185, 221]
[185, 220]
[186, 222]
[186, 221]
[188, 223]
[194, 195]
[194, 230]
[195, 196]
[195, 231]
[195, 230]
[196, 162]
[196, 232]
[196, 231]
[202, 238]
[202, 237]
[204, 205]
[204, 170]
[204, 240]
[205, 206]
[205, 171]
[205, 240]
[206, 172]
[206, 242]
[209, 244]
[213, 179]
[218, 219]
[219, 220]
[219, 185]
[220, 221]
[220, 186]
[221, 222]
[222, 223]
[222, 188]
[225, 191]
[230, 231]
[230, 196]
[231, 232]
[232, 233]
[237, 238]
[238, 204]
[240, 206]
[242, 243]
[243, 244]
[243, 209]
