[1, 2]
[1, 37]
[2, 3]
[2, 37]
[3, 4]
[4, 40]
[9, 10]
[9, 44]
[10, 11]
[10, 46]
[11, 12]
[11, 46]
[12, 13]
[13, 14]
[13, 49]
[14, 50]
[14, 49]
[17, 53]
[17, 52]
[23, 59]
[26, 27]
[26, 61]
[31, 32]
[31, 67]
[32, 33]
[32, 67]
[33, 34]
[33, 69]
[34, 69]
[35, 1]
[35, 71]
[37, 3]
[37, 73]
[40, 41]
[40, 75]
[41, 42]
[41, 77]
[42, 78]
[42, 77]
[44, 10]
[44, 80]
[44, 79]
[46, 12]
[46, 81]
[49, 50]
[49, 85]
[49, 84]
[50, 85]
[52, 53]
[52, 88]
[52, 87]
[53, 19]
[53, 88]
[56, 57]
[56, 92]
[57, 23]
[57, 92]
[59, 60]
[60, 61]
[60, 26]
[61, 27]
[64, 65]
[64, 100]
[64, 99]
[65, 31]
[65, 101]
[65, 100]
[67, 33]
[67, 103]
[67, 102]
[71, 37]
[71, 107]
[75, 41]
[77, 78]
[77, 113]
[78, 79]
[78, 44]
[78, 114]
[78, 113]
[79, 80]
[79, 114]
[80, 81]
[80, 46]
[80, 116]
[81, 116]
[83, 84]
[83, 49]
[83, 118]
[84, 85]
[84, 50]
[84, 120]
[85, 121]
[85, 120]
[87, 88]
[87, 53]
[87, 123]
[88, 124]
[88, 123]
[99, 100]
[99, 65]
[99, 135]
[99, 134]
[100, 101]
[100, 135]
[101, 102]
[101, 67]
[101, 137]
[102, 103]
[102, 138]
[102, 137]
[103, 69]
[103, 138]
[105, 71]
[107, 73]
[107, 142]
[113, 114]
[113, 79]
[113, 148]
[114, 80]
[114, 150]
[116, 152]
[118, 84]
[118, 154]
[118, 153]
[120, 121]
[120, 156]
[120, 155]
[121, 87]
[121, 156]
[123, 124]
[123, 158]
[124, 160]
[126, 92]
[126, 162]
[126, 161]
[129, 165]
[131, 166]
[134, 135]
[134, 100]
[134, 169]
[135, 101]
[137, 138]
[137, 103]
[138, 174]
[144, 145]
[144, 180]
[144, 179]
[145, 146]
[145, 180]
[146, 182]
[148, 114]
[148, 184]
[150, 116]
[150, 185]
[152, 153]
[152, 118]
[152, 188]
[153, 154]
[153, 188]
[154, 155]
[154, 120]
[155, 156]
[155, 121]
[156, 192]
[158, 124]
[158, 194]
[158, 193]
[160, 161]
[160, 126]
[160, 196]
[160, 195]
[161, 162]
[161, 196]
[162, 163]
[163, 129]
[163, 199]
[165, 166]
[165, 131]
[165, 201]
[166, 201]
[168, 169]
[168, 134]
[168, 204]
[168, 203]
[169, 135]
[169, 205]
[169, 204]
[175, 176]
[175, 211]
[175, 210]
[176, 142]
[176, 211]
[179, 180]
[179, 145]
[180, 146]
[182, 148]
[182, 218]
[184, 185]
[184, 150]
[184, 220]
[185, 220]
[188, 154]
[188, 224]
[188, 223]
[192, 193]
[192, 158]
[192, 228]
[192, 227]
[193, 194]
[193, 229]
[193, 228]
[194, 195]
[194, 160]
[194, 230]
[194, 229]
[195, 196]
[195, 161]
[195, 231]
[195, 230]
[196, 162]
[196, 232]
[196, 231]
[199, 165]
[199, 235]
[203, 204]
[203, 169]
[203, 238]
[204, 205]
[204, 240]
[205, 206]
[205, 241]
[205, 240]
[206, 241]
[208, 174]
[208, 244]
[208, 243]
[210, 211]
[210, 176]
[218, 184]
[223, 224]
[224, 225]
[225, 226]
[226, 227]
[226, 192]
[227, 228]
[227, 193]
[228, 229]
[228, 194]
[229, 230]
[229, 195]
[230, 231]
[230, 196]
[231, 232]
[232, 233]
[233, 199]
[235, 201]
[238, 204]
[240, 241]
[240, 206]
[243, 244]
