[0, 36]
[0, 35]
[3, 4]
[3, 38]
[4, 5]
[4, 40]
[5, 41]
[5, 40]
[13, 14]
[14, 15]
[14, 50]
[15, 50]
[17, 18]
[18, 19]
[18, 54]
[19, 20]
[19, 54]
[20, 21]
[21, 22]
[21, 57]
[22, 58]
[22, 57]
[24, 25]
[24, 60]
[25, 26]
[25, 61]
[25, 60]
[26, 62]
[26, 61]
[29, 65]
[29, 64]
[32, 68]
[32, 67]
[35, 36]
[35, 71]
[36, 71]
[38, 4]
[40, 41]
[41, 42]
[41, 77]
[42, 8]
[42, 78]
[42, 77]
[54, 20]
[54, 89]
[57, 58]
[57, 92]
[58, 24]
[60, 61]
[60, 26]
[60, 96]
[61, 62]
[61, 96]
[62, 63]
[62, 98]
[63, 64]
[63, 29]
[63, 98]
[64, 65]
[65, 66]
[66, 67]
[66, 32]
[67, 68]
[67, 103]
[68, 34]
[68, 103]
[71, 106]
[77, 78]
[78, 79]
[79, 80]
[89, 125]
[89, 124]
[92, 58]
[92, 128]
[92, 127]
[96, 62]
[96, 132]
[96, 131]
[98, 64]
[98, 133]
[105, 106]
[105, 71]
[108, 109]
[109, 110]
[110, 111]
[110, 146]
[111, 77]
[111, 147]
[111, 146]
[119, 120]
[119, 155]
[120, 121]
[120, 156]
[120, 155]
[121, 122]
[121, 156]
[124, 125]
[125, 126]
[126, 127]
[126, 92]
[126, 162]
[127, 128]
[127, 163]
[127, 162]
[128, 163]
[131, 132]
[131, 167]
[132, 133]
[132, 98]
[132, 167]
[146, 147]
[146, 181]
[152, 187]
[155, 156]
[155, 121]
[155, 191]
[156, 122]
[156, 191]
[162, 163]
[162, 128]
[162, 198]
[163, 198]
[165, 131]
[165, 200]
[167, 133]
[167, 203]
[176, 212]
[176, 211]
[178, 179]
[178, 214]
[179, 180]
[179, 215]
[179, 214]
[180, 181]
[180, 146]
[180, 215]
[181, 147]
[184, 185]
[184, 220]
[185, 186]
[185, 220]
[186, 187]
[186, 152]
[187, 223]
[191, 227]
[191, 226]
[194, 195]
[194, 230]
[194, 229]
[195, 196]
[195, 231]
[195, 230]
[196, 162]
[196, 232]
[196, 231]
[198, 234]
[198, 233]
[200, 235]
[203, 204]
[203, 239]
[203, 238]
[204, 205]
[204, 239]
[205, 241]
[207, 208]
[207, 242]
[208, 244]
[211, 212]
[212, 178]
[214, 215]
[214, 180]
[215, 181]
[218, 184]
[220, 186]
[225, 226]
[225, 191]
[226, 227]
[227, 228]
[228, 229]
[228, 194]
[229, 230]
[229, 195]
[230, 231]
[230, 196]
[231, 232]
[232, 233]
[232, 198]
[233, 234]
[234, 235]
[234, 200]
[237, 238]
[237, 203]
[238, 239]
[238, 204]
[239, 205]
[241, 242]
[241, 207]
[242, 208]
