[5, 6]
[5, 41]
[5, 40]
[6, 7]
[6, 41]
[7, 8]
[7, 43]
[8, 44]
[8, 43]
[16, 52]
[16, 51]
[20, 21]
[20, 56]
[20, 55]
[21, 57]
[21, 56]
[27, 62]
[29, 65]
[29, 64]
[31, 32]
[31, 67]
[31, 66]
[32, 33]
[32, 67]
[37, 38]
[38, 39]
[39, 40]
[39, 5]
[39, 75]
[40, 41]
[40, 6]
[40, 75]
[41, 7]
[41, 77]
[43, 44]
[43, 78]
[44, 45]
[47, 13]
[47, 82]
[50, 51]
[50, 16]
[50, 86]
[51, 52]
[51, 87]
[51, 86]
[52, 87]
[55, 56]
[55, 21]
[55, 91]
[55, 90]
[56, 57]
[56, 92]
[56, 91]
[57, 58]
[57, 93]
[57, 92]
[58, 24]
[58, 93]
[62, 98]
[64, 65]
[65, 66]
[65, 31]
[66, 67]
[66, 32]
[67, 33]
[71, 37]
[71, 106]
[75, 41]
[75, 110]
[77, 78]
[77, 43]
[77, 112]
[78, 44]
[78, 114]
[84, 50]
[84, 120]
[86, 87]
[86, 52]
[86, 121]
[87, 123]
[90, 91]
[90, 56]
[90, 126]
[91, 92]
[91, 57]
[91, 127]
[91, 126]
[92, 93]
[92, 58]
[92, 127]
[98, 64]
[98, 134]
[106, 142]
[108, 109]
[108, 144]
[108, 143]
[109, 110]
[109, 75]
[109, 145]
[109, 144]
[110, 145]
[112, 78]
[112, 148]
[114, 115]
[114, 149]
[115, 116]
[115, 151]
[116, 82]
[116, 152]
[116, 151]
[120, 121]
[120, 86]
[120, 156]
[120, 155]
[121, 87]
[121, 157]
[121, 156]
[123, 124]
[123, 158]
[124, 90]
[126, 127]
[126, 92]
[126, 162]
[127, 93]
[127, 163]
[127, 162]
[131, 166]
[136, 137]
[136, 171]
[137, 173]
[142, 143]
[142, 108]
[142, 178]
[142, 177]
[143, 144]
[143, 109]
[143, 178]
[144, 145]
[144, 110]
[148, 149]
[148, 114]
[148, 184]
[148, 183]
[149, 115]
[149, 184]
[151, 152]
[152, 153]
[152, 188]
[153, 188]
[155, 156]
[155, 121]
[155, 191]
[156, 157]
[156, 192]
[156, 191]
[157, 158]
[157, 123]
[157, 193]
[157, 192]
[158, 124]
[158, 194]
[158, 193]
[162, 163]
[162, 198]
[162, 197]
[163, 199]
[163, 198]
[171, 137]
[171, 206]
[173, 174]
[173, 209]
[174, 209]
[177, 178]
[177, 143]
[178, 144]
[178, 214]
[183, 184]
[183, 149]
[183, 218]
[188, 224]
[188, 223]
[191, 192]
[191, 157]
[191, 227]
[192, 193]
[192, 158]
[192, 228]
[192, 227]
[193, 194]
[193, 228]
[194, 195]
[197, 198]
[197, 163]
[197, 232]
[198, 199]
[199, 235]
[204, 205]
[205, 206]
[205, 171]
[206, 242]
[216, 217]
[217, 218]
[217, 183]
[218, 184]
[223, 224]
[224, 225]
[225, 191]
[227, 228]
[227, 193]
[228, 194]
[232, 198]
