[0, 1]
[0, 35]
[1, 37]
[3, 4]
[3, 39]
[4, 5]
[4, 40]
[4, 39]
[5, 41]
[5, 40]
[8, 44]
[8, 43]
[10, 46]
[13, 14]
[18, 19]
[18, 53]
[22, 57]
[24, 25]
[24, 59]
[25, 61]
[27, 28]
[28, 29]
[28, 64]
[29, 30]
[29, 65]
[29, 64]
[30, 66]
[30, 65]
[32, 33]
[32, 68]
[32, 67]
[33, 34]
[33, 69]
[33, 68]
[34, 69]
[35, 1]
[35, 71]
[37, 3]
[39, 40]
[39, 5]
[39, 75]
[40, 41]
[40, 76]
[40, 75]
[41, 42]
[41, 76]
[42, 43]
[42, 8]
[42, 78]
[43, 44]
[43, 78]
[44, 10]
[46, 81]
[51, 52]
[52, 53]
[52, 18]
[52, 88]
[53, 19]
[53, 89]
[53, 88]
[57, 92]
[59, 25]
[59, 94]
[61, 27]
[61, 96]
[64, 65]
[64, 30]
[64, 100]
[64, 99]
[65, 66]
[65, 101]
[65, 100]
[66, 67]
[66, 32]
[66, 101]
[67, 68]
[67, 33]
[68, 69]
[68, 34]
[71, 37]
[71, 107]
[71, 106]
[75, 76]
[75, 41]
[75, 111]
[76, 42]
[76, 111]
[78, 44]
[78, 113]
[84, 85]
[84, 120]
[85, 51]
[85, 120]
[88, 89]
[88, 124]
[88, 123]
[89, 125]
[89, 124]
[94, 130]
[94, 129]
[96, 132]
[96, 131]
[99, 100]
[99, 65]
[100, 101]
[100, 66]
[101, 67]
[105, 106]
[105, 71]
[105, 141]
[105, 140]
[106, 107]
[106, 142]
[106, 141]
[107, 108]
[107, 142]
[111, 146]
[113, 149]
[113, 148]
[120, 156]
[120, 155]
[122, 123]
[122, 88]
[122, 158]
[123, 124]
[123, 89]
[123, 159]
[123, 158]
[124, 125]
[124, 160]
[124, 159]
[125, 126]
[125, 160]
[126, 92]
[126, 162]
[129, 130]
[129, 165]
[129, 164]
[130, 131]
[130, 96]
[130, 165]
[131, 132]
[131, 167]
[132, 133]
[132, 167]
[133, 99]
[133, 169]
[138, 174]
[138, 173]
[140, 141]
[140, 106]
[140, 175]
[141, 142]
[141, 107]
[141, 177]
[142, 108]
[142, 177]
[146, 181]
[148, 149]
[149, 185]
[151, 187]
[151, 186]
[155, 156]
[155, 191]
[156, 122]
[156, 192]
[156, 191]
[158, 159]
[158, 124]
[158, 193]
[159, 160]
[159, 125]
[159, 195]
[160, 126]
[160, 195]
[162, 198]
[164, 165]
[164, 130]
[164, 199]
[165, 131]
[167, 133]
[167, 203]
[167, 202]
[169, 205]
[173, 174]
[173, 209]
[173, 208]
[174, 209]
[175, 141]
[175, 211]
[179, 180]
[179, 214]
[180, 181]
[180, 146]
[180, 216]
[181, 217]
[181, 216]
[185, 186]
[185, 151]
[185, 220]
[186, 187]
[187, 153]
[187, 223]
[191, 192]
[191, 227]
[192, 193]
[192, 158]
[192, 227]
[193, 159]
[195, 230]
[198, 199]
[198, 164]
[198, 234]
[199, 165]
[199, 234]
[202, 203]
[202, 237]
[203, 169]
[203, 239]
[205, 241]
[205, 240]
[207, 208]
[207, 173]
[207, 243]
[208, 209]
[208, 174]
[208, 243]
[211, 177]
[214, 180]
[216, 217]
[217, 218]
[218, 219]
[219, 220]
[219, 185]
[220, 186]
[223, 224]
[224, 225]
[225, 191]
[227, 193]
[237, 203]
[239, 240]
[239, 205]
[240, 241]
[241, 207]
[243, 209]
