[4, 5]
[4, 40]
[4, 39]
[5, 6]
[5, 40]
[8, 43]
[10, 11]
[11, 12]
[12, 13]
[13, 14]
[14, 50]
[17, 18]
[17, 53]
[17, 52]
[18, 19]
[18, 53]
[19, 55]
[23, 24]
[23, 58]
[24, 60]
[26, 27]
[26, 61]
[27, 28]
[27, 63]
[28, 64]
[28, 63]
[31, 32]
[31, 67]
[31, 66]
[32, 67]
[34, 69]
[38, 39]
[38, 4]
[38, 74]
[38, 73]
[39, 40]
[39, 5]
[39, 75]
[39, 74]
[40, 6]
[40, 76]
[40, 75]
[43, 79]
[43, 78]
[50, 51]
[50, 86]
[50, 85]
[51, 52]
[51, 17]
[51, 86]
[52, 53]
[52, 18]
[53, 19]
[53, 89]
[55, 56]
[55, 90]
[56, 92]
[58, 24]
[58, 94]
[58, 93]
[60, 61]
[60, 26]
[60, 95]
[61, 27]
[61, 97]
[63, 64]
[63, 99]
[64, 65]
[64, 100]
[64, 99]
[65, 66]
[65, 31]
[65, 100]
[66, 67]
[66, 32]
[71, 72]
[71, 107]
[72, 73]
[72, 38]
[72, 108]
[72, 107]
[73, 74]
[73, 39]
[73, 109]
[73, 108]
[74, 75]
[74, 40]
[74, 110]
[74, 109]
[75, 76]
[75, 110]
[76, 77]
[77, 78]
[77, 43]
[78, 79]
[81, 82]
[81, 116]
[82, 83]
[82, 118]
[83, 84]
[83, 118]
[84, 85]
[84, 50]
[85, 86]
[85, 51]
[85, 121]
[86, 52]
[86, 121]
[89, 90]
[89, 55]
[90, 56]
[90, 126]
[92, 93]
[92, 58]
[92, 127]
[93, 94]
[94, 95]
[94, 60]
[95, 61]
[95, 131]
[97, 63]
[97, 132]
[99, 100]
[99, 65]
[99, 135]
[100, 66]
[100, 135]
[105, 71]
[107, 108]
[107, 73]
[107, 143]
[108, 109]
[108, 74]
[108, 144]
[108, 143]
[109, 110]
[109, 75]
[109, 145]
[109, 144]
[110, 76]
[110, 146]
[110, 145]
[116, 82]
[116, 152]
[116, 151]
[118, 84]
[118, 154]
[118, 153]
[121, 157]
[121, 156]
[126, 127]
[126, 92]
[127, 93]
[131, 132]
[131, 97]
[131, 167]
[131, 166]
[132, 168]
[132, 167]
[135, 171]
[143, 144]
[143, 109]
[143, 179]
[144, 145]
[144, 110]
[144, 179]
[145, 146]
[145, 181]
[146, 182]
[146, 181]
[148, 149]
[149, 150]
[150, 151]
[150, 116]
[151, 152]
[152, 153]
[152, 118]
[153, 154]
[154, 155]
[155, 156]
[155, 121]
[155, 191]
[156, 157]
[156, 192]
[156, 191]
[157, 192]
[160, 126]
[165, 166]
[165, 131]
[165, 201]
[165, 200]
[166, 167]
[166, 132]
[166, 201]
[167, 168]
[167, 203]
[168, 169]
[168, 204]
[168, 203]
[169, 135]
[169, 204]
[171, 206]
[173, 209]
[173, 208]
[175, 210]
[177, 143]
[177, 213]
[177, 212]
[179, 145]
[179, 214]
[181, 182]
[181, 217]
[181, 216]
[182, 148]
[182, 218]
[182, 217]
[191, 192]
[191, 157]
[191, 226]
[192, 228]
[197, 198]
[197, 232]
[198, 234]
[200, 201]
[200, 166]
[200, 236]
[201, 167]
[201, 237]
[201, 236]
[203, 204]
[203, 169]
[203, 239]
[203, 238]
[204, 239]
[206, 242]
[206, 241]
[208, 209]
[212, 213]
[213, 214]
[213, 179]
[216, 217]
[216, 182]
[217, 218]
[218, 219]
[219, 220]
[226, 192]
[232, 198]
[234, 200]
[236, 237]
[237, 238]
[237, 203]
[238, 239]
[238, 204]
[241, 242]
[242, 208]
