[2, 3]
[2, 37]
[3, 4]
[8, 44]
[8, 43]
[10, 46]
[10, 45]
[12, 13]
[15, 50]
[17, 53]
[20, 21]
[21, 22]
[21, 57]
[22, 58]
[22, 57]
[26, 27]
[34, 69]
[37, 3]
[37, 73]
[37, 72]
[41, 42]
[42, 43]
[42, 8]
[43, 44]
[43, 79]
[44, 45]
[44, 10]
[44, 80]
[44, 79]
[45, 46]
[45, 80]
[46, 12]
[46, 82]
[53, 54]
[53, 88]
[54, 20]
[57, 58]
[57, 92]
[58, 24]
[58, 94]
[64, 100]
[66, 32]
[66, 101]
[69, 104]
[72, 73]
[72, 107]
[73, 109]
[79, 80]
[79, 45]
[80, 46]
[80, 116]
[82, 83]
[82, 117]
[88, 54]
[88, 124]
[91, 92]
[91, 57]
[91, 126]
[92, 58]
[94, 130]
[94, 129]
[96, 131]
[100, 101]
[100, 66]
[100, 136]
[100, 135]
[101, 136]
[103, 104]
[103, 69]
[105, 140]
[107, 73]
[107, 143]
[107, 142]
[109, 144]
[112, 148]
[116, 117]
[116, 82]
[116, 151]
[117, 83]
[122, 88]
[122, 158]
[124, 125]
[124, 160]
[124, 159]
[125, 126]
[125, 91]
[125, 161]
[125, 160]
[126, 92]
[126, 161]
[129, 130]
[129, 165]
[130, 131]
[130, 96]
[130, 165]
[135, 136]
[135, 101]
[135, 170]
[140, 176]
[140, 175]
[142, 143]
[142, 177]
[143, 144]
[143, 109]
[148, 149]
[149, 185]
[151, 117]
[151, 187]
[155, 191]
[155, 190]
[158, 159]
[158, 124]
[158, 194]
[158, 193]
[159, 160]
[159, 125]
[159, 195]
[159, 194]
[160, 161]
[160, 126]
[160, 195]
[163, 129]
[165, 131]
[170, 136]
[170, 206]
[170, 205]
[175, 176]
[175, 211]
[176, 177]
[176, 142]
[176, 212]
[176, 211]
[177, 143]
[177, 212]
[185, 151]
[187, 188]
[188, 224]
[190, 191]
[191, 227]
[193, 194]
[193, 159]
[193, 228]
[194, 195]
[194, 160]
[195, 161]
[195, 231]
[205, 206]
[205, 240]
[211, 212]
[211, 177]
[224, 190]
[227, 228]
[227, 193]
[228, 194]
[233, 234]
[240, 206]
