[1, 2]
[1, 37]
[2, 3]
[2, 38]
[2, 37]
[3, 38]
[12, 47]
[16, 17]
[16, 51]
[21, 57]
[25, 26]
[26, 27]
[27, 63]
[31, 32]
[31, 67]
[31, 66]
[32, 67]
[37, 38]
[37, 3]
[44, 10]
[44, 80]
[51, 17]
[51, 87]
[51, 86]
[57, 58]
[57, 93]
[57, 92]
[58, 59]
[58, 94]
[58, 93]
[59, 25]
[59, 95]
[59, 94]
[63, 64]
[63, 98]
[64, 65]
[64, 100]
[65, 66]
[65, 31]
[65, 100]
[66, 67]
[66, 32]
[70, 106]
[70, 105]
[75, 111]
[75, 110]
[77, 112]
[80, 116]
[86, 87]
[87, 88]
[87, 123]
[88, 89]
[88, 124]
[88, 123]
[89, 125]
[89, 124]
[91, 92]
[91, 57]
[91, 126]
[92, 93]
[92, 58]
[93, 94]
[93, 59]
[93, 129]
[94, 95]
[94, 129]
[95, 96]
[98, 64]
[98, 134]
[100, 66]
[100, 136]
[104, 139]
[105, 106]
[106, 107]
[107, 143]
[110, 111]
[110, 146]
[111, 112]
[111, 77]
[111, 146]
[112, 148]
[116, 117]
[116, 151]
[117, 118]
[117, 153]
[118, 119]
[118, 153]
[123, 124]
[123, 89]
[123, 158]
[124, 125]
[124, 160]
[125, 126]
[125, 91]
[125, 160]
[126, 92]
[129, 95]
[129, 165]
[129, 164]
[134, 100]
[134, 170]
[134, 169]
[136, 137]
[136, 172]
[136, 171]
[137, 173]
[137, 172]
[143, 179]
[146, 112]
[146, 181]
[150, 151]
[150, 116]
[150, 186]
[151, 117]
[151, 187]
[151, 186]
[153, 119]
[156, 191]
[158, 124]
[158, 194]
[158, 193]
[160, 126]
[160, 195]
[163, 164]
[163, 129]
[163, 198]
[164, 165]
[164, 200]
[165, 201]
[165, 200]
[168, 169]
[168, 134]
[169, 170]
[169, 205]
[170, 171]
[170, 136]
[170, 205]
[171, 172]
[171, 137]
[171, 207]
[172, 173]
[172, 207]
[173, 139]
[175, 211]
[175, 210]
[177, 143]
[177, 213]
[177, 212]
[179, 180]
[180, 181]
[180, 146]
[186, 187]
[186, 222]
[187, 153]
[187, 222]
[193, 194]
[194, 195]
[194, 160]
[194, 230]
[195, 231]
[195, 230]
[198, 164]
[200, 201]
[200, 236]
[200, 235]
[201, 202]
[201, 237]
[201, 236]
[202, 168]
[202, 237]
[205, 171]
[205, 241]
[207, 173]
[210, 211]
[211, 212]
[211, 177]
[212, 213]
[213, 179]
[218, 219]
[224, 225]
[225, 191]
[230, 231]
[235, 236]
[235, 201]
[236, 237]
[236, 202]
[241, 207]
