[0, 1]
[0, 36]
[0, 35]
[1, 36]
[3, 4]
[3, 38]
[4, 40]
[6, 7]
[9, 10]
[10, 46]
[13, 49]
[13, 48]
[16, 17]
[16, 52]
[16, 51]
[17, 18]
[17, 53]
[17, 52]
[18, 53]
[20, 21]
[20, 56]
[21, 22]
[21, 56]
[22, 58]
[28, 64]
[28, 63]
[30, 31]
[31, 67]
[35, 36]
[35, 1]
[38, 4]
[40, 6]
[40, 76]
[46, 47]
[47, 48]
[47, 13]
[48, 49]
[48, 84]
[49, 50]
[49, 84]
[50, 51]
[50, 16]
[51, 52]
[51, 17]
[51, 87]
[52, 53]
[52, 18]
[52, 87]
[56, 22]
[56, 91]
[58, 24]
[58, 93]
[63, 64]
[63, 98]
[64, 30]
[64, 100]
[67, 102]
[76, 112]
[76, 111]
[78, 79]
[84, 50]
[84, 119]
[87, 53]
[90, 91]
[90, 56]
[90, 126]
[90, 125]
[91, 127]
[91, 126]
[93, 129]
[96, 97]
[96, 132]
[96, 131]
[97, 98]
[97, 63]
[97, 133]
[97, 132]
[98, 64]
[98, 134]
[98, 133]
[100, 101]
[100, 136]
[101, 102]
[101, 67]
[101, 136]
[102, 138]
[108, 109]
[108, 144]
[108, 143]
[109, 110]
[109, 144]
[110, 111]
[110, 76]
[110, 146]
[111, 112]
[111, 147]
[111, 146]
[112, 78]
[112, 147]
[116, 117]
[119, 155]
[119, 154]
[124, 125]
[124, 90]
[124, 159]
[125, 126]
[125, 91]
[126, 127]
[126, 162]
[127, 93]
[127, 162]
[129, 165]
[131, 132]
[131, 97]
[131, 166]
[132, 133]
[132, 98]
[133, 134]
[133, 169]
[134, 100]
[134, 169]
[136, 102]
[138, 139]
[138, 174]
[138, 173]
[139, 174]
[142, 143]
[142, 108]
[142, 178]
[143, 144]
[143, 109]
[143, 178]
[144, 110]
[146, 147]
[146, 112]
[146, 182]
[147, 183]
[147, 182]
[149, 184]
[154, 155]
[154, 189]
[155, 156]
[155, 191]
[156, 192]
[156, 191]
[158, 159]
[158, 124]
[158, 194]
[158, 193]
[159, 125]
[159, 194]
[162, 198]
[162, 197]
[165, 166]
[165, 131]
[165, 201]
[165, 200]
[166, 132]
[166, 202]
[166, 201]
[169, 205]
[173, 174]
[173, 139]
[173, 209]
[174, 209]
[175, 176]
[175, 210]
[176, 142]
[176, 212]
[178, 144]
[178, 213]
[182, 183]
[182, 217]
[183, 184]
[183, 149]
[183, 219]
[184, 219]
[187, 223]
[187, 222]
[189, 155]
[189, 225]
[191, 192]
[192, 193]
[192, 158]
[192, 228]
[193, 194]
[193, 159]
[193, 228]
[194, 230]
[196, 197]
[196, 162]
[196, 232]
[196, 231]
[197, 198]
[197, 232]
[200, 201]
[200, 166]
[201, 202]
[202, 203]
[202, 238]
[203, 169]
[203, 239]
[203, 238]
[207, 173]
[207, 242]
[210, 176]
[212, 213]
[212, 178]
[216, 217]
[216, 182]
[217, 183]
[222, 223]
[223, 189]
[225, 191]
[228, 194]
[230, 231]
[230, 196]
[231, 232]
[231, 197]
[232, 198]
[238, 239]
[239, 205]
