[3, 4]
[3, 38]
[4, 5]
[5, 6]
[5, 41]
[6, 41]
[9, 10]
[9, 45]
[9, 44]
[10, 46]
[10, 45]
[14, 50]
[17, 53]
[17, 52]
[19, 20]
[19, 55]
[20, 55]
[23, 58]
[25, 60]
[27, 63]
[27, 62]
[31, 32]
[31, 67]
[31, 66]
[32, 68]
[32, 67]
[34, 69]
[38, 4]
[41, 76]
[44, 45]
[44, 10]
[44, 79]
[45, 46]
[46, 47]
[47, 48]
[48, 14]
[50, 51]
[51, 52]
[51, 17]
[52, 53]
[52, 88]
[53, 19]
[53, 89]
[53, 88]
[55, 91]
[55, 90]
[57, 58]
[57, 23]
[57, 93]
[58, 93]
[60, 96]
[60, 95]
[62, 63]
[62, 98]
[63, 98]
[65, 66]
[65, 31]
[65, 100]
[66, 67]
[66, 32]
[66, 102]
[67, 68]
[67, 102]
[68, 69]
[68, 34]
[68, 104]
[69, 104]
[75, 76]
[75, 41]
[76, 112]
[79, 45]
[79, 115]
[88, 89]
[89, 90]
[89, 55]
[89, 125]
[90, 91]
[90, 125]
[91, 57]
[95, 96]
[95, 131]
[96, 62]
[96, 132]
[96, 131]
[98, 134]
[98, 133]
[100, 66]
[102, 68]
[102, 137]
[104, 139]
[105, 106]
[105, 141]
[105, 140]
[106, 107]
[106, 141]
[118, 119]
[118, 154]
[119, 120]
[119, 154]
[120, 121]
[120, 156]
[121, 156]
[125, 91]
[125, 160]
[131, 132]
[131, 166]
[132, 133]
[132, 98]
[132, 168]
[133, 134]
[133, 168]
[134, 100]
[137, 173]
[137, 172]
[140, 141]
[140, 106]
[141, 107]
[141, 177]
[152, 118]
[152, 187]
[154, 120]
[154, 190]
[156, 192]
[156, 191]
[158, 194]
[158, 193]
[164, 165]
[164, 200]
[164, 199]
[165, 166]
[165, 131]
[165, 200]
[166, 132]
[168, 134]
[172, 173]
[172, 207]
[173, 139]
[173, 209]
[177, 178]
[177, 212]
[178, 179]
[178, 214]
[179, 180]
[179, 215]
[179, 214]
[180, 216]
[180, 215]
[182, 183]
[183, 219]
[187, 222]
[190, 191]
[190, 156]
[190, 226]
[191, 192]
[191, 226]
[192, 193]
[192, 158]
[193, 194]
[193, 229]
[194, 160]
[194, 229]
[199, 200]
[199, 165]
[200, 166]
[207, 173]
[207, 242]
[210, 211]
[211, 212]
[211, 177]
[212, 178]
[214, 215]
[214, 180]
[215, 216]
[216, 182]
[219, 185]
[224, 190]
[226, 192]
[241, 242]
[241, 207]
