[0, 1]
[0, 35]
[1, 37]
[6, 41]
[8, 9]
[9, 10]
[9, 45]
[10, 46]
[10, 45]
[13, 14]
[13, 49]
[14, 50]
[14, 49]
[16, 17]
[19, 55]
[19, 54]
[21, 22]
[26, 61]
[30, 31]
[30, 66]
[31, 32]
[31, 66]
[32, 33]
[32, 68]
[33, 34]
[33, 69]
[33, 68]
[34, 69]
[35, 1]
[35, 71]
[35, 70]
[37, 73]
[45, 46]
[46, 47]
[47, 13]
[49, 50]
[49, 85]
[49, 84]
[50, 16]
[50, 85]
[54, 55]
[55, 21]
[59, 60]
[59, 95]
[60, 61]
[60, 26]
[60, 96]
[60, 95]
[61, 96]
[66, 32]
[68, 69]
[68, 34]
[68, 103]
[70, 71]
[70, 106]
[70, 105]
[71, 37]
[71, 106]
[73, 108]
[75, 41]
[75, 110]
[79, 45]
[79, 114]
[84, 85]
[84, 50]
[84, 119]
[92, 93]
[92, 128]
[92, 127]
[93, 59]
[93, 128]
[95, 96]
[95, 61]
[95, 131]
[95, 130]
[96, 132]
[96, 131]
[103, 69]
[103, 139]
[105, 106]
[105, 71]
[105, 140]
[106, 142]
[108, 144]
[110, 145]
[116, 151]
[118, 119]
[118, 84]
[118, 154]
[119, 85]
[119, 154]
[122, 158]
[122, 157]
[126, 127]
[126, 92]
[126, 162]
[127, 128]
[127, 93]
[127, 162]
[128, 164]
[130, 131]
[130, 96]
[130, 166]
[131, 132]
[131, 167]
[131, 166]
[132, 133]
[132, 168]
[132, 167]
[133, 169]
[133, 168]
[140, 106]
[142, 108]
[142, 178]
[144, 145]
[144, 110]
[144, 180]
[145, 181]
[145, 180]
[151, 187]
[151, 186]
[154, 189]
[156, 157]
[156, 122]
[156, 191]
[157, 158]
[157, 193]
[158, 194]
[158, 193]
[160, 126]
[162, 128]
[162, 197]
[164, 130]
[166, 167]
[166, 132]
[166, 201]
[167, 168]
[167, 133]
[168, 169]
[169, 205]
[172, 208]
[172, 207]
[178, 144]
[178, 213]
[180, 181]
[180, 216]
[181, 217]
[181, 216]
[185, 186]
[185, 151]
[185, 221]
[186, 187]
[186, 222]
[186, 221]
[187, 188]
[187, 223]
[187, 222]
[188, 189]
[188, 154]
[188, 223]
[191, 157]
[191, 226]
[193, 194]
[194, 160]
[194, 230]
[201, 167]
[205, 241]
[207, 208]
[207, 243]
[207, 242]
[208, 209]
[208, 244]
[208, 243]
[209, 244]
[210, 211]
[216, 217]
[219, 185]
[221, 222]
[221, 187]
[222, 223]
[222, 188]
[223, 189]
[239, 205]
[241, 242]
[241, 207]
[242, 243]
[242, 208]
[243, 244]
[243, 209]
