[0, 1]
[0, 36]
[1, 37]
[1, 36]
[5, 6]
[12, 48]
[16, 52]
[16, 51]
[18, 19]
[18, 53]
[23, 58]
[31, 67]
[33, 69]
[36, 37]
[37, 73]
[43, 79]
[48, 49]
[48, 84]
[49, 50]
[49, 85]
[49, 84]
[50, 51]
[50, 16]
[50, 86]
[50, 85]
[51, 52]
[51, 87]
[51, 86]
[52, 53]
[52, 18]
[52, 88]
[52, 87]
[53, 19]
[53, 89]
[53, 88]
[56, 57]
[56, 92]
[56, 91]
[57, 58]
[57, 23]
[57, 93]
[57, 92]
[58, 94]
[58, 93]
[61, 27]
[61, 96]
[64, 65]
[64, 99]
[65, 31]
[65, 101]
[67, 33]
[73, 74]
[73, 109]
[73, 108]
[74, 75]
[74, 110]
[74, 109]
[75, 111]
[75, 110]
[79, 45]
[79, 115]
[84, 85]
[84, 50]
[84, 119]
[85, 86]
[85, 51]
[85, 121]
[86, 87]
[86, 52]
[86, 121]
[87, 88]
[87, 53]
[88, 89]
[91, 92]
[91, 57]
[91, 127]
[91, 126]
[92, 93]
[92, 58]
[92, 128]
[92, 127]
[93, 94]
[93, 128]
[98, 99]
[98, 64]
[99, 65]
[101, 67]
[106, 141]
[108, 109]
[108, 74]
[109, 110]
[109, 75]
[109, 145]
[110, 111]
[110, 146]
[110, 145]
[111, 147]
[111, 146]
[113, 79]
[113, 148]
[115, 151]
[115, 150]
[118, 119]
[118, 84]
[119, 85]
[121, 87]
[121, 156]
[126, 127]
[126, 92]
[127, 128]
[127, 93]
[127, 163]
[128, 94]
[128, 164]
[128, 163]
[138, 139]
[138, 173]
[140, 141]
[140, 106]
[140, 176]
[140, 175]
[141, 176]
[145, 146]
[145, 111]
[146, 147]
[147, 148]
[147, 113]
[150, 151]
[156, 192]
[158, 193]
[163, 164]
[163, 198]
[164, 200]
[166, 167]
[166, 202]
[167, 168]
[167, 203]
[167, 202]
[168, 169]
[168, 204]
[168, 203]
[169, 204]
[173, 139]
[173, 208]
[175, 176]
[175, 141]
[175, 211]
[175, 210]
[176, 212]
[176, 211]
[178, 214]
[178, 213]
[188, 189]
[188, 223]
[189, 225]
[192, 193]
[192, 158]
[192, 228]
[192, 227]
[193, 228]
[195, 230]
[198, 164]
[200, 166]
[200, 235]
[202, 203]
[202, 168]
[202, 238]
[203, 204]
[203, 169]
[203, 239]
[203, 238]
[204, 240]
[204, 239]
[208, 244]
[208, 243]
[210, 211]
[210, 176]
[211, 212]
[212, 213]
[212, 178]
[213, 214]
[223, 189]
[227, 228]
[227, 193]
[238, 239]
[238, 204]
[239, 240]
[240, 241]
[241, 242]
[242, 243]
[242, 208]
[243, 244]
