[1, 2]
[1, 37]
[1, 36]
[2, 37]
[4, 5]
[4, 40]
[5, 6]
[5, 40]
[6, 7]
[9, 10]
[9, 45]
[9, 44]
[10, 45]
[20, 21]
[20, 55]
[23, 58]
[25, 26]
[25, 61]
[26, 61]
[36, 37]
[36, 2]
[36, 72]
[36, 71]
[37, 72]
[40, 6]
[40, 76]
[44, 45]
[44, 10]
[44, 79]
[51, 52]
[51, 87]
[52, 87]
[54, 55]
[54, 20]
[54, 89]
[55, 21]
[55, 91]
[58, 94]
[58, 93]
[61, 97]
[61, 96]
[63, 64]
[70, 71]
[70, 36]
[70, 106]
[71, 72]
[71, 37]
[71, 106]
[72, 108]
[74, 40]
[74, 110]
[74, 109]
[76, 77]
[76, 112]
[77, 78]
[77, 112]
[78, 79]
[78, 44]
[79, 45]
[82, 83]
[82, 118]
[83, 84]
[83, 119]
[83, 118]
[84, 120]
[84, 119]
[87, 123]
[89, 55]
[89, 125]
[89, 124]
[91, 126]
[93, 94]
[93, 129]
[94, 95]
[94, 130]
[94, 129]
[95, 96]
[95, 61]
[95, 131]
[95, 130]
[96, 97]
[96, 131]
[97, 63]
[97, 133]
[102, 137]
[106, 72]
[108, 109]
[108, 74]
[108, 144]
[109, 110]
[109, 145]
[109, 144]
[110, 76]
[110, 146]
[110, 145]
[112, 78]
[116, 82]
[116, 151]
[118, 119]
[118, 84]
[118, 154]
[118, 153]
[119, 120]
[119, 155]
[119, 154]
[120, 121]
[120, 155]
[121, 87]
[123, 124]
[123, 89]
[123, 159]
[123, 158]
[124, 125]
[124, 159]
[125, 126]
[125, 91]
[129, 130]
[129, 95]
[129, 165]
[129, 164]
[130, 131]
[130, 96]
[130, 166]
[130, 165]
[131, 97]
[131, 166]
[136, 137]
[136, 102]
[144, 145]
[144, 110]
[144, 179]
[145, 146]
[146, 112]
[151, 186]
[153, 154]
[153, 119]
[154, 155]
[154, 120]
[155, 121]
[158, 159]
[158, 124]
[158, 193]
[159, 125]
[159, 195]
[163, 164]
[163, 129]
[163, 198]
[164, 165]
[164, 130]
[165, 166]
[165, 131]
[170, 136]
[170, 206]
[170, 205]
[177, 178]
[177, 212]
[178, 179]
[178, 144]
[179, 145]
[179, 215]
[184, 185]
[184, 219]
[185, 186]
[185, 151]
[192, 193]
[192, 158]
[193, 159]
[193, 229]
[195, 231]
[198, 164]
[198, 234]
[203, 239]
[203, 238]
[205, 206]
[206, 242]
[212, 178]
[215, 216]
[218, 219]
[218, 184]
[219, 185]
[223, 224]
[226, 192]
[229, 195]
[234, 235]
[235, 236]
[236, 237]
[237, 238]
[237, 203]
[238, 239]
[239, 205]
