[4, 5]
[4, 40]
[5, 41]
[5, 40]
[9, 45]
[9, 44]
[22, 23]
[22, 57]
[25, 26]
[25, 60]
[33, 69]
[40, 41]
[41, 77]
[43, 44]
[43, 9]
[43, 78]
[44, 45]
[45, 46]
[45, 81]
[46, 82]
[46, 81]
[48, 83]
[51, 52]
[51, 87]
[52, 88]
[52, 87]
[57, 23]
[57, 93]
[57, 92]
[60, 26]
[72, 73]
[72, 108]
[72, 107]
[73, 108]
[77, 78]
[77, 43]
[77, 113]
[77, 112]
[78, 44]
[78, 114]
[78, 113]
[81, 82]
[81, 116]
[82, 83]
[82, 48]
[83, 119]
[87, 88]
[87, 122]
[91, 92]
[91, 57]
[91, 127]
[91, 126]
[92, 93]
[92, 128]
[92, 127]
[93, 94]
[93, 129]
[93, 128]
[94, 60]
[94, 129]
[98, 64]
[107, 108]
[107, 73]
[108, 144]
[110, 145]
[112, 113]
[112, 78]
[112, 148]
[112, 147]
[113, 114]
[113, 148]
[116, 82]
[122, 88]
[122, 157]
[126, 127]
[126, 92]
[126, 162]
[126, 161]
[127, 128]
[127, 93]
[127, 162]
[128, 129]
[128, 94]
[128, 164]
[129, 164]
[138, 174]
[138, 173]
[144, 145]
[144, 110]
[144, 180]
[144, 179]
[145, 181]
[145, 180]
[147, 148]
[147, 113]
[148, 114]
[148, 184]
[157, 192]
[161, 162]
[161, 127]
[162, 128]
[162, 198]
[164, 199]
[166, 201]
[168, 204]
[171, 172]
[172, 173]
[172, 138]
[173, 174]
[179, 180]
[179, 145]
[179, 215]
[179, 214]
[180, 181]
[180, 215]
[181, 147]
[184, 185]
[184, 219]
[185, 186]
[185, 221]
[186, 187]
[186, 221]
[192, 227]
[194, 195]
[194, 230]
[194, 229]
[195, 161]
[195, 230]
[198, 199]
[198, 164]
[198, 234]
[198, 233]
[199, 234]
[201, 237]
[204, 205]
[204, 240]
[205, 171]
[205, 241]
[205, 240]
[214, 215]
[214, 180]
[215, 181]
[218, 219]
[218, 184]
[219, 185]
[221, 187]
[225, 226]
[226, 227]
[226, 192]
[229, 230]
[229, 195]
[232, 233]
[232, 198]
[233, 234]
[233, 199]
[237, 238]
[238, 204]
[240, 241]
