[1, 2]
[1, 37]
[1, 36]
[2, 37]
[4, 39]
[6, 7]
[6, 41]
[7, 8]
[10, 45]
[12, 48]
[12, 47]
[15, 16]
[16, 17]
[17, 53]
[19, 20]
[19, 55]
[19, 54]
[20, 21]
[20, 55]
[29, 30]
[29, 65]
[30, 31]
[30, 65]
[31, 67]
[35, 36]
[35, 1]
[35, 71]
[35, 70]
[36, 37]
[36, 2]
[36, 71]
[39, 75]
[41, 7]
[45, 81]
[45, 80]
[47, 48]
[47, 83]
[47, 82]
[48, 49]
[48, 84]
[48, 83]
[49, 15]
[49, 85]
[49, 84]
[53, 54]
[53, 19]
[53, 88]
[54, 55]
[54, 20]
[55, 21]
[55, 91]
[58, 24]
[58, 94]
[58, 93]
[61, 62]
[62, 63]
[62, 98]
[63, 29]
[63, 98]
[65, 31]
[65, 101]
[65, 100]
[69, 104]
[70, 71]
[70, 36]
[70, 106]
[70, 105]
[71, 37]
[71, 107]
[71, 106]
[75, 41]
[75, 110]
[78, 79]
[78, 114]
[79, 80]
[79, 45]
[79, 115]
[79, 114]
[80, 81]
[80, 116]
[80, 115]
[81, 82]
[81, 47]
[81, 116]
[82, 83]
[82, 48]
[82, 118]
[83, 84]
[83, 49]
[83, 118]
[84, 85]
[85, 121]
[88, 54]
[88, 123]
[91, 127]
[91, 126]
[93, 94]
[93, 129]
[94, 95]
[94, 129]
[95, 61]
[98, 133]
[100, 101]
[101, 67]
[101, 137]
[104, 139]
[105, 106]
[105, 71]
[105, 140]
[106, 107]
[106, 142]
[107, 108]
[107, 143]
[107, 142]
[108, 109]
[108, 143]
[109, 110]
[109, 75]
[109, 145]
[110, 145]
[112, 78]
[112, 148]
[114, 115]
[114, 80]
[114, 150]
[114, 149]
[115, 116]
[115, 81]
[115, 151]
[115, 150]
[116, 82]
[116, 152]
[116, 151]
[118, 84]
[118, 154]
[118, 153]
[121, 122]
[121, 157]
[121, 156]
[122, 123]
[122, 88]
[122, 157]
[125, 126]
[125, 91]
[125, 160]
[126, 127]
[126, 162]
[127, 93]
[127, 163]
[127, 162]
[129, 95]
[132, 133]
[132, 98]
[133, 169]
[137, 173]
[139, 174]
[140, 106]
[140, 176]
[140, 175]
[142, 143]
[142, 108]
[143, 109]
[143, 179]
[148, 149]
[148, 114]
[148, 184]
[149, 150]
[149, 115]
[149, 185]
[149, 184]
[150, 151]
[150, 116]
[150, 186]
[150, 185]
[151, 152]
[151, 186]
[152, 153]
[152, 118]
[152, 188]
[153, 154]
[153, 189]
[153, 188]
[154, 189]
[156, 157]
[156, 122]
[157, 123]
[160, 126]
[162, 163]
[162, 198]
[162, 197]
[163, 129]
[163, 198]
[166, 132]
[166, 201]
[169, 170]
[169, 205]
[169, 204]
[170, 171]
[170, 205]
[171, 137]
[171, 207]
[173, 174]
[173, 139]
[173, 208]
[175, 176]
[175, 211]
[175, 210]
[176, 142]
[176, 212]
[176, 211]
[179, 145]
[184, 185]
[184, 150]
[184, 220]
[184, 219]
[185, 186]
[185, 151]
[185, 220]
[186, 152]
[188, 189]
[188, 154]
[188, 224]
[189, 225]
[189, 224]
[197, 198]
[197, 163]
[197, 233]
[198, 233]
[201, 236]
[203, 204]
[203, 169]
[204, 205]
[204, 170]
[205, 171]
[207, 208]
[207, 173]
[207, 242]
[208, 174]
[208, 244]
[210, 211]
[210, 176]
[211, 212]
[217, 218]
[218, 219]
[218, 184]
[219, 220]
[219, 185]
[220, 186]
[224, 225]
[228, 229]
[229, 230]
[242, 208]
