[0, 1]
[0, 36]
[0, 35]
[1, 36]
[9, 10]
[9, 45]
[10, 45]
[14, 49]
[18, 53]
[24, 25]
[24, 60]
[25, 60]
[27, 28]
[27, 63]
[27, 62]
[28, 64]
[28, 63]
[33, 68]
[35, 36]
[35, 1]
[35, 71]
[36, 71]
[45, 81]
[45, 80]
[47, 83]
[49, 85]
[51, 52]
[52, 53]
[52, 18]
[52, 88]
[53, 88]
[62, 63]
[62, 28]
[63, 64]
[63, 99]
[64, 99]
[68, 104]
[68, 103]
[71, 106]
[78, 79]
[78, 114]
[78, 113]
[79, 80]
[79, 45]
[79, 114]
[80, 81]
[80, 116]
[81, 47]
[81, 117]
[81, 116]
[83, 49]
[83, 119]
[85, 51]
[85, 121]
[85, 120]
[88, 124]
[92, 128]
[92, 127]
[101, 102]
[101, 137]
[102, 103]
[102, 68]
[102, 137]
[103, 104]
[103, 139]
[104, 139]
[105, 106]
[105, 71]
[113, 114]
[113, 79]
[114, 80]
[116, 117]
[116, 152]
[116, 151]
[117, 83]
[117, 153]
[117, 152]
[119, 120]
[119, 85]
[119, 155]
[120, 121]
[120, 156]
[120, 155]
[121, 156]
[124, 125]
[124, 160]
[124, 159]
[125, 126]
[125, 161]
[125, 160]
[126, 127]
[126, 92]
[126, 162]
[126, 161]
[127, 128]
[127, 162]
[137, 103]
[137, 173]
[137, 172]
[146, 182]
[151, 152]
[151, 117]
[151, 186]
[152, 153]
[153, 119]
[155, 156]
[155, 121]
[156, 192]
[158, 159]
[158, 124]
[158, 193]
[159, 160]
[159, 125]
[159, 195]
[160, 161]
[160, 126]
[160, 195]
[161, 162]
[161, 127]
[162, 128]
[168, 203]
[170, 171]
[171, 172]
[171, 137]
[172, 173]
[173, 139]
[173, 209]
[182, 183]
[183, 219]
[185, 186]
[185, 151]
[185, 220]
[186, 152]
[186, 222]
[192, 193]
[192, 158]
[193, 159]
[195, 161]
[195, 231]
[199, 200]
[199, 235]
[200, 201]
[200, 236]
[200, 235]
[201, 202]
[201, 236]
[202, 203]
[202, 168]
[209, 244]
[210, 211]
[213, 179]
[219, 220]
[219, 185]
[220, 186]
[224, 225]
[225, 226]
[226, 192]
[231, 232]
[235, 236]
[235, 201]
[236, 202]
