[2, 3]
[2, 38]
[3, 38]
[6, 7]
[6, 42]
[6, 41]
[7, 8]
[7, 43]
[7, 42]
[8, 9]
[8, 44]
[8, 43]
[9, 45]
[9, 44]
[11, 12]
[11, 47]
[11, 46]
[12, 48]
[12, 47]
[14, 49]
[17, 52]
[19, 55]
[19, 54]
[21, 57]
[21, 56]
[24, 60]
[29, 65]
[29, 64]
[32, 33]
[32, 68]
[33, 69]
[33, 68]
[38, 74]
[38, 73]
[41, 42]
[41, 7]
[42, 43]
[42, 8]
[43, 44]
[43, 9]
[43, 79]
[44, 45]
[44, 80]
[44, 79]
[45, 46]
[45, 11]
[45, 81]
[45, 80]
[46, 47]
[46, 12]
[46, 82]
[46, 81]
[47, 48]
[47, 83]
[47, 82]
[48, 49]
[48, 14]
[48, 84]
[48, 83]
[49, 85]
[49, 84]
[52, 87]
[54, 55]
[54, 89]
[55, 56]
[55, 21]
[55, 91]
[56, 57]
[56, 92]
[56, 91]
[57, 92]
[60, 26]
[60, 96]
[60, 95]
[63, 64]
[63, 29]
[63, 99]
[63, 98]
[64, 65]
[64, 100]
[64, 99]
[65, 66]
[65, 101]
[65, 100]
[66, 32]
[66, 102]
[66, 101]
[68, 69]
[68, 104]
[69, 104]
[73, 74]
[73, 108]
[74, 75]
[74, 110]
[75, 41]
[75, 110]
[79, 80]
[79, 45]
[79, 114]
[80, 81]
[80, 46]
[80, 116]
[81, 82]
[81, 47]
[81, 116]
[82, 83]
[82, 48]
[82, 118]
[83, 84]
[83, 49]
[83, 119]
[83, 118]
[84, 85]
[84, 119]
[85, 121]
[89, 55]
[91, 92]
[91, 57]
[94, 95]
[94, 60]
[95, 96]
[95, 131]
[96, 97]
[96, 132]
[96, 131]
[97, 98]
[97, 63]
[97, 132]
[98, 99]
[98, 64]
[99, 100]
[99, 65]
[99, 135]
[100, 101]
[100, 66]
[100, 136]
[100, 135]
[101, 102]
[101, 136]
[102, 68]
[104, 139]
[108, 74]
[108, 144]
[108, 143]
[110, 146]
[110, 145]
[114, 80]
[114, 150]
[114, 149]
[116, 82]
[116, 152]
[118, 119]
[118, 84]
[119, 85]
[119, 155]
[121, 87]
[121, 157]
[121, 156]
[131, 132]
[131, 97]
[131, 167]
[132, 98]
[132, 167]
[135, 136]
[135, 101]
[135, 170]
[136, 102]
[136, 172]
[139, 174]
[142, 143]
[142, 108]
[142, 178]
[142, 177]
[143, 144]
[143, 179]
[143, 178]
[144, 145]
[144, 110]
[144, 180]
[144, 179]
[145, 146]
[145, 181]
[145, 180]
[146, 182]
[146, 181]
[148, 149]
[148, 114]
[149, 150]
[150, 116]
[150, 186]
[152, 118]
[152, 188]
[155, 156]
[155, 121]
[155, 191]
[156, 157]
[156, 191]
[157, 158]
[157, 193]
[158, 159]
[158, 193]
[161, 162]
[162, 198]
[164, 165]
[164, 200]
[164, 199]
[165, 131]
[165, 200]
[170, 136]
[170, 206]
[174, 209]
[175, 210]
[177, 178]
[177, 143]
[178, 179]
[178, 144]
[178, 214]
[179, 180]
[179, 145]
[179, 215]
[179, 214]
[180, 181]
[180, 146]
[180, 216]
[180, 215]
[181, 182]
[181, 217]
[181, 216]
[182, 148]
[182, 218]
[182, 217]
[186, 152]
[186, 222]
[188, 189]
[188, 224]
[189, 155]
[189, 224]
[191, 157]
[191, 227]
[193, 159]
[193, 228]
[198, 199]
[198, 164]
[198, 234]
[199, 200]
[199, 165]
[199, 234]
[206, 172]
[206, 242]
[206, 241]
[209, 244]
[214, 215]
[214, 180]
[215, 216]
[215, 181]
[216, 217]
[216, 182]
[217, 218]
[218, 219]
[219, 220]
[220, 186]
[222, 188]
[227, 228]
[227, 193]
[232, 198]
[234, 200]
[241, 242]
