[0, 1]
[0, 35]
[1, 37]
[4, 5]
[4, 39]
[8, 43]
[11, 12]
[11, 46]
[12, 13]
[12, 48]
[13, 14]
[13, 48]
[14, 15]
[23, 24]
[23, 58]
[26, 27]
[26, 61]
[27, 28]
[28, 64]
[30, 66]
[32, 33]
[33, 69]
[35, 1]
[35, 70]
[37, 73]
[39, 5]
[39, 74]
[42, 43]
[42, 8]
[42, 78]
[43, 79]
[43, 78]
[45, 46]
[45, 11]
[45, 81]
[45, 80]
[46, 12]
[46, 82]
[46, 81]
[48, 14]
[48, 83]
[52, 18]
[52, 88]
[52, 87]
[56, 57]
[56, 92]
[57, 58]
[57, 23]
[57, 93]
[57, 92]
[58, 24]
[58, 94]
[58, 93]
[61, 27]
[61, 97]
[64, 30]
[64, 100]
[64, 99]
[66, 32]
[66, 101]
[70, 105]
[73, 74]
[73, 39]
[73, 109]
[74, 109]
[76, 42]
[76, 111]
[78, 79]
[78, 113]
[79, 80]
[79, 45]
[79, 115]
[80, 81]
[80, 46]
[80, 115]
[81, 82]
[82, 83]
[82, 48]
[85, 86]
[85, 121]
[85, 120]
[86, 87]
[86, 52]
[86, 121]
[87, 88]
[87, 123]
[88, 124]
[88, 123]
[90, 56]
[90, 125]
[92, 93]
[92, 58]
[92, 128]
[93, 94]
[93, 128]
[94, 95]
[95, 61]
[97, 98]
[97, 133]
[98, 99]
[98, 64]
[98, 134]
[98, 133]
[99, 100]
[99, 134]
[100, 101]
[100, 66]
[100, 136]
[101, 136]
[105, 141]
[105, 140]
[107, 73]
[113, 79]
[113, 149]
[113, 148]
[115, 81]
[120, 121]
[120, 86]
[120, 155]
[121, 87]
[123, 124]
[124, 125]
[124, 90]
[125, 161]
[128, 94]
[128, 164]
[128, 163]
[133, 134]
[133, 99]
[133, 169]
[134, 100]
[134, 169]
[136, 172]
[138, 139]
[138, 174]
[139, 174]
[140, 141]
[140, 176]
[141, 107]
[141, 176]
[148, 149]
[148, 183]
[149, 115]
[152, 188]
[154, 155]
[154, 120]
[154, 189]
[155, 121]
[155, 191]
[161, 197]
[161, 196]
[163, 164]
[163, 199]
[163, 198]
[164, 199]
[166, 201]
[172, 138]
[172, 208]
[176, 212]
[178, 179]
[178, 214]
[179, 180]
[179, 215]
[179, 214]
[180, 181]
[180, 216]
[180, 215]
[181, 182]
[181, 216]
[182, 183]
[182, 148]
[183, 149]
[183, 219]
[186, 152]
[188, 189]
[188, 154]
[188, 224]
[189, 155]
[189, 225]
[189, 224]
[191, 226]
[193, 194]
[193, 229]
[193, 228]
[194, 230]
[194, 229]
[196, 197]
[196, 231]
[197, 198]
[197, 163]
[197, 233]
[198, 199]
[198, 164]
[198, 234]
[198, 233]
[199, 235]
[199, 234]
[201, 237]
[201, 236]
[203, 169]
[203, 239]
[203, 238]
[206, 172]
[208, 174]
[208, 244]
[208, 243]
[212, 178]
[214, 215]
[214, 180]
[215, 216]
[215, 181]
[216, 182]
[224, 225]
[225, 226]
[225, 191]
[228, 229]
[228, 194]
[229, 230]
[230, 231]
[230, 196]
[231, 197]
[233, 234]
[233, 199]
[234, 235]
[235, 236]
[235, 201]
[236, 237]
[237, 238]
[237, 203]
[238, 239]
[239, 240]
[240, 206]
[243, 244]
