[4, 5]
[4, 39]
[9, 45]
[11, 12]
[11, 47]
[12, 13]
[12, 48]
[12, 47]
[13, 48]
[15, 16]
[16, 52]
[19, 20]
[20, 21]
[23, 24]
[23, 59]
[24, 59]
[26, 61]
[30, 66]
[33, 34]
[39, 5]
[39, 75]
[39, 74]
[45, 11]
[47, 48]
[47, 13]
[47, 82]
[52, 53]
[53, 19]
[59, 94]
[61, 97]
[63, 64]
[63, 99]
[64, 30]
[64, 99]
[66, 67]
[67, 33]
[72, 108]
[74, 75]
[74, 110]
[74, 109]
[75, 76]
[75, 111]
[75, 110]
[76, 77]
[76, 112]
[76, 111]
[77, 78]
[77, 112]
[78, 114]
[82, 48]
[82, 117]
[85, 121]
[91, 92]
[91, 127]
[91, 126]
[92, 93]
[92, 127]
[93, 94]
[93, 59]
[97, 63]
[99, 135]
[104, 139]
[106, 72]
[106, 142]
[106, 141]
[108, 109]
[108, 74]
[108, 144]
[109, 110]
[109, 75]
[109, 145]
[109, 144]
[110, 111]
[110, 76]
[110, 146]
[110, 145]
[111, 112]
[111, 77]
[111, 146]
[112, 78]
[112, 148]
[114, 115]
[115, 116]
[115, 151]
[116, 117]
[116, 82]
[116, 151]
[117, 153]
[121, 122]
[121, 156]
[122, 123]
[123, 159]
[125, 126]
[125, 91]
[125, 160]
[126, 127]
[126, 92]
[126, 162]
[127, 93]
[127, 163]
[127, 162]
[131, 97]
[135, 136]
[136, 137]
[136, 172]
[137, 138]
[137, 173]
[137, 172]
[138, 139]
[138, 104]
[138, 173]
[141, 142]
[141, 177]
[142, 108]
[142, 177]
[144, 145]
[144, 110]
[144, 180]
[144, 179]
[145, 146]
[145, 111]
[145, 181]
[145, 180]
[146, 112]
[146, 182]
[146, 181]
[148, 114]
[148, 184]
[151, 117]
[151, 187]
[151, 186]
[153, 189]
[156, 122]
[156, 192]
[159, 160]
[159, 125]
[159, 194]
[160, 126]
[160, 196]
[162, 163]
[162, 198]
[163, 199]
[163, 198]
[165, 131]
[165, 200]
[172, 173]
[172, 138]
[172, 207]
[173, 139]
[175, 141]
[175, 211]
[175, 210]
[179, 180]
[179, 145]
[179, 214]
[180, 181]
[180, 146]
[181, 182]
[182, 148]
[184, 185]
[184, 220]
[184, 219]
[185, 186]
[185, 151]
[185, 221]
[185, 220]
[186, 187]
[186, 222]
[186, 221]
[187, 153]
[187, 223]
[187, 222]
[189, 224]
[194, 160]
[194, 229]
[196, 162]
[196, 231]
[198, 199]
[198, 234]
[198, 233]
[199, 200]
[199, 165]
[199, 235]
[199, 234]
[200, 236]
[200, 235]
[202, 203]
[202, 238]
[202, 237]
[203, 204]
[203, 238]
[204, 205]
[204, 240]
[205, 240]
[207, 173]
[207, 242]
[210, 211]
[211, 177]
[214, 180]
[219, 220]
[219, 185]
[220, 221]
[220, 186]
[221, 222]
[221, 187]
[222, 223]
[223, 224]
[223, 189]
[226, 192]
[233, 234]
[233, 199]
[234, 235]
[234, 200]
[235, 236]
[236, 237]
[236, 202]
[237, 238]
[237, 203]
[238, 204]
