[2, 3]
[2, 37]
[3, 4]
[4, 40]
[12, 13]
[12, 47]
[13, 14]
[14, 15]
[19, 20]
[19, 55]
[19, 54]
[20, 21]
[20, 56]
[20, 55]
[21, 22]
[21, 56]
[22, 23]
[23, 59]
[27, 63]
[27, 62]
[29, 30]
[29, 65]
[30, 31]
[30, 66]
[30, 65]
[31, 67]
[31, 66]
[35, 36]
[35, 70]
[36, 37]
[36, 2]
[37, 3]
[40, 76]
[40, 75]
[42, 43]
[42, 78]
[43, 44]
[43, 78]
[44, 45]
[44, 80]
[45, 81]
[45, 80]
[47, 13]
[47, 82]
[54, 55]
[54, 20]
[54, 90]
[55, 56]
[55, 21]
[55, 90]
[56, 22]
[59, 60]
[60, 61]
[60, 96]
[61, 62]
[61, 27]
[61, 96]
[62, 63]
[63, 29]
[63, 99]
[65, 66]
[65, 31]
[65, 101]
[65, 100]
[66, 67]
[66, 102]
[66, 101]
[67, 102]
[70, 36]
[74, 75]
[74, 40]
[75, 76]
[76, 42]
[76, 112]
[78, 44]
[78, 114]
[80, 81]
[80, 116]
[80, 115]
[81, 82]
[81, 47]
[81, 116]
[85, 120]
[88, 54]
[88, 124]
[90, 56]
[90, 125]
[93, 59]
[96, 62]
[96, 132]
[96, 131]
[99, 100]
[99, 65]
[99, 135]
[99, 134]
[100, 101]
[100, 66]
[100, 136]
[100, 135]
[101, 102]
[101, 67]
[101, 136]
[108, 74]
[108, 144]
[112, 78]
[114, 115]
[114, 80]
[115, 116]
[115, 81]
[116, 82]
[120, 156]
[120, 155]
[122, 88]
[124, 125]
[124, 90]
[124, 160]
[124, 159]
[125, 161]
[125, 160]
[130, 131]
[130, 96]
[130, 166]
[131, 132]
[131, 166]
[134, 135]
[134, 100]
[135, 136]
[135, 101]
[135, 171]
[136, 102]
[136, 172]
[136, 171]
[141, 142]
[142, 108]
[142, 178]
[144, 145]
[145, 146]
[146, 112]
[146, 182]
[153, 188]
[155, 156]
[156, 122]
[159, 160]
[159, 125]
[159, 194]
[160, 161]
[163, 164]
[163, 199]
[163, 198]
[164, 130]
[164, 200]
[164, 199]
[166, 132]
[171, 172]
[171, 207]
[171, 206]
[172, 173]
[172, 207]
[173, 139]
[173, 209]
[175, 141]
[178, 144]
[182, 183]
[183, 184]
[183, 219]
[184, 220]
[184, 219]
[188, 224]
[188, 223]
[193, 194]
[193, 159]
[193, 229]
[194, 160]
[194, 229]
[198, 199]
[198, 164]
[198, 234]
[199, 200]
[199, 235]
[199, 234]
[200, 166]
[200, 235]
[205, 206]
[205, 171]
[205, 241]
[206, 207]
[206, 172]
[206, 241]
[207, 173]
[212, 178]
[219, 220]
[220, 186]
[223, 224]
[234, 235]
[234, 200]
[241, 207]
