[0, 1]
[0, 36]
[0, 35]
[1, 2]
[1, 37]
[1, 36]
[2, 3]
[2, 38]
[2, 37]
[3, 38]
[6, 42]
[6, 41]
[9, 10]
[9, 44]
[13, 49]
[13, 48]
[16, 17]
[20, 21]
[20, 56]
[21, 22]
[21, 57]
[21, 56]
[22, 23]
[22, 58]
[22, 57]
[23, 24]
[23, 59]
[23, 58]
[24, 25]
[24, 60]
[24, 59]
[25, 60]
[27, 28]
[27, 62]
[28, 29]
[28, 64]
[29, 65]
[29, 64]
[33, 68]
[35, 36]
[35, 1]
[35, 70]
[36, 37]
[36, 2]
[36, 72]
[37, 38]
[37, 3]
[37, 73]
[37, 72]
[38, 74]
[38, 73]
[40, 41]
[40, 6]
[40, 76]
[41, 42]
[41, 77]
[41, 76]
[42, 77]
[44, 10]
[44, 80]
[44, 79]
[47, 48]
[47, 13]
[47, 82]
[48, 49]
[49, 85]
[56, 57]
[56, 22]
[56, 92]
[57, 58]
[57, 23]
[57, 93]
[57, 92]
[58, 59]
[58, 24]
[58, 93]
[59, 60]
[59, 25]
[60, 96]
[62, 28]
[64, 65]
[64, 99]
[65, 66]
[65, 101]
[66, 67]
[66, 102]
[66, 101]
[67, 68]
[67, 33]
[67, 102]
[68, 104]
[70, 36]
[70, 106]
[72, 73]
[72, 38]
[72, 108]
[73, 74]
[73, 109]
[73, 108]
[74, 40]
[74, 110]
[74, 109]
[76, 77]
[76, 42]
[76, 112]
[76, 111]
[77, 113]
[77, 112]
[79, 80]
[79, 115]
[79, 114]
[80, 81]
[80, 115]
[81, 82]
[81, 47]
[81, 117]
[82, 48]
[82, 118]
[82, 117]
[85, 121]
[85, 120]
[87, 88]
[87, 122]
[88, 89]
[89, 90]
[89, 125]
[90, 56]
[90, 125]
[92, 93]
[92, 58]
[93, 59]
[96, 62]
[96, 132]
[96, 131]
[99, 65]
[101, 102]
[101, 67]
[101, 137]
[102, 68]
[102, 138]
[102, 137]
[104, 139]
[106, 72]
[106, 141]
[108, 109]
[108, 74]
[108, 144]
[108, 143]
[109, 110]
[109, 144]
[110, 111]
[110, 76]
[110, 146]
[111, 112]
[111, 77]
[111, 146]
[112, 113]
[112, 148]
[113, 114]
[113, 79]
[113, 149]
[113, 148]
[114, 115]
[114, 80]
[114, 149]
[115, 81]
[117, 118]
[117, 153]
[117, 152]
[118, 153]
[120, 121]
[120, 156]
[120, 155]
[121, 122]
[121, 87]
[121, 157]
[121, 156]
[122, 88]
[122, 157]
[125, 160]
[131, 132]
[131, 167]
[131, 166]
[132, 133]
[132, 168]
[132, 167]
[133, 99]
[133, 168]
[137, 138]
[137, 173]
[138, 139]
[138, 104]
[138, 173]
[141, 177]
[141, 176]
[143, 144]
[143, 109]
[143, 179]
[143, 178]
[144, 110]
[144, 180]
[144, 179]
[146, 112]
[146, 182]
[148, 149]
[148, 114]
[148, 184]
[148, 183]
[149, 115]
[149, 184]
[152, 153]
[152, 118]
[155, 156]
[155, 121]
[155, 190]
[156, 157]
[156, 122]
[156, 192]
[157, 193]
[157, 192]
[159, 160]
[159, 125]
[159, 195]
[159, 194]
[160, 195]
[163, 198]
[165, 166]
[165, 131]
[166, 167]
[166, 132]
[167, 168]
[167, 133]
[170, 171]
[171, 137]
[171, 207]
[173, 139]
[173, 209]
[173, 208]
[175, 176]
[175, 141]
[175, 210]
[176, 177]
[176, 212]
[177, 178]
[177, 143]
[177, 213]
[177, 212]
[178, 179]
[178, 144]
[178, 213]
[179, 180]
[179, 215]
[180, 146]
[180, 216]
[180, 215]
[182, 183]
[182, 148]
[182, 218]
[182, 217]
[183, 184]
[183, 149]
[183, 218]
[184, 220]
[186, 152]
[186, 221]
[190, 156]
[192, 193]
[192, 228]
[192, 227]
[193, 194]
[193, 159]
[193, 228]
[194, 195]
[194, 160]
[194, 230]
[195, 230]
[207, 208]
[207, 173]
[208, 209]
[208, 244]
[209, 244]
[210, 176]
[212, 213]
[212, 178]
[213, 179]
[215, 216]
[216, 217]
[216, 182]
[217, 218]
[217, 183]
[218, 184]
[220, 221]
[220, 186]
[227, 228]
[227, 193]
[228, 194]
