[2, 3]
[2, 37]
[3, 39]
[6, 42]
[9, 10]
[9, 45]
[9, 44]
[10, 11]
[10, 45]
[16, 51]
[18, 53]
[20, 21]
[20, 55]
[21, 22]
[22, 58]
[27, 28]
[27, 63]
[28, 29]
[28, 64]
[28, 63]
[29, 30]
[29, 65]
[29, 64]
[30, 31]
[30, 66]
[30, 65]
[31, 66]
[33, 34]
[33, 68]
[37, 3]
[37, 73]
[39, 75]
[39, 74]
[42, 78]
[44, 45]
[44, 10]
[44, 79]
[45, 11]
[45, 81]
[51, 87]
[53, 88]
[55, 21]
[55, 90]
[61, 27]
[61, 96]
[63, 64]
[63, 29]
[63, 98]
[64, 65]
[64, 30]
[64, 100]
[65, 66]
[65, 31]
[65, 101]
[65, 100]
[66, 102]
[66, 101]
[68, 34]
[71, 37]
[71, 107]
[71, 106]
[73, 74]
[73, 39]
[73, 109]
[73, 108]
[74, 75]
[74, 110]
[74, 109]
[75, 111]
[75, 110]
[78, 79]
[78, 44]
[78, 114]
[79, 45]
[79, 115]
[79, 114]
[81, 82]
[81, 117]
[81, 116]
[82, 83]
[82, 117]
[83, 84]
[83, 119]
[84, 85]
[84, 119]
[85, 51]
[87, 88]
[87, 53]
[87, 123]
[88, 124]
[88, 123]
[90, 126]
[96, 132]
[98, 64]
[98, 134]
[100, 101]
[100, 66]
[100, 136]
[101, 102]
[101, 136]
[102, 68]
[105, 106]
[105, 71]
[105, 141]
[105, 140]
[106, 107]
[106, 141]
[107, 108]
[107, 73]
[108, 109]
[108, 74]
[109, 110]
[109, 75]
[110, 111]
[110, 146]
[111, 112]
[111, 146]
[112, 78]
[112, 148]
[114, 115]
[115, 116]
[115, 81]
[116, 117]
[116, 82]
[116, 152]
[117, 83]
[117, 152]
[119, 85]
[123, 124]
[124, 90]
[126, 162]
[126, 161]
[132, 98]
[132, 168]
[134, 100]
[134, 170]
[136, 102]
[136, 172]
[139, 174]
[140, 141]
[140, 106]
[140, 175]
[141, 107]
[146, 112]
[148, 114]
[148, 183]
[156, 191]
[161, 162]
[162, 128]
[162, 198]
[168, 134]
[168, 204]
[168, 203]
[170, 136]
[170, 205]
[174, 209]
[175, 141]
[175, 210]
[178, 179]
[178, 214]
[179, 214]
[183, 219]
[183, 218]
[186, 152]
[186, 222]
[186, 221]
[191, 227]
[195, 161]
[195, 231]
[195, 230]
[203, 204]
[203, 239]
[204, 205]
[204, 170]
[204, 240]
[204, 239]
[205, 240]
[209, 244]
[217, 218]
[217, 183]
[218, 219]
[219, 220]
[220, 221]
[220, 186]
[221, 222]
[222, 223]
[223, 224]
[227, 228]
[228, 229]
[229, 230]
[229, 195]
[230, 231]
[231, 232]
[232, 198]
[239, 240]
[239, 205]
[243, 244]
[243, 209]
