[1, 2]
[1, 37]
[1, 36]
[2, 3]
[2, 38]
[2, 37]
[3, 4]
[3, 39]
[3, 38]
[4, 5]
[4, 40]
[4, 39]
[5, 40]
[9, 10]
[9, 44]
[12, 47]
[16, 51]
[20, 21]
[20, 55]
[21, 57]
[25, 60]
[32, 67]
[36, 37]
[36, 2]
[36, 71]
[37, 38]
[37, 3]
[38, 39]
[38, 4]
[38, 74]
[39, 40]
[39, 5]
[39, 74]
[44, 10]
[47, 83]
[49, 50]
[50, 51]
[50, 16]
[50, 86]
[51, 86]
[54, 55]
[54, 20]
[54, 90]
[55, 21]
[55, 90]
[60, 96]
[60, 95]
[64, 65]
[65, 66]
[65, 101]
[66, 67]
[66, 32]
[66, 101]
[67, 103]
[69, 104]
[70, 71]
[70, 36]
[70, 105]
[71, 37]
[71, 107]
[74, 40]
[74, 110]
[83, 49]
[83, 119]
[83, 118]
[86, 122]
[88, 54]
[88, 124]
[88, 123]
[95, 96]
[96, 97]
[97, 98]
[98, 64]
[101, 67]
[101, 137]
[103, 104]
[103, 69]
[103, 138]
[105, 71]
[105, 140]
[107, 108]
[107, 143]
[108, 74]
[108, 144]
[108, 143]
[110, 146]
[112, 113]
[112, 147]
[113, 114]
[114, 150]
[118, 119]
[119, 120]
[120, 86]
[122, 123]
[122, 88]
[122, 158]
[122, 157]
[123, 124]
[123, 158]
[124, 90]
[124, 160]
[135, 101]
[135, 170]
[137, 138]
[137, 103]
[137, 173]
[137, 172]
[138, 104]
[138, 174]
[138, 173]
[143, 144]
[143, 179]
[143, 178]
[144, 110]
[144, 179]
[146, 147]
[146, 112]
[146, 182]
[146, 181]
[147, 113]
[147, 183]
[147, 182]
[157, 158]
[157, 123]
[157, 192]
[158, 124]
[165, 166]
[172, 173]
[172, 138]
[172, 208]
[173, 174]
[173, 208]
[178, 179]
[178, 144]
[178, 213]
[181, 182]
[181, 147]
[181, 217]
[181, 216]
[182, 183]
[182, 218]
[182, 217]
[183, 184]
[183, 219]
[183, 218]
[184, 150]
[184, 219]
[190, 191]
[191, 192]
[191, 157]
[191, 227]
[192, 158]
[192, 228]
[192, 227]
[197, 198]
[197, 233]
[197, 232]
[198, 199]
[198, 233]
[199, 165]
[208, 174]
[208, 244]
[208, 243]
[210, 211]
[211, 212]
[212, 213]
[212, 178]
[213, 179]
[216, 217]
[216, 182]
[217, 218]
[217, 183]
[218, 219]
[218, 184]
[227, 228]
[228, 229]
[229, 230]
[232, 233]
[232, 198]
[233, 199]
[240, 241]
[241, 242]
[242, 243]
[242, 208]
[243, 244]
