[2, 3]
[2, 37]
[3, 39]
[6, 42]
[10, 45]
[15, 16]
[15, 51]
[15, 50]
[16, 17]
[16, 51]
[17, 18]
[26, 62]
[31, 67]
[33, 34]
[33, 69]
[34, 69]
[37, 3]
[37, 72]
[39, 75]
[42, 43]
[42, 78]
[42, 77]
[43, 78]
[45, 81]
[45, 80]
[48, 49]
[48, 83]
[49, 50]
[49, 15]
[50, 51]
[50, 16]
[51, 17]
[51, 87]
[55, 56]
[55, 90]
[60, 26]
[60, 96]
[64, 100]
[67, 33]
[67, 103]
[72, 108]
[77, 78]
[77, 43]
[78, 114]
[80, 81]
[80, 116]
[80, 115]
[81, 116]
[83, 49]
[87, 88]
[87, 122]
[90, 56]
[94, 60]
[94, 130]
[94, 129]
[96, 62]
[96, 132]
[100, 101]
[100, 136]
[100, 135]
[101, 67]
[101, 137]
[101, 136]
[103, 69]
[103, 138]
[105, 141]
[105, 140]
[108, 144]
[114, 115]
[114, 80]
[114, 150]
[114, 149]
[115, 116]
[115, 81]
[115, 151]
[115, 150]
[116, 151]
[122, 88]
[122, 157]
[128, 129]
[128, 94]
[128, 164]
[129, 130]
[129, 165]
[129, 164]
[130, 96]
[130, 166]
[130, 165]
[132, 133]
[132, 167]
[133, 134]
[134, 135]
[134, 100]
[134, 170]
[135, 136]
[135, 101]
[135, 170]
[136, 137]
[137, 138]
[137, 103]
[138, 174]
[140, 141]
[140, 176]
[140, 175]
[141, 142]
[141, 177]
[141, 176]
[142, 108]
[142, 177]
[144, 180]
[144, 179]
[146, 147]
[146, 181]
[147, 148]
[148, 149]
[148, 114]
[148, 184]
[149, 150]
[149, 115]
[149, 184]
[150, 151]
[150, 116]
[157, 193]
[160, 161]
[164, 165]
[164, 130]
[165, 166]
[165, 201]
[166, 167]
[166, 132]
[166, 202]
[166, 201]
[167, 133]
[167, 203]
[167, 202]
[170, 136]
[174, 209]
[175, 176]
[175, 141]
[175, 210]
[176, 177]
[176, 142]
[176, 212]
[177, 213]
[177, 212]
[179, 180]
[180, 181]
[180, 146]
[180, 216]
[181, 147]
[181, 216]
[184, 150]
[184, 220]
[184, 219]
[190, 226]
[193, 229]
[193, 228]
[201, 202]
[201, 167]
[201, 237]
[202, 203]
[202, 238]
[202, 237]
[203, 239]
[203, 238]
[210, 176]
[212, 213]
[213, 179]
[218, 219]
[218, 184]
[219, 220]
[226, 227]
[227, 228]
[227, 193]
[228, 229]
[229, 230]
[235, 201]
[237, 238]
[237, 203]
[238, 239]
[239, 240]
[240, 241]
[241, 207]
