[1, 2]
[1, 37]
[1, 36]
[2, 3]
[2, 38]
[2, 37]
[3, 38]
[5, 6]
[5, 40]
[6, 7]
[6, 42]
[7, 43]
[7, 42]
[12, 48]
[15, 16]
[15, 51]
[15, 50]
[16, 17]
[16, 52]
[16, 51]
[17, 52]
[21, 22]
[21, 57]
[22, 57]
[24, 25]
[24, 60]
[25, 60]
[30, 31]
[31, 67]
[33, 69]
[36, 37]
[36, 2]
[37, 38]
[37, 3]
[40, 6]
[40, 76]
[42, 43]
[43, 79]
[46, 12]
[46, 82]
[48, 49]
[49, 50]
[49, 15]
[50, 51]
[50, 16]
[50, 86]
[51, 52]
[51, 17]
[51, 86]
[52, 88]
[54, 55]
[54, 90]
[54, 89]
[55, 21]
[55, 91]
[55, 90]
[63, 99]
[67, 33]
[67, 102]
[76, 42]
[79, 115]
[79, 114]
[82, 48]
[82, 118]
[82, 117]
[86, 52]
[86, 122]
[88, 89]
[88, 54]
[88, 123]
[89, 90]
[89, 55]
[89, 125]
[90, 91]
[90, 125]
[91, 57]
[91, 127]
[97, 63]
[101, 102]
[101, 67]
[101, 136]
[102, 138]
[107, 108]
[107, 143]
[107, 142]
[108, 144]
[108, 143]
[110, 76]
[114, 115]
[114, 150]
[115, 151]
[115, 150]
[117, 118]
[117, 152]
[120, 86]
[122, 123]
[122, 88]
[122, 158]
[122, 157]
[123, 89]
[123, 158]
[125, 91]
[127, 128]
[131, 97]
[131, 167]
[136, 102]
[136, 171]
[138, 139]
[142, 143]
[142, 108]
[143, 144]
[143, 179]
[144, 110]
[144, 180]
[144, 179]
[150, 151]
[150, 186]
[150, 185]
[151, 152]
[151, 117]
[151, 187]
[151, 186]
[152, 118]
[152, 188]
[152, 187]
[157, 158]
[157, 123]
[167, 203]
[179, 180]
[179, 214]
[180, 181]
[180, 216]
[181, 182]
[181, 217]
[181, 216]
[182, 218]
[182, 217]
[185, 186]
[185, 151]
[185, 221]
[186, 187]
[186, 152]
[186, 221]
[187, 188]
[188, 224]
[195, 230]
[197, 198]
[197, 233]
[197, 232]
[198, 233]
[200, 236]
[200, 235]
[203, 238]
[205, 171]
[205, 241]
[205, 240]
[214, 180]
[216, 217]
[216, 182]
[217, 218]
[218, 219]
[219, 185]
[221, 187]
[232, 233]
[232, 198]
[235, 236]
[236, 237]
[237, 238]
[237, 203]
[240, 241]
[241, 242]
[242, 243]
