[3, 39]
[3, 38]
[5, 41]
[5, 40]
[7, 8]
[8, 44]
[11, 47]
[16, 52]
[16, 51]
[18, 53]
[24, 25]
[24, 59]
[25, 61]
[27, 28]
[27, 63]
[27, 62]
[28, 29]
[28, 64]
[28, 63]
[29, 65]
[29, 64]
[31, 66]
[38, 39]
[39, 40]
[39, 5]
[39, 75]
[40, 41]
[40, 76]
[40, 75]
[41, 7]
[41, 76]
[44, 80]
[44, 79]
[47, 48]
[47, 82]
[48, 14]
[51, 52]
[51, 87]
[52, 53]
[52, 18]
[52, 87]
[59, 25]
[59, 94]
[61, 62]
[61, 27]
[61, 96]
[62, 63]
[62, 28]
[62, 98]
[63, 64]
[63, 29]
[63, 98]
[64, 65]
[65, 66]
[65, 31]
[65, 101]
[66, 102]
[66, 101]
[68, 69]
[68, 104]
[68, 103]
[69, 104]
[71, 72]
[72, 38]
[75, 76]
[75, 41]
[75, 111]
[76, 111]
[79, 80]
[80, 81]
[81, 82]
[81, 47]
[81, 117]
[82, 48]
[82, 118]
[82, 117]
[87, 53]
[87, 123]
[87, 122]
[90, 91]
[91, 127]
[96, 62]
[96, 132]
[96, 131]
[98, 64]
[98, 134]
[101, 102]
[101, 137]
[102, 103]
[102, 68]
[102, 138]
[102, 137]
[103, 104]
[103, 69]
[103, 139]
[103, 138]
[104, 139]
[109, 75]
[109, 144]
[111, 147]
[113, 79]
[113, 148]
[117, 118]
[117, 152]
[120, 156]
[120, 155]
[122, 123]
[123, 159]
[127, 163]
[131, 132]
[132, 98]
[137, 138]
[137, 103]
[137, 173]
[137, 172]
[138, 139]
[138, 104]
[138, 174]
[138, 173]
[139, 174]
[140, 141]
[140, 176]
[141, 142]
[141, 176]
[142, 178]
[144, 179]
[147, 148]
[147, 113]
[152, 118]
[152, 188]
[152, 187]
[155, 156]
[155, 191]
[156, 122]
[156, 191]
[159, 160]
[159, 194]
[163, 164]
[163, 199]
[163, 198]
[164, 165]
[164, 199]
[165, 131]
[172, 173]
[172, 138]
[172, 208]
[172, 207]
[173, 174]
[173, 139]
[173, 209]
[173, 208]
[174, 209]
[176, 142]
[176, 212]
[176, 211]
[178, 179]
[178, 144]
[179, 215]
[185, 186]
[185, 221]
[185, 220]
[186, 187]
[186, 152]
[186, 222]
[186, 221]
[187, 188]
[187, 223]
[187, 222]
[188, 224]
[188, 223]
[191, 226]
[194, 160]
[194, 230]
[197, 198]
[197, 163]
[197, 233]
[197, 232]
[198, 199]
[198, 164]
[198, 233]
[199, 165]
[203, 239]
[203, 238]
[206, 207]
[206, 172]
[206, 242]
[207, 208]
[207, 173]
[207, 243]
[207, 242]
[208, 209]
[208, 174]
[208, 243]
[211, 212]
[212, 178]
[217, 218]
[220, 221]
[220, 186]
[221, 222]
[221, 187]
[222, 223]
[222, 188]
[223, 224]
[228, 194]
[232, 233]
[232, 198]
[233, 199]
[237, 238]
[237, 203]
[238, 239]
[242, 243]
[242, 208]
[243, 209]
