[0, 1]
[0, 35]
[1, 2]
[1, 37]
[2, 3]
[2, 37]
[3, 39]
[10, 11]
[10, 46]
[11, 12]
[11, 46]
[12, 13]
[13, 49]
[15, 16]
[15, 51]
[15, 50]
[16, 17]
[16, 51]
[17, 53]
[19, 55]
[21, 22]
[21, 56]
[22, 23]
[23, 24]
[23, 59]
[24, 59]
[32, 33]
[35, 1]
[35, 70]
[37, 3]
[39, 74]
[41, 42]
[41, 77]
[41, 76]
[42, 8]
[42, 77]
[46, 12]
[46, 82]
[46, 81]
[49, 50]
[49, 15]
[49, 85]
[50, 51]
[50, 16]
[50, 85]
[51, 17]
[51, 87]
[53, 19]
[55, 56]
[55, 21]
[55, 90]
[56, 22]
[63, 64]
[63, 98]
[70, 106]
[70, 105]
[74, 109]
[76, 77]
[76, 42]
[76, 112]
[76, 111]
[77, 112]
[79, 80]
[80, 81]
[80, 46]
[80, 116]
[81, 82]
[81, 117]
[81, 116]
[82, 83]
[82, 117]
[83, 49]
[83, 119]
[85, 51]
[85, 120]
[87, 53]
[87, 122]
[90, 56]
[90, 126]
[98, 64]
[98, 134]
[98, 133]
[105, 106]
[105, 140]
[106, 142]
[108, 109]
[108, 74]
[109, 145]
[111, 112]
[111, 77]
[111, 146]
[116, 117]
[116, 82]
[116, 151]
[117, 83]
[119, 120]
[119, 85]
[119, 155]
[119, 154]
[120, 156]
[120, 155]
[122, 158]
[122, 157]
[126, 162]
[126, 161]
[128, 164]
[130, 165]
[132, 133]
[132, 98]
[132, 167]
[133, 134]
[134, 170]
[140, 106]
[140, 175]
[142, 108]
[142, 177]
[145, 146]
[145, 111]
[145, 181]
[145, 180]
[146, 112]
[146, 182]
[146, 181]
[151, 117]
[151, 187]
[154, 155]
[154, 120]
[154, 190]
[154, 189]
[155, 156]
[155, 190]
[156, 157]
[156, 122]
[157, 158]
[157, 193]
[158, 159]
[158, 194]
[158, 193]
[159, 195]
[159, 194]
[161, 162]
[161, 197]
[162, 128]
[162, 197]
[164, 165]
[164, 130]
[167, 133]
[170, 171]
[171, 137]
[171, 207]
[175, 211]
[175, 210]
[177, 213]
[179, 180]
[179, 145]
[179, 214]
[180, 181]
[180, 146]
[181, 182]
[184, 220]
[187, 223]
[187, 222]
[189, 190]
[189, 155]
[190, 156]
[190, 226]
[193, 194]
[193, 159]
[194, 195]
[194, 230]
[195, 161]
[195, 231]
[195, 230]
[197, 233]
[197, 232]
[204, 170]
[207, 208]
[208, 209]
[208, 244]
[209, 244]
[210, 211]
[211, 177]
[213, 214]
[213, 179]
[214, 180]
[222, 223]
[223, 189]
[230, 231]
[231, 232]
[231, 197]
[232, 233]
[233, 234]
[234, 235]
[241, 207]
