[0, 36]
[0, 35]
[3, 4]
[4, 5]
[5, 6]
[5, 41]
[6, 42]
[6, 41]
[9, 44]
[14, 50]
[14, 49]
[16, 52]
[19, 20]
[19, 55]
[19, 54]
[20, 56]
[20, 55]
[22, 23]
[22, 57]
[23, 59]
[25, 26]
[25, 60]
[28, 64]
[35, 36]
[35, 71]
[35, 70]
[36, 37]
[36, 72]
[36, 71]
[37, 3]
[37, 73]
[37, 72]
[41, 42]
[41, 77]
[42, 43]
[42, 77]
[43, 44]
[43, 9]
[44, 80]
[49, 50]
[49, 85]
[50, 16]
[50, 86]
[50, 85]
[52, 53]
[53, 54]
[53, 19]
[54, 55]
[54, 20]
[55, 56]
[56, 57]
[56, 22]
[57, 23]
[57, 93]
[59, 60]
[59, 25]
[59, 95]
[60, 26]
[60, 96]
[60, 95]
[64, 65]
[65, 66]
[65, 101]
[66, 67]
[66, 101]
[67, 68]
[68, 104]
[70, 71]
[70, 36]
[70, 105]
[71, 72]
[71, 37]
[72, 73]
[72, 108]
[73, 74]
[73, 109]
[73, 108]
[74, 75]
[74, 110]
[74, 109]
[75, 41]
[75, 111]
[75, 110]
[77, 43]
[77, 112]
[80, 116]
[80, 115]
[82, 83]
[82, 118]
[82, 117]
[83, 49]
[83, 119]
[83, 118]
[85, 86]
[85, 121]
[85, 120]
[86, 52]
[86, 122]
[86, 121]
[93, 59]
[93, 128]
[95, 96]
[95, 131]
[96, 97]
[96, 132]
[96, 131]
[97, 133]
[97, 132]
[101, 67]
[101, 137]
[104, 139]
[105, 71]
[105, 140]
[108, 109]
[108, 74]
[108, 144]
[109, 110]
[109, 75]
[109, 144]
[110, 111]
[110, 146]
[111, 112]
[111, 77]
[111, 146]
[112, 148]
[114, 115]
[114, 80]
[114, 150]
[114, 149]
[115, 116]
[115, 150]
[116, 117]
[116, 82]
[116, 152]
[117, 118]
[117, 83]
[117, 153]
[117, 152]
[118, 119]
[118, 153]
[119, 120]
[119, 85]
[119, 155]
[120, 121]
[120, 86]
[120, 156]
[120, 155]
[121, 122]
[121, 157]
[121, 156]
[122, 158]
[122, 157]
[125, 161]
[127, 128]
[127, 93]
[127, 163]
[128, 163]
[131, 132]
[131, 97]
[131, 167]
[132, 133]
[132, 167]
[133, 134]
[133, 169]
[134, 170]
[134, 169]
[137, 173]
[139, 174]
[142, 108]
[142, 177]
[144, 110]
[144, 179]
[146, 112]
[146, 182]
[146, 181]
[148, 149]
[148, 114]
[149, 150]
[149, 115]
[149, 185]
[150, 116]
[150, 185]
[152, 153]
[152, 118]
[152, 188]
[152, 187]
[153, 119]
[153, 189]
[153, 188]
[155, 156]
[155, 121]
[155, 191]
[155, 190]
[156, 157]
[156, 122]
[156, 192]
[156, 191]
[157, 158]
[157, 192]
[158, 159]
[159, 125]
[161, 127]
[161, 197]
[161, 196]
[163, 199]
[167, 133]
[167, 202]
[169, 170]
[170, 171]
[171, 137]
[171, 207]
[173, 174]
[173, 139]
[177, 212]
[179, 214]
[181, 182]
[181, 217]
[181, 216]
[182, 148]
[182, 217]
[185, 221]
[187, 188]
[187, 153]
[187, 222]
[188, 189]
[189, 190]
[189, 155]
[189, 225]
[190, 191]
[190, 156]
[190, 226]
[190, 225]
[191, 192]
[191, 157]
[191, 226]
[192, 158]
[196, 197]
[196, 231]
[197, 163]
[199, 235]
[199, 234]
[207, 173]
[207, 242]
[210, 211]
[211, 212]
[211, 177]
[216, 217]
[216, 182]
[219, 185]
[221, 222]
[221, 187]
[222, 188]
[225, 226]
[225, 191]
[226, 192]
[231, 197]
[234, 235]
[241, 242]
[241, 207]
