[2, 3]
[2, 38]
[3, 4]
[3, 39]
[3, 38]
[4, 39]
[6, 7]
[6, 41]
[7, 43]
[9, 45]
[9, 44]
[11, 12]
[15, 16]
[15, 50]
[16, 52]
[19, 55]
[21, 57]
[21, 56]
[24, 60]
[27, 63]
[30, 65]
[32, 68]
[35, 70]
[38, 39]
[38, 4]
[38, 74]
[38, 73]
[39, 75]
[39, 74]
[41, 7]
[41, 77]
[43, 44]
[43, 9]
[43, 79]
[44, 45]
[44, 79]
[45, 11]
[45, 81]
[49, 50]
[49, 15]
[50, 16]
[50, 86]
[52, 53]
[53, 19]
[53, 89]
[55, 56]
[55, 21]
[55, 91]
[55, 90]
[56, 57]
[56, 91]
[60, 61]
[60, 96]
[61, 27]
[61, 96]
[63, 64]
[64, 65]
[64, 30]
[64, 100]
[65, 101]
[65, 100]
[68, 34]
[68, 103]
[70, 106]
[72, 73]
[72, 38]
[73, 74]
[73, 39]
[74, 75]
[75, 41]
[77, 43]
[79, 45]
[79, 115]
[81, 117]
[81, 116]
[86, 52]
[86, 122]
[86, 121]
[89, 90]
[89, 55]
[89, 125]
[89, 124]
[90, 91]
[90, 56]
[90, 126]
[90, 125]
[91, 57]
[91, 127]
[91, 126]
[94, 60]
[100, 101]
[101, 102]
[101, 137]
[102, 103]
[102, 68]
[102, 138]
[102, 137]
[103, 139]
[103, 138]
[106, 72]
[115, 116]
[115, 81]
[116, 117]
[117, 118]
[117, 153]
[118, 119]
[118, 153]
[119, 120]
[119, 155]
[120, 121]
[120, 86]
[120, 156]
[120, 155]
[121, 122]
[121, 157]
[121, 156]
[122, 157]
[124, 125]
[124, 90]
[124, 159]
[125, 126]
[125, 91]
[125, 161]
[126, 127]
[126, 161]
[133, 134]
[133, 168]
[134, 100]
[134, 170]
[137, 138]
[137, 103]
[137, 173]
[138, 139]
[138, 174]
[138, 173]
[139, 174]
[140, 106]
[144, 179]
[148, 149]
[148, 184]
[148, 183]
[149, 115]
[149, 185]
[149, 184]
[153, 119]
[155, 156]
[155, 121]
[156, 157]
[156, 122]
[156, 192]
[157, 193]
[157, 192]
[159, 125]
[159, 195]
[161, 127]
[161, 196]
[167, 168]
[167, 133]
[167, 203]
[167, 202]
[168, 134]
[168, 203]
[170, 171]
[171, 137]
[171, 207]
[173, 174]
[173, 139]
[173, 209]
[174, 209]
[178, 179]
[178, 144]
[181, 216]
[183, 184]
[183, 149]
[183, 219]
[184, 185]
[184, 219]
[192, 193]
[192, 228]
[192, 227]
[193, 159]
[193, 229]
[193, 228]
[195, 196]
[195, 161]
[198, 199]
[198, 234]
[199, 235]
[199, 234]
[202, 203]
[202, 168]
[207, 173]
[207, 242]
[219, 185]
[224, 225]
[225, 226]
[226, 227]
[226, 192]
[227, 228]
[227, 193]
[228, 229]
[229, 195]
[234, 235]
[235, 236]
[236, 202]
