[0, 1]
[0, 35]
[1, 37]
[3, 39]
[3, 38]
[5, 6]
[5, 41]
[6, 7]
[6, 42]
[6, 41]
[7, 8]
[7, 43]
[7, 42]
[8, 9]
[8, 43]
[11, 12]
[11, 47]
[11, 46]
[12, 13]
[12, 47]
[13, 49]
[15, 16]
[18, 19]
[19, 55]
[22, 23]
[22, 58]
[22, 57]
[23, 59]
[23, 58]
[28, 29]
[28, 64]
[28, 63]
[29, 30]
[29, 64]
[35, 1]
[35, 71]
[35, 70]
[37, 38]
[37, 3]
[37, 73]
[38, 39]
[38, 74]
[38, 73]
[39, 5]
[39, 75]
[39, 74]
[41, 42]
[41, 7]
[41, 77]
[42, 43]
[42, 8]
[42, 77]
[43, 9]
[43, 79]
[46, 47]
[46, 12]
[46, 82]
[46, 81]
[47, 13]
[47, 82]
[49, 15]
[49, 84]
[55, 90]
[57, 58]
[57, 23]
[57, 93]
[57, 92]
[58, 59]
[58, 93]
[62, 63]
[62, 28]
[62, 97]
[63, 64]
[63, 29]
[64, 30]
[64, 100]
[70, 71]
[71, 37]
[71, 107]
[73, 74]
[73, 39]
[73, 108]
[74, 75]
[75, 41]
[75, 111]
[77, 43]
[77, 112]
[79, 80]
[79, 114]
[80, 81]
[80, 46]
[81, 82]
[81, 47]
[82, 118]
[84, 120]
[86, 87]
[87, 123]
[89, 90]
[89, 55]
[92, 93]
[92, 58]
[92, 128]
[93, 59]
[93, 129]
[93, 128]
[96, 97]
[96, 62]
[96, 132]
[97, 63]
[97, 132]
[103, 69]
[107, 108]
[107, 73]
[108, 74]
[111, 112]
[111, 77]
[111, 147]
[112, 147]
[114, 80]
[114, 149]
[118, 84]
[118, 153]
[120, 86]
[120, 155]
[123, 89]
[128, 129]
[128, 163]
[129, 165]
[132, 168]
[137, 103]
[137, 173]
[145, 111]
[145, 181]
[145, 180]
[149, 185]
[149, 184]
[152, 153]
[152, 118]
[153, 189]
[155, 190]
[161, 162]
[162, 163]
[162, 128]
[163, 129]
[163, 199]
[165, 166]
[165, 201]
[165, 200]
[166, 132]
[166, 201]
[168, 204]
[168, 203]
[173, 174]
[176, 212]
[176, 211]
[180, 181]
[180, 216]
[180, 215]
[181, 147]
[181, 217]
[181, 216]
[184, 185]
[184, 220]
[184, 219]
[185, 186]
[185, 220]
[186, 152]
[189, 190]
[189, 155]
[189, 225]
[190, 226]
[190, 225]
[192, 193]
[192, 227]
[193, 229]
[195, 161]
[195, 231]
[195, 230]
[199, 200]
[199, 165]
[199, 235]
[200, 201]
[200, 166]
[200, 235]
[201, 237]
[203, 204]
[203, 239]
[204, 170]
[204, 239]
[207, 173]
[207, 242]
[211, 212]
[215, 216]
[215, 181]
[216, 217]
[219, 220]
[219, 185]
[220, 186]
[223, 189]
[225, 226]
[226, 227]
[226, 192]
[227, 193]
[229, 230]
[229, 195]
[230, 231]
[231, 232]
[232, 233]
[233, 199]
[235, 201]
[237, 203]
[241, 242]
[241, 207]
