[0, 1]
[0, 36]
[0, 35]
[1, 37]
[1, 36]
[3, 4]
[3, 39]
[4, 5]
[4, 40]
[4, 39]
[5, 6]
[5, 40]
[6, 7]
[7, 8]
[8, 9]
[8, 44]
[9, 45]
[9, 44]
[13, 49]
[15, 16]
[16, 52]
[18, 19]
[18, 53]
[21, 22]
[21, 57]
[21, 56]
[22, 23]
[22, 57]
[25, 26]
[25, 61]
[26, 61]
[28, 63]
[31, 67]
[33, 34]
[33, 68]
[35, 36]
[35, 1]
[35, 71]
[35, 70]
[36, 37]
[36, 72]
[36, 71]
[37, 3]
[37, 72]
[39, 40]
[39, 5]
[40, 6]
[40, 76]
[44, 45]
[44, 80]
[44, 79]
[45, 81]
[45, 80]
[49, 15]
[52, 53]
[52, 18]
[52, 87]
[53, 19]
[53, 89]
[56, 57]
[56, 22]
[57, 23]
[61, 97]
[61, 96]
[63, 98]
[65, 31]
[65, 100]
[67, 68]
[67, 33]
[67, 103]
[68, 34]
[68, 103]
[70, 71]
[70, 36]
[70, 105]
[71, 72]
[71, 37]
[76, 112]
[79, 80]
[79, 45]
[79, 115]
[80, 81]
[80, 115]
[87, 53]
[87, 122]
[89, 90]
[89, 125]
[90, 56]
[90, 126]
[90, 125]
[95, 96]
[95, 61]
[96, 97]
[97, 98]
[97, 63]
[97, 133]
[98, 134]
[98, 133]
[103, 139]
[103, 138]
[105, 71]
[105, 140]
[110, 76]
[110, 146]
[112, 148]
[115, 81]
[115, 151]
[115, 150]
[118, 119]
[118, 154]
[118, 153]
[119, 120]
[119, 154]
[120, 121]
[120, 156]
[121, 122]
[121, 87]
[121, 157]
[121, 156]
[122, 158]
[122, 157]
[125, 126]
[125, 160]
[126, 127]
[127, 163]
[129, 95]
[129, 165]
[133, 134]
[134, 100]
[134, 170]
[138, 139]
[140, 175]
[143, 179]
[143, 178]
[146, 112]
[146, 181]
[150, 151]
[150, 186]
[150, 185]
[151, 187]
[151, 186]
[153, 154]
[153, 119]
[153, 188]
[154, 120]
[156, 157]
[156, 122]
[157, 158]
[158, 159]
[158, 194]
[159, 160]
[159, 125]
[159, 194]
[160, 126]
[163, 129]
[163, 199]
[165, 166]
[165, 201]
[166, 167]
[166, 202]
[166, 201]
[167, 133]
[167, 203]
[167, 202]
[177, 178]
[177, 143]
[178, 179]
[179, 180]
[179, 215]
[180, 181]
[180, 146]
[180, 215]
[181, 217]
[185, 186]
[185, 151]
[185, 220]
[186, 187]
[187, 188]
[187, 153]
[188, 154]
[188, 224]
[194, 160]
[194, 230]
[194, 229]
[199, 165]
[199, 234]
[201, 202]
[201, 167]
[201, 237]
[202, 203]
[202, 238]
[202, 237]
[203, 204]
[203, 238]
[204, 170]
[215, 181]
[219, 220]
[219, 185]
[220, 186]
[229, 230]
[230, 231]
[231, 232]
[237, 238]
[237, 203]
[238, 204]
[241, 207]
