[2, 3]
[2, 38]
[2, 37]
[3, 4]
[3, 39]
[3, 38]
[4, 40]
[4, 39]
[9, 10]
[9, 45]
[10, 45]
[12, 48]
[12, 47]
[16, 17]
[16, 51]
[24, 25]
[24, 60]
[24, 59]
[25, 26]
[25, 60]
[29, 65]
[31, 32]
[34, 69]
[37, 38]
[37, 3]
[37, 73]
[38, 39]
[38, 4]
[38, 74]
[38, 73]
[39, 40]
[39, 75]
[39, 74]
[40, 6]
[40, 76]
[40, 75]
[45, 81]
[45, 80]
[47, 48]
[48, 84]
[51, 17]
[56, 57]
[57, 93]
[59, 60]
[59, 25]
[59, 95]
[60, 26]
[60, 96]
[60, 95]
[63, 29]
[63, 99]
[65, 31]
[65, 101]
[65, 100]
[71, 37]
[71, 107]
[71, 106]
[73, 74]
[73, 39]
[73, 108]
[74, 75]
[74, 40]
[74, 110]
[75, 76]
[75, 110]
[78, 79]
[78, 113]
[79, 80]
[79, 45]
[79, 115]
[80, 81]
[80, 115]
[81, 47]
[81, 117]
[88, 89]
[88, 124]
[89, 125]
[89, 124]
[93, 59]
[93, 129]
[93, 128]
[95, 96]
[95, 131]
[96, 97]
[96, 132]
[96, 131]
[97, 63]
[97, 132]
[99, 100]
[99, 65]
[99, 135]
[99, 134]
[100, 101]
[100, 136]
[100, 135]
[101, 136]
[106, 107]
[106, 142]
[106, 141]
[107, 108]
[107, 73]
[107, 142]
[108, 74]
[110, 76]
[113, 79]
[113, 149]
[113, 148]
[115, 81]
[115, 151]
[115, 150]
[117, 153]
[117, 152]
[124, 125]
[124, 160]
[124, 159]
[125, 126]
[125, 161]
[125, 160]
[126, 127]
[126, 162]
[126, 161]
[127, 128]
[127, 93]
[127, 163]
[127, 162]
[128, 129]
[128, 164]
[128, 163]
[129, 95]
[129, 164]
[131, 132]
[131, 97]
[131, 167]
[132, 168]
[132, 167]
[134, 135]
[134, 100]
[134, 170]
[134, 169]
[135, 136]
[135, 101]
[135, 171]
[135, 170]
[136, 172]
[136, 171]
[138, 173]
[140, 141]
[140, 106]
[140, 176]
[140, 175]
[141, 142]
[141, 107]
[141, 177]
[141, 176]
[142, 108]
[142, 177]
[147, 148]
[147, 113]
[148, 149]
[148, 184]
[149, 150]
[149, 115]
[149, 184]
[150, 151]
[150, 186]
[151, 152]
[151, 117]
[151, 187]
[151, 186]
[152, 153]
[152, 187]
[153, 189]
[159, 160]
[159, 125]
[160, 161]
[160, 126]
[161, 162]
[161, 127]
[161, 197]
[162, 163]
[162, 128]
[162, 198]
[162, 197]
[163, 164]
[163, 129]
[163, 199]
[163, 198]
[164, 200]
[164, 199]
[167, 168]
[167, 203]
[167, 202]
[168, 169]
[168, 134]
[168, 204]
[168, 203]
[169, 170]
[169, 135]
[169, 204]
[170, 171]
[170, 136]
[171, 172]
[171, 207]
[172, 173]
[172, 138]
[172, 207]
[173, 209]
[175, 176]
[175, 141]
[176, 177]
[176, 142]
[177, 213]
[179, 215]
[184, 150]
[186, 187]
[186, 152]
[186, 222]
[186, 221]
[187, 153]
[187, 223]
[187, 222]
[189, 190]
[189, 225]
[190, 191]
[190, 226]
[190, 225]
[191, 192]
[191, 226]
[192, 193]
[192, 228]
[193, 159]
[193, 228]
[197, 198]
[197, 163]
[198, 199]
[198, 164]
[198, 234]
[199, 200]
[199, 235]
[199, 234]
[200, 201]
[200, 236]
[200, 235]
[201, 202]
[201, 167]
[201, 237]
[201, 236]
[202, 203]
[202, 168]
[202, 237]
[203, 204]
[203, 169]
[204, 170]
[207, 173]
[207, 243]
[209, 244]
[213, 179]
[217, 218]
[218, 184]
[221, 222]
[221, 187]
[222, 223]
[223, 189]
[225, 226]
[225, 191]
[226, 192]
[230, 231]
[231, 197]
[234, 235]
[234, 200]
[235, 236]
[235, 201]
[236, 237]
[236, 202]
[237, 203]
[241, 207]
[243, 244]
[243, 209]
