[0, 1]
[0, 36]
[0, 35]
[1, 36]
[5, 40]
[8, 43]
[10, 11]
[10, 45]
[11, 12]
[12, 13]
[13, 49]
[24, 25]
[24, 60]
[25, 61]
[25, 60]
[29, 64]
[31, 32]
[31, 67]
[31, 66]
[32, 67]
[35, 36]
[35, 1]
[35, 70]
[40, 76]
[45, 11]
[45, 81]
[55, 56]
[55, 91]
[55, 90]
[56, 57]
[56, 91]
[57, 58]
[58, 24]
[60, 61]
[60, 96]
[61, 97]
[61, 96]
[66, 67]
[66, 32]
[66, 102]
[66, 101]
[67, 103]
[67, 102]
[70, 36]
[70, 106]
[70, 105]
[76, 77]
[76, 112]
[77, 43]
[77, 113]
[77, 112]
[81, 116]
[83, 49]
[83, 118]
[88, 124]
[90, 91]
[90, 56]
[90, 126]
[90, 125]
[91, 57]
[91, 127]
[91, 126]
[96, 97]
[96, 132]
[97, 98]
[97, 132]
[98, 64]
[98, 134]
[101, 102]
[101, 67]
[101, 137]
[101, 136]
[102, 103]
[102, 137]
[103, 69]
[105, 106]
[106, 142]
[108, 109]
[108, 144]
[109, 145]
[109, 144]
[112, 113]
[112, 148]
[112, 147]
[113, 148]
[116, 152]
[118, 153]
[120, 156]
[120, 155]
[122, 88]
[122, 158]
[122, 157]
[124, 125]
[124, 90]
[124, 160]
[124, 159]
[125, 126]
[125, 91]
[125, 161]
[125, 160]
[126, 127]
[126, 161]
[129, 164]
[132, 98]
[132, 168]
[134, 135]
[134, 169]
[135, 136]
[135, 101]
[136, 137]
[136, 102]
[136, 172]
[137, 103]
[137, 172]
[142, 108]
[142, 178]
[142, 177]
[144, 145]
[144, 180]
[144, 179]
[145, 146]
[145, 181]
[145, 180]
[146, 147]
[146, 112]
[146, 182]
[146, 181]
[147, 148]
[147, 113]
[147, 182]
[148, 184]
[150, 116]
[150, 186]
[150, 185]
[152, 153]
[152, 118]
[152, 188]
[153, 189]
[153, 188]
[155, 156]
[155, 191]
[155, 190]
[156, 157]
[156, 122]
[156, 191]
[157, 158]
[158, 159]
[158, 124]
[158, 194]
[159, 160]
[159, 125]
[159, 195]
[159, 194]
[160, 161]
[160, 126]
[160, 195]
[161, 127]
[161, 197]
[168, 169]
[168, 134]
[168, 204]
[169, 135]
[169, 204]
[177, 178]
[177, 212]
[178, 179]
[178, 144]
[178, 214]
[179, 180]
[179, 145]
[179, 215]
[179, 214]
[180, 181]
[180, 146]
[180, 215]
[181, 182]
[181, 147]
[182, 148]
[184, 185]
[184, 150]
[185, 186]
[185, 221]
[186, 152]
[186, 222]
[186, 221]
[188, 189]
[188, 223]
[189, 190]
[189, 155]
[189, 225]
[190, 191]
[190, 156]
[190, 226]
[190, 225]
[191, 157]
[191, 227]
[191, 226]
[194, 195]
[194, 160]
[195, 161]
[195, 231]
[197, 198]
[197, 233]
[197, 232]
[198, 164]
[198, 233]
[201, 202]
[201, 236]
[202, 168]
[202, 238]
[204, 240]
[206, 172]
[206, 241]
[210, 211]
[211, 212]
[211, 177]
[212, 178]
[214, 215]
[214, 180]
[215, 181]
[221, 222]
[222, 223]
[222, 188]
[223, 189]
[225, 226]
[225, 191]
[226, 227]
[231, 232]
[231, 197]
[232, 233]
[232, 198]
[235, 236]
[235, 201]
[236, 202]
[238, 204]
[240, 241]
[240, 206]
