[0, 1]
[0, 36]
[0, 35]
[1, 2]
[1, 37]
[1, 36]
[2, 38]
[2, 37]
[5, 6]
[6, 42]
[12, 13]
[18, 19]
[19, 55]
[23, 59]
[25, 61]
[25, 60]
[27, 28]
[27, 63]
[27, 62]
[28, 29]
[28, 64]
[28, 63]
[29, 30]
[29, 64]
[30, 31]
[35, 36]
[35, 1]
[35, 71]
[35, 70]
[36, 37]
[36, 2]
[36, 72]
[36, 71]
[37, 38]
[37, 73]
[37, 72]
[38, 73]
[42, 78]
[42, 77]
[45, 46]
[46, 12]
[46, 82]
[55, 91]
[55, 90]
[57, 23]
[57, 92]
[59, 60]
[59, 25]
[59, 95]
[60, 61]
[60, 95]
[61, 62]
[61, 27]
[61, 97]
[62, 63]
[62, 28]
[62, 98]
[62, 97]
[63, 64]
[63, 29]
[63, 98]
[64, 30]
[64, 100]
[70, 71]
[70, 36]
[70, 105]
[71, 72]
[71, 37]
[72, 73]
[72, 38]
[72, 108]
[73, 109]
[73, 108]
[77, 78]
[77, 112]
[78, 79]
[79, 45]
[79, 115]
[82, 118]
[84, 85]
[84, 120]
[85, 120]
[87, 88]
[88, 89]
[88, 124]
[89, 90]
[89, 55]
[89, 125]
[89, 124]
[90, 91]
[90, 125]
[91, 92]
[91, 57]
[91, 127]
[92, 128]
[92, 127]
[95, 61]
[97, 98]
[97, 63]
[97, 132]
[98, 64]
[100, 135]
[102, 137]
[104, 139]
[105, 71]
[105, 141]
[105, 140]
[108, 109]
[109, 110]
[109, 145]
[110, 145]
[112, 78]
[112, 148]
[115, 116]
[115, 151]
[116, 82]
[116, 151]
[118, 84]
[118, 153]
[120, 156]
[120, 155]
[124, 125]
[124, 90]
[124, 159]
[125, 91]
[125, 161]
[127, 128]
[128, 164]
[132, 98]
[132, 167]
[137, 173]
[140, 141]
[148, 184]
[155, 156]
[155, 191]
[156, 157]
[156, 191]
[157, 193]
[159, 125]
[159, 194]
[161, 127]
[161, 196]
[164, 200]
[164, 199]
[166, 167]
[166, 132]
[166, 201]
[173, 139]
[178, 214]
[184, 185]
[184, 220]
[185, 151]
[185, 220]
[191, 157]
[191, 227]
[191, 226]
[193, 194]
[193, 159]
[193, 229]
[194, 229]
[196, 232]
[196, 231]
[198, 199]
[198, 164]
[199, 200]
[200, 201]
[200, 166]
[201, 167]
[204, 205]
[204, 239]
[205, 241]
[207, 173]
[207, 243]
[207, 242]
[211, 212]
[212, 178]
[214, 215]
[215, 216]
[216, 217]
[222, 223]
[225, 226]
[225, 191]
[226, 227]
[227, 193]
[231, 232]
[232, 198]
[238, 239]
[238, 204]
[239, 205]
[241, 242]
[241, 207]
[242, 243]
