[0, 1]
[0, 35]
[1, 2]
[1, 37]
[2, 3]
[2, 37]
[3, 39]
[5, 6]
[5, 41]
[5, 40]
[6, 41]
[9, 10]
[9, 44]
[10, 11]
[10, 46]
[11, 47]
[11, 46]
[16, 17]
[17, 53]
[23, 59]
[25, 61]
[25, 60]
[27, 28]
[27, 63]
[28, 29]
[28, 63]
[32, 33]
[32, 67]
[33, 34]
[33, 69]
[34, 69]
[35, 1]
[35, 71]
[35, 70]
[37, 3]
[37, 72]
[39, 40]
[39, 5]
[39, 75]
[39, 74]
[40, 41]
[40, 6]
[40, 76]
[40, 75]
[41, 77]
[41, 76]
[44, 10]
[46, 47]
[47, 83]
[53, 54]
[56, 57]
[56, 92]
[57, 23]
[57, 92]
[59, 60]
[59, 25]
[59, 95]
[60, 61]
[60, 96]
[60, 95]
[61, 27]
[61, 97]
[61, 96]
[63, 29]
[63, 99]
[66, 67]
[66, 32]
[66, 102]
[67, 33]
[67, 102]
[70, 71]
[70, 106]
[70, 105]
[71, 72]
[71, 37]
[71, 106]
[74, 75]
[74, 40]
[74, 109]
[75, 76]
[75, 41]
[76, 77]
[77, 78]
[78, 44]
[83, 118]
[87, 53]
[92, 128]
[95, 96]
[95, 61]
[95, 130]
[96, 97]
[96, 132]
[97, 63]
[97, 133]
[97, 132]
[99, 135]
[99, 134]
[102, 138]
[105, 106]
[105, 71]
[105, 141]
[106, 72]
[106, 142]
[106, 141]
[109, 75]
[109, 145]
[116, 117]
[116, 151]
[117, 118]
[117, 83]
[124, 160]
[126, 92]
[128, 163]
[130, 96]
[130, 166]
[132, 133]
[132, 168]
[133, 134]
[133, 99]
[133, 169]
[133, 168]
[134, 135]
[134, 170]
[134, 169]
[135, 136]
[135, 170]
[136, 102]
[138, 139]
[141, 142]
[141, 176]
[142, 178]
[145, 146]
[145, 181]
[145, 180]
[146, 147]
[146, 182]
[146, 181]
[147, 148]
[147, 183]
[147, 182]
[148, 149]
[148, 183]
[149, 150]
[149, 185]
[150, 151]
[150, 116]
[150, 185]
[151, 117]
[151, 187]
[155, 156]
[155, 190]
[156, 157]
[156, 192]
[157, 158]
[157, 193]
[157, 192]
[158, 124]
[158, 194]
[158, 193]
[160, 126]
[160, 195]
[163, 198]
[166, 132]
[166, 202]
[166, 201]
[168, 169]
[168, 134]
[169, 170]
[169, 135]
[169, 205]
[170, 136]
[170, 205]
[176, 142]
[178, 179]
[178, 214]
[179, 180]
[179, 145]
[179, 214]
[180, 181]
[180, 146]
[180, 216]
[181, 182]
[181, 147]
[181, 217]
[181, 216]
[182, 183]
[182, 148]
[182, 218]
[182, 217]
[183, 149]
[183, 218]
[185, 151]
[185, 221]
[185, 220]
[187, 188]
[187, 222]
[190, 156]
[190, 225]
[192, 193]
[192, 158]
[192, 228]
[192, 227]
[193, 194]
[193, 228]
[194, 195]
[194, 160]
[194, 230]
[195, 231]
[195, 230]
[198, 234]
[198, 233]
[200, 201]
[200, 166]
[200, 236]
[200, 235]
[201, 202]
[201, 237]
[201, 236]
[202, 168]
[202, 238]
[202, 237]
[205, 241]
[207, 208]
[207, 243]
[207, 242]
[208, 243]
[214, 180]
[216, 217]
[216, 182]
[217, 218]
[217, 183]
[220, 221]
[221, 222]
[221, 187]
[222, 188]
[227, 228]
[227, 193]
[228, 194]
[230, 231]
[231, 232]
[232, 233]
[232, 198]
[233, 234]
[234, 235]
[234, 200]
[235, 236]
[235, 201]
[236, 237]
[236, 202]
[237, 238]
[241, 242]
[241, 207]
[242, 243]
[242, 208]
