[0, 1]
[0, 35]
[3, 4]
[3, 39]
[4, 5]
[4, 39]
[5, 41]
[7, 42]
[12, 13]
[17, 53]
[17, 52]
[20, 56]
[20, 55]
[24, 25]
[24, 60]
[25, 60]
[28, 29]
[28, 63]
[35, 1]
[35, 71]
[35, 70]
[39, 5]
[41, 42]
[41, 7]
[41, 77]
[41, 76]
[42, 77]
[44, 80]
[52, 53]
[52, 88]
[53, 88]
[55, 56]
[56, 92]
[60, 95]
[63, 29]
[63, 98]
[66, 67]
[70, 71]
[70, 106]
[70, 105]
[71, 107]
[71, 106]
[76, 77]
[76, 42]
[80, 81]
[80, 116]
[81, 116]
[86, 52]
[86, 121]
[88, 124]
[88, 123]
[92, 128]
[92, 127]
[97, 98]
[97, 63]
[105, 106]
[105, 71]
[106, 107]
[109, 145]
[114, 80]
[116, 151]
[118, 154]
[121, 157]
[121, 156]
[123, 124]
[123, 159]
[124, 125]
[124, 159]
[127, 128]
[127, 162]
[128, 129]
[129, 95]
[129, 165]
[147, 183]
[151, 187]
[151, 186]
[154, 190]
[154, 189]
[156, 157]
[157, 123]
[159, 125]
[159, 194]
[162, 128]
[162, 197]
[165, 200]
[167, 203]
[167, 202]
[169, 205]
[169, 204]
[177, 212]
[183, 218]
[185, 186]
[185, 151]
[185, 221]
[185, 220]
[186, 187]
[186, 221]
[187, 188]
[188, 189]
[188, 154]
[188, 224]
[189, 190]
[189, 224]
[190, 156]
[190, 226]
[194, 230]
[199, 200]
[199, 165]
[199, 235]
[199, 234]
[200, 235]
[202, 203]
[202, 238]
[202, 237]
[203, 204]
[203, 169]
[203, 238]
[204, 205]
[205, 241]
[207, 243]
[207, 242]
[211, 212]
[211, 177]
[220, 221]
[220, 186]
[221, 187]
[224, 190]
[226, 227]
[227, 228]
[228, 194]
[234, 235]
[234, 200]
[237, 238]
[237, 203]
[238, 204]
[241, 242]
[241, 207]
[242, 243]
[243, 209]
