[2, 3]
[2, 38]
[3, 4]
[3, 38]
[4, 5]
[4, 40]
[5, 41]
[5, 40]
[8, 44]
[8, 43]
[11, 12]
[11, 46]
[16, 51]
[18, 19]
[18, 53]
[21, 56]
[23, 24]
[23, 58]
[24, 25]
[25, 26]
[25, 61]
[26, 27]
[26, 62]
[26, 61]
[27, 28]
[27, 62]
[28, 64]
[30, 31]
[30, 65]
[31, 67]
[38, 4]
[38, 74]
[38, 73]
[40, 41]
[41, 42]
[41, 77]
[42, 43]
[42, 8]
[42, 78]
[42, 77]
[43, 44]
[43, 78]
[44, 45]
[44, 80]
[45, 46]
[45, 11]
[45, 80]
[46, 12]
[49, 85]
[51, 86]
[53, 19]
[53, 89]
[53, 88]
[56, 92]
[56, 91]
[58, 24]
[58, 93]
[61, 62]
[61, 27]
[61, 97]
[61, 96]
[62, 28]
[62, 98]
[62, 97]
[64, 65]
[64, 30]
[65, 31]
[67, 103]
[67, 102]
[73, 74]
[74, 40]
[74, 110]
[77, 78]
[77, 43]
[77, 112]
[78, 44]
[80, 46]
[80, 116]
[80, 115]
[83, 49]
[83, 119]
[83, 118]
[85, 86]
[85, 51]
[85, 121]
[85, 120]
[86, 122]
[86, 121]
[88, 89]
[88, 124]
[89, 90]
[89, 124]
[90, 91]
[90, 56]
[91, 92]
[92, 93]
[92, 58]
[96, 97]
[96, 62]
[96, 132]
[97, 98]
[97, 133]
[97, 132]
[98, 64]
[98, 133]
[102, 103]
[102, 138]
[103, 104]
[103, 139]
[103, 138]
[104, 139]
[112, 78]
[115, 116]
[115, 151]
[116, 151]
[118, 119]
[119, 120]
[119, 85]
[119, 155]
[120, 121]
[120, 86]
[120, 156]
[120, 155]
[121, 122]
[121, 156]
[122, 88]
[124, 90]
[124, 159]
[130, 96]
[132, 133]
[132, 98]
[132, 168]
[133, 168]
[136, 102]
[136, 172]
[138, 139]
[138, 104]
[138, 174]
[139, 174]
[140, 106]
[144, 110]
[144, 179]
[149, 115]
[149, 185]
[151, 187]
[151, 186]
[155, 156]
[155, 121]
[155, 191]
[155, 190]
[156, 122]
[156, 192]
[156, 191]
[159, 194]
[164, 130]
[164, 199]
[170, 136]
[170, 206]
[172, 138]
[177, 212]
[179, 214]
[185, 186]
[185, 151]
[186, 187]
[187, 188]
[188, 224]
[190, 191]
[190, 156]
[190, 226]
[190, 225]
[191, 192]
[191, 227]
[191, 226]
[192, 193]
[192, 228]
[192, 227]
[193, 194]
[193, 159]
[193, 229]
[193, 228]
[194, 229]
[198, 199]
[198, 164]
[198, 234]
[198, 233]
[199, 235]
[199, 234]
[206, 172]
[206, 242]
[206, 241]
[224, 225]
[224, 190]
[225, 226]
[225, 191]
[226, 227]
[226, 192]
[227, 228]
[227, 193]
[228, 229]
[228, 194]
[232, 233]
[232, 198]
[233, 234]
[233, 199]
[234, 235]
[237, 238]
[240, 241]
[240, 206]
[241, 242]
[242, 243]
[243, 244]
