[3, 4]
[3, 38]
[4, 5]
[9, 10]
[9, 45]
[10, 45]
[12, 47]
[14, 15]
[14, 50]
[14, 49]
[15, 16]
[15, 51]
[15, 50]
[16, 17]
[16, 51]
[17, 53]
[19, 20]
[19, 55]
[20, 21]
[20, 56]
[20, 55]
[21, 22]
[21, 56]
[22, 23]
[22, 58]
[23, 58]
[27, 63]
[31, 32]
[31, 67]
[32, 68]
[32, 67]
[38, 4]
[38, 74]
[43, 9]
[47, 82]
[49, 50]
[49, 15]
[49, 84]
[50, 51]
[50, 16]
[50, 86]
[51, 17]
[51, 87]
[51, 86]
[53, 19]
[53, 89]
[53, 88]
[55, 56]
[55, 21]
[56, 22]
[56, 92]
[58, 94]
[58, 93]
[63, 99]
[65, 31]
[65, 101]
[67, 68]
[67, 102]
[68, 34]
[71, 107]
[71, 106]
[74, 75]
[75, 76]
[76, 77]
[76, 112]
[77, 43]
[77, 113]
[77, 112]
[82, 117]
[84, 50]
[86, 87]
[86, 122]
[87, 88]
[87, 53]
[87, 122]
[88, 89]
[88, 124]
[89, 55]
[89, 125]
[89, 124]
[92, 93]
[92, 58]
[92, 128]
[92, 127]
[93, 94]
[93, 129]
[93, 128]
[94, 95]
[94, 129]
[95, 131]
[99, 65]
[99, 135]
[99, 134]
[101, 102]
[101, 67]
[102, 68]
[106, 107]
[106, 141]
[107, 108]
[108, 74]
[112, 113]
[112, 148]
[113, 114]
[113, 148]
[114, 115]
[115, 116]
[115, 151]
[116, 117]
[116, 82]
[116, 152]
[116, 151]
[117, 153]
[117, 152]
[122, 88]
[122, 157]
[124, 125]
[124, 160]
[125, 161]
[125, 160]
[127, 128]
[127, 93]
[127, 162]
[128, 129]
[128, 94]
[128, 164]
[129, 95]
[129, 165]
[129, 164]
[131, 167]
[134, 135]
[134, 169]
[135, 101]
[135, 171]
[141, 107]
[141, 176]
[145, 146]
[145, 181]
[146, 112]
[146, 181]
[148, 114]
[151, 152]
[151, 117]
[152, 153]
[153, 189]
[156, 157]
[156, 122]
[156, 192]
[157, 192]
[160, 161]
[160, 196]
[161, 162]
[161, 127]
[161, 197]
[161, 196]
[162, 128]
[162, 197]
[164, 165]
[165, 131]
[165, 201]
[167, 168]
[167, 203]
[167, 202]
[168, 169]
[168, 134]
[168, 203]
[169, 135]
[169, 205]
[171, 206]
[175, 176]
[175, 141]
[175, 210]
[176, 212]
[185, 151]
[185, 221]
[189, 224]
[192, 227]
[194, 160]
[196, 197]
[196, 162]
[197, 233]
[201, 202]
[201, 167]
[201, 237]
[201, 236]
[202, 203]
[202, 168]
[202, 237]
[203, 169]
[203, 239]
[205, 206]
[205, 171]
[210, 176]
[215, 181]
[221, 222]
[226, 227]
[226, 192]
[235, 236]
[235, 201]
[236, 237]
[236, 202]
[237, 203]
[239, 205]
[243, 244]
