[0, 36]
[0, 35]
[2, 38]
[2, 37]
[4, 39]
[6, 41]
[9, 45]
[9, 44]
[12, 13]
[12, 48]
[13, 48]
[18, 19]
[18, 54]
[19, 54]
[23, 24]
[23, 58]
[24, 25]
[24, 60]
[25, 61]
[25, 60]
[27, 28]
[27, 63]
[27, 62]
[28, 64]
[28, 63]
[31, 66]
[35, 36]
[35, 71]
[35, 70]
[36, 37]
[36, 2]
[36, 72]
[36, 71]
[37, 38]
[37, 73]
[37, 72]
[38, 39]
[38, 4]
[38, 73]
[39, 75]
[41, 76]
[44, 45]
[44, 80]
[45, 46]
[45, 81]
[45, 80]
[46, 12]
[46, 82]
[46, 81]
[48, 84]
[51, 52]
[51, 87]
[52, 18]
[52, 87]
[54, 90]
[54, 89]
[58, 24]
[58, 94]
[60, 61]
[61, 62]
[61, 27]
[62, 63]
[62, 28]
[63, 64]
[63, 99]
[64, 100]
[64, 99]
[70, 71]
[70, 36]
[71, 72]
[71, 37]
[71, 107]
[72, 73]
[72, 38]
[72, 108]
[72, 107]
[73, 39]
[73, 109]
[73, 108]
[75, 76]
[75, 41]
[75, 111]
[75, 110]
[76, 112]
[76, 111]
[80, 81]
[80, 46]
[81, 82]
[81, 117]
[82, 48]
[82, 118]
[82, 117]
[84, 85]
[84, 120]
[85, 51]
[85, 120]
[87, 122]
[89, 90]
[90, 126]
[92, 58]
[94, 60]
[94, 130]
[94, 129]
[99, 100]
[100, 66]
[107, 108]
[107, 73]
[107, 142]
[108, 109]
[108, 144]
[109, 110]
[109, 75]
[109, 145]
[109, 144]
[110, 111]
[110, 76]
[110, 145]
[111, 112]
[112, 113]
[112, 148]
[113, 114]
[113, 149]
[113, 148]
[114, 80]
[114, 150]
[114, 149]
[117, 118]
[117, 153]
[118, 84]
[118, 153]
[122, 158]
[126, 92]
[129, 130]
[129, 165]
[129, 164]
[130, 166]
[130, 165]
[133, 99]
[142, 108]
[142, 177]
[144, 145]
[144, 110]
[144, 180]
[145, 111]
[145, 180]
[148, 149]
[148, 114]
[149, 150]
[149, 185]
[150, 151]
[150, 186]
[150, 185]
[151, 117]
[151, 186]
[153, 188]
[158, 159]
[158, 194]
[159, 194]
[163, 164]
[163, 129]
[163, 198]
[164, 165]
[164, 130]
[164, 200]
[165, 166]
[165, 200]
[166, 167]
[166, 202]
[167, 133]
[167, 203]
[167, 202]
[177, 213]
[180, 216]
[180, 215]
[182, 148]
[182, 218]
[182, 217]
[185, 186]
[185, 151]
[185, 221]
[185, 220]
[186, 222]
[186, 221]
[188, 224]
[192, 158]
[194, 230]
[194, 229]
[198, 164]
[198, 233]
[200, 166]
[200, 235]
[202, 203]
[202, 238]
[203, 238]
[211, 177]
[213, 214]
[214, 215]
[214, 180]
[215, 216]
[216, 217]
[216, 182]
[217, 218]
[218, 219]
[219, 220]
[219, 185]
[220, 221]
[220, 186]
[221, 222]
[222, 188]
[224, 190]
[229, 230]
[230, 196]
