[1, 2]
[1, 37]
[1, 36]
[2, 3]
[2, 37]
[3, 39]
[5, 40]
[8, 44]
[10, 11]
[10, 45]
[11, 12]
[12, 13]
[15, 16]
[15, 50]
[16, 17]
[17, 53]
[23, 59]
[25, 60]
[31, 32]
[31, 67]
[31, 66]
[32, 33]
[32, 67]
[33, 34]
[33, 69]
[34, 69]
[36, 37]
[36, 2]
[36, 72]
[36, 71]
[37, 3]
[37, 73]
[37, 72]
[39, 40]
[39, 5]
[39, 75]
[39, 74]
[40, 76]
[40, 75]
[42, 8]
[42, 78]
[42, 77]
[44, 45]
[44, 10]
[44, 80]
[44, 79]
[45, 11]
[45, 80]
[50, 16]
[50, 86]
[50, 85]
[53, 54]
[53, 89]
[54, 90]
[54, 89]
[59, 60]
[59, 25]
[60, 96]
[64, 65]
[65, 66]
[65, 31]
[66, 67]
[66, 32]
[67, 33]
[71, 72]
[71, 37]
[72, 73]
[73, 74]
[73, 39]
[74, 75]
[74, 40]
[75, 76]
[76, 77]
[76, 42]
[77, 78]
[78, 79]
[78, 44]
[78, 114]
[79, 80]
[79, 45]
[79, 115]
[79, 114]
[80, 116]
[80, 115]
[82, 83]
[85, 86]
[85, 120]
[86, 122]
[89, 90]
[89, 125]
[89, 124]
[90, 91]
[90, 125]
[91, 127]
[93, 59]
[93, 129]
[93, 128]
[96, 97]
[96, 131]
[97, 133]
[105, 71]
[105, 141]
[105, 140]
[114, 115]
[114, 80]
[114, 149]
[115, 116]
[115, 151]
[116, 82]
[116, 151]
[120, 86]
[122, 123]
[122, 158]
[123, 124]
[123, 89]
[123, 159]
[123, 158]
[124, 125]
[124, 90]
[124, 159]
[125, 91]
[125, 161]
[127, 128]
[127, 93]
[128, 129]
[128, 164]
[129, 130]
[129, 164]
[130, 131]
[130, 96]
[130, 166]
[131, 97]
[131, 166]
[133, 134]
[133, 168]
[134, 170]
[138, 174]
[140, 141]
[140, 175]
[141, 142]
[141, 177]
[142, 177]
[145, 146]
[145, 181]
[146, 147]
[146, 181]
[149, 115]
[149, 185]
[149, 184]
[151, 187]
[151, 186]
[153, 154]
[154, 120]
[154, 190]
[158, 159]
[158, 124]
[158, 194]
[159, 125]
[159, 194]
[161, 127]
[161, 197]
[161, 196]
[164, 130]
[164, 199]
[166, 201]
[168, 134]
[168, 204]
[168, 203]
[170, 171]
[170, 206]
[170, 205]
[171, 172]
[171, 206]
[172, 138]
[175, 141]
[175, 211]
[175, 210]
[179, 145]
[179, 215]
[179, 214]
[181, 147]
[181, 216]
[184, 185]
[184, 219]
[185, 186]
[185, 151]
[186, 187]
[186, 222]
[187, 153]
[187, 223]
[187, 222]
[190, 191]
[190, 226]
[191, 192]
[191, 226]
[192, 158]
[194, 230]
[194, 229]
[196, 197]
[196, 232]
[197, 198]
[197, 232]
[198, 199]
[198, 164]
[198, 234]
[199, 234]
[201, 237]
[201, 236]
[203, 204]
[203, 238]
[204, 205]
[204, 170]
[204, 240]
[205, 206]
[205, 171]
[205, 241]
[205, 240]
[206, 172]
[206, 242]
[206, 241]
[210, 211]
[211, 177]
[214, 215]
[215, 216]
[215, 181]
[218, 219]
[218, 184]
[219, 185]
[222, 223]
[226, 192]
[229, 230]
[230, 196]
[232, 198]
[236, 237]
[237, 238]
[237, 203]
[238, 204]
[240, 241]
[240, 206]
[241, 242]
[242, 243]
[243, 244]
