[0, 36]
[0, 35]
[9, 10]
[14, 15]
[15, 51]
[17, 18]
[17, 52]
[22, 23]
[22, 57]
[25, 61]
[25, 60]
[27, 28]
[31, 67]
[35, 36]
[35, 70]
[36, 72]
[43, 9]
[43, 79]
[51, 52]
[51, 17]
[52, 18]
[52, 88]
[57, 23]
[60, 61]
[61, 27]
[67, 68]
[67, 102]
[68, 34]
[70, 36]
[70, 105]
[72, 108]
[74, 110]
[79, 115]
[79, 114]
[83, 119]
[83, 118]
[85, 51]
[88, 124]
[98, 134]
[98, 133]
[102, 68]
[102, 137]
[105, 140]
[108, 74]
[108, 143]
[110, 111]
[111, 147]
[113, 114]
[113, 79]
[113, 148]
[114, 115]
[115, 116]
[115, 151]
[116, 117]
[116, 151]
[117, 118]
[117, 83]
[117, 153]
[118, 119]
[118, 153]
[119, 85]
[124, 125]
[125, 161]
[132, 133]
[132, 98]
[132, 168]
[133, 134]
[133, 169]
[133, 168]
[134, 170]
[134, 169]
[137, 173]
[140, 175]
[143, 179]
[147, 148]
[147, 113]
[148, 114]
[148, 184]
[151, 117]
[151, 186]
[153, 119]
[161, 162]
[161, 196]
[162, 128]
[162, 198]
[165, 201]
[165, 200]
[168, 169]
[168, 134]
[168, 203]
[169, 170]
[169, 205]
[170, 171]
[170, 205]
[171, 137]
[171, 207]
[173, 139]
[173, 209]
[175, 211]
[179, 215]
[181, 147]
[181, 217]
[184, 219]
[186, 222]
[186, 221]
[190, 156]
[195, 196]
[195, 161]
[195, 231]
[195, 230]
[196, 162]
[196, 231]
[200, 201]
[200, 236]
[201, 202]
[201, 237]
[201, 236]
[202, 203]
[202, 168]
[202, 238]
[202, 237]
[203, 169]
[203, 238]
[205, 171]
[207, 173]
[209, 244]
[215, 181]
[217, 218]
[218, 219]
[218, 184]
[221, 222]
[222, 223]
[223, 224]
[224, 190]
[230, 231]
[230, 196]
[236, 237]
[236, 202]
[237, 238]
[237, 203]
