[1, 2]
[1, 37]
[2, 3]
[2, 37]
[3, 4]
[3, 39]
[4, 5]
[4, 40]
[4, 39]
[5, 6]
[5, 40]
[8, 44]
[8, 43]
[11, 12]
[11, 47]
[12, 13]
[12, 48]
[12, 47]
[13, 14]
[13, 48]
[14, 50]
[16, 17]
[16, 52]
[17, 18]
[17, 52]
[18, 19]
[19, 20]
[20, 21]
[20, 56]
[21, 57]
[21, 56]
[25, 26]
[25, 61]
[26, 62]
[26, 61]
[30, 66]
[37, 3]
[37, 73]
[37, 72]
[39, 40]
[39, 5]
[39, 75]
[40, 6]
[40, 75]
[43, 44]
[43, 79]
[43, 78]
[44, 80]
[44, 79]
[47, 48]
[47, 13]
[47, 83]
[47, 82]
[48, 14]
[48, 83]
[50, 16]
[50, 86]
[50, 85]
[52, 18]
[56, 57]
[56, 92]
[56, 91]
[57, 23]
[57, 93]
[57, 92]
[61, 62]
[61, 96]
[62, 98]
[66, 101]
[70, 71]
[70, 106]
[71, 72]
[71, 37]
[71, 107]
[71, 106]
[72, 73]
[72, 108]
[72, 107]
[73, 39]
[73, 109]
[73, 108]
[75, 110]
[77, 78]
[77, 43]
[77, 113]
[77, 112]
[78, 79]
[78, 44]
[78, 113]
[79, 80]
[79, 115]
[80, 115]
[82, 83]
[82, 48]
[82, 118]
[82, 117]
[83, 119]
[83, 118]
[85, 86]
[86, 52]
[86, 122]
[89, 90]
[89, 124]
[90, 91]
[90, 56]
[90, 126]
[91, 92]
[91, 57]
[91, 126]
[92, 93]
[93, 94]
[93, 129]
[94, 130]
[94, 129]
[96, 62]
[96, 132]
[98, 99]
[99, 100]
[99, 135]
[100, 101]
[100, 66]
[100, 136]
[100, 135]
[101, 137]
[101, 136]
[103, 104]
[103, 138]
[106, 107]
[106, 72]
[106, 142]
[106, 141]
[107, 108]
[107, 73]
[107, 143]
[107, 142]
[108, 109]
[108, 143]
[109, 110]
[109, 75]
[109, 145]
[110, 146]
[110, 145]
[112, 113]
[112, 78]
[113, 79]
[115, 151]
[117, 118]
[117, 83]
[117, 152]
[118, 119]
[119, 85]
[119, 155]
[122, 157]
[124, 90]
[124, 160]
[124, 159]
[126, 92]
[126, 161]
[129, 130]
[130, 96]
[132, 98]
[132, 167]
[135, 136]
[135, 101]
[135, 171]
[135, 170]
[136, 137]
[136, 172]
[136, 171]
[137, 138]
[137, 103]
[137, 172]
[138, 104]
[140, 141]
[140, 106]
[140, 176]
[140, 175]
[141, 142]
[141, 107]
[141, 177]
[141, 176]
[142, 143]
[142, 108]
[142, 178]
[142, 177]
[143, 109]
[143, 179]
[143, 178]
[145, 146]
[145, 181]
[146, 112]
[146, 181]
[151, 152]
[151, 117]
[151, 187]
[151, 186]
[152, 118]
[152, 187]
[155, 156]
[155, 191]
[156, 157]
[156, 122]
[156, 192]
[156, 191]
[157, 192]
[159, 160]
[159, 195]
[160, 161]
[160, 126]
[160, 195]
[161, 197]
[170, 171]
[170, 136]
[170, 206]
[170, 205]
[171, 172]
[171, 137]
[171, 207]
[171, 206]
[172, 138]
[172, 208]
[172, 207]
[175, 176]
[175, 141]
[175, 211]
[176, 177]
[176, 142]
[176, 211]
[177, 178]
[177, 143]
[178, 179]
[178, 214]
[179, 145]
[179, 214]
[181, 217]
[181, 216]
[186, 187]
[186, 152]
[186, 222]
[186, 221]
[187, 223]
[187, 222]
[191, 192]
[191, 157]
[191, 226]
[192, 228]
[195, 161]
[195, 230]
[197, 233]
[197, 232]
[201, 167]
[201, 236]
[205, 206]
[205, 171]
[205, 241]
[206, 207]
[206, 172]
[206, 242]
[206, 241]
[207, 208]
[207, 242]
[208, 244]
[211, 177]
[216, 217]
[217, 183]
[221, 222]
[221, 187]
[222, 223]
[223, 224]
[224, 225]
[225, 226]
[225, 191]
[226, 192]
[232, 233]
[235, 236]
[235, 201]
[241, 242]
[241, 207]
[242, 208]
