[4, 5]
[4, 40]
[4, 39]
[5, 41]
[5, 40]
[7, 42]
[9, 10]
[9, 44]
[16, 52]
[18, 19]
[18, 54]
[18, 53]
[19, 20]
[19, 55]
[19, 54]
[20, 21]
[20, 56]
[20, 55]
[21, 22]
[21, 57]
[21, 56]
[22, 23]
[22, 58]
[22, 57]
[23, 59]
[23, 58]
[25, 60]
[27, 63]
[32, 68]
[32, 67]
[36, 72]
[39, 40]
[39, 5]
[39, 75]
[40, 41]
[40, 76]
[40, 75]
[41, 42]
[41, 7]
[41, 76]
[44, 10]
[44, 80]
[44, 79]
[47, 48]
[47, 83]
[48, 49]
[48, 83]
[49, 85]
[52, 53]
[52, 18]
[52, 87]
[53, 54]
[53, 19]
[54, 55]
[54, 20]
[54, 90]
[55, 56]
[55, 21]
[55, 91]
[55, 90]
[56, 57]
[56, 22]
[56, 92]
[56, 91]
[57, 58]
[57, 23]
[57, 93]
[57, 92]
[58, 59]
[58, 94]
[58, 93]
[59, 60]
[59, 25]
[59, 95]
[59, 94]
[60, 96]
[60, 95]
[63, 29]
[67, 68]
[67, 103]
[68, 34]
[68, 104]
[68, 103]
[72, 73]
[72, 108]
[72, 107]
[73, 39]
[73, 108]
[75, 76]
[75, 41]
[75, 111]
[76, 42]
[76, 111]
[79, 80]
[79, 115]
[80, 81]
[80, 116]
[80, 115]
[81, 47]
[81, 117]
[81, 116]
[83, 49]
[83, 118]
[85, 121]
[85, 120]
[87, 53]
[90, 91]
[90, 56]
[90, 126]
[91, 92]
[91, 57]
[91, 126]
[92, 93]
[92, 58]
[93, 94]
[93, 59]
[93, 129]
[94, 95]
[94, 60]
[94, 129]
[95, 96]
[95, 131]
[96, 97]
[96, 131]
[97, 63]
[101, 67]
[101, 137]
[101, 136]
[103, 104]
[103, 139]
[103, 138]
[104, 139]
[107, 108]
[107, 73]
[107, 142]
[108, 144]
[111, 146]
[113, 79]
[113, 148]
[115, 116]
[115, 81]
[115, 151]
[115, 150]
[116, 117]
[116, 151]
[117, 118]
[117, 83]
[120, 121]
[120, 156]
[120, 155]
[121, 87]
[121, 157]
[121, 156]
[124, 90]
[124, 160]
[124, 159]
[126, 92]
[126, 162]
[126, 161]
[129, 95]
[131, 97]
[131, 167]
[131, 166]
[134, 135]
[134, 170]
[134, 169]
[135, 136]
[135, 101]
[135, 170]
[136, 137]
[136, 172]
[137, 138]
[137, 103]
[137, 172]
[138, 139]
[138, 104]
[138, 174]
[139, 174]
[142, 108]
[142, 178]
[142, 177]
[144, 180]
[146, 182]
[148, 183]
[150, 151]
[150, 116]
[150, 185]
[151, 117]
[155, 156]
[155, 121]
[155, 190]
[156, 157]
[156, 192]
[157, 192]
[159, 160]
[160, 161]
[160, 126]
[160, 196]
[161, 162]
[161, 197]
[161, 196]
[162, 163]
[162, 198]
[162, 197]
[163, 129]
[163, 199]
[163, 198]
[166, 167]
[169, 170]
[169, 135]
[169, 205]
[169, 204]
[170, 136]
[170, 205]
[172, 138]
[172, 207]
[174, 209]
[175, 211]
[177, 178]
[177, 213]
[177, 212]
[178, 144]
[178, 214]
[178, 213]
[180, 146]
[180, 216]
[180, 215]
[182, 183]
[182, 148]
[182, 218]
[182, 217]
[183, 218]
[185, 151]
[185, 221]
[185, 220]
[188, 224]
[190, 156]
[190, 226]
[190, 225]
[196, 197]
[196, 162]
[196, 231]
[197, 198]
[197, 163]
[198, 199]
[198, 234]
[199, 235]
[199, 234]
[204, 205]
[204, 170]
[204, 240]
[204, 239]
[205, 240]
[207, 243]
[211, 212]
[211, 177]
[212, 213]
[212, 178]
[213, 214]
[214, 215]
[214, 180]
[215, 216]
[216, 217]
[216, 182]
[217, 218]
[217, 183]
[220, 221]
[221, 222]
[222, 188]
[224, 225]
[224, 190]
[225, 226]
[226, 192]
[229, 230]
[230, 231]
[230, 196]
[231, 197]
[234, 235]
[239, 240]
[239, 205]
[243, 209]
