[2, 3]
[2, 38]
[2, 37]
[3, 4]
[3, 38]
[4, 40]
[9, 10]
[10, 46]
[18, 53]
[20, 55]
[26, 27]
[26, 61]
[27, 63]
[34, 69]
[36, 37]
[36, 2]
[36, 71]
[37, 38]
[37, 3]
[37, 73]
[38, 4]
[38, 73]
[40, 6]
[40, 76]
[40, 75]
[46, 47]
[46, 81]
[47, 13]
[51, 87]
[55, 91]
[61, 27]
[63, 99]
[63, 98]
[65, 101]
[68, 69]
[68, 34]
[68, 103]
[71, 37]
[71, 107]
[75, 76]
[75, 111]
[76, 111]
[80, 81]
[80, 46]
[81, 47]
[81, 117]
[85, 51]
[87, 53]
[91, 92]
[91, 127]
[91, 126]
[92, 93]
[92, 128]
[92, 127]
[93, 59]
[93, 129]
[93, 128]
[98, 99]
[98, 134]
[99, 65]
[99, 134]
[101, 102]
[101, 137]
[101, 136]
[102, 103]
[102, 68]
[102, 137]
[103, 69]
[107, 73]
[111, 147]
[114, 80]
[114, 150]
[114, 149]
[117, 153]
[117, 152]
[125, 126]
[125, 91]
[126, 127]
[126, 92]
[127, 128]
[127, 93]
[127, 163]
[128, 129]
[128, 163]
[129, 130]
[130, 166]
[132, 98]
[134, 170]
[134, 169]
[136, 137]
[136, 102]
[136, 172]
[137, 103]
[137, 172]
[145, 111]
[145, 181]
[149, 150]
[150, 151]
[150, 186]
[151, 152]
[151, 117]
[151, 186]
[152, 153]
[153, 154]
[153, 189]
[154, 190]
[154, 189]
[156, 157]
[156, 192]
[157, 193]
[157, 192]
[163, 129]
[163, 199]
[163, 198]
[166, 132]
[169, 170]
[169, 205]
[170, 136]
[170, 205]
[176, 177]
[176, 211]
[177, 178]
[177, 213]
[178, 179]
[178, 214]
[178, 213]
[179, 145]
[179, 215]
[179, 214]
[181, 147]
[186, 152]
[186, 221]
[189, 190]
[189, 225]
[189, 224]
[190, 156]
[190, 226]
[190, 225]
[192, 193]
[192, 228]
[192, 227]
[193, 228]
[195, 196]
[196, 197]
[197, 198]
[197, 163]
[198, 199]
[199, 200]
[199, 235]
[200, 166]
[200, 235]
[211, 177]
[213, 214]
[213, 179]
[214, 215]
[215, 181]
[224, 225]
[224, 190]
[225, 226]
[226, 227]
[226, 192]
[227, 228]
[227, 193]
[243, 244]
