[4, 40]
[4, 39]
[7, 43]
[10, 11]
[10, 46]
[10, 45]
[11, 46]
[19, 20]
[19, 55]
[19, 54]
[20, 21]
[20, 56]
[20, 55]
[21, 22]
[21, 56]
[22, 23]
[22, 58]
[23, 58]
[28, 29]
[28, 63]
[33, 68]
[37, 38]
[38, 39]
[38, 4]
[38, 74]
[39, 40]
[39, 74]
[40, 76]
[43, 79]
[45, 46]
[45, 11]
[45, 80]
[46, 82]
[52, 88]
[54, 55]
[54, 20]
[54, 90]
[54, 89]
[55, 56]
[55, 21]
[55, 91]
[55, 90]
[56, 22]
[56, 91]
[58, 94]
[60, 61]
[60, 96]
[61, 96]
[63, 29]
[63, 99]
[63, 98]
[68, 104]
[68, 103]
[70, 106]
[70, 105]
[74, 40]
[74, 110]
[74, 109]
[76, 77]
[77, 43]
[77, 113]
[79, 80]
[79, 45]
[79, 114]
[80, 46]
[80, 116]
[82, 118]
[86, 52]
[86, 122]
[88, 89]
[88, 54]
[88, 124]
[88, 123]
[89, 90]
[89, 55]
[89, 125]
[89, 124]
[90, 91]
[90, 56]
[90, 126]
[90, 125]
[91, 126]
[94, 60]
[94, 130]
[98, 99]
[98, 133]
[99, 100]
[99, 135]
[100, 101]
[100, 136]
[100, 135]
[101, 102]
[101, 137]
[101, 136]
[102, 103]
[102, 68]
[102, 137]
[103, 104]
[105, 106]
[105, 140]
[106, 107]
[106, 142]
[107, 143]
[107, 142]
[109, 110]
[109, 144]
[110, 76]
[113, 114]
[113, 79]
[114, 80]
[114, 150]
[116, 82]
[116, 152]
[116, 151]
[118, 119]
[118, 154]
[119, 120]
[119, 155]
[119, 154]
[120, 86]
[120, 156]
[120, 155]
[122, 123]
[122, 88]
[122, 157]
[123, 124]
[123, 89]
[124, 125]
[124, 90]
[124, 160]
[125, 126]
[125, 91]
[125, 161]
[125, 160]
[126, 162]
[126, 161]
[130, 96]
[130, 166]
[133, 99]
[133, 169]
[135, 136]
[135, 101]
[135, 171]
[135, 170]
[136, 137]
[136, 102]
[136, 171]
[137, 103]
[140, 106]
[140, 175]
[142, 143]
[143, 144]
[143, 109]
[143, 179]
[144, 110]
[144, 179]
[147, 113]
[147, 183]
[147, 182]
[150, 151]
[150, 116]
[151, 152]
[151, 187]
[152, 118]
[152, 188]
[152, 187]
[154, 155]
[154, 120]
[154, 190]
[155, 156]
[155, 191]
[155, 190]
[156, 157]
[156, 122]
[156, 192]
[156, 191]
[157, 123]
[157, 192]
[160, 161]
[160, 126]
[161, 162]
[162, 163]
[163, 199]
[169, 170]
[169, 135]
[169, 204]
[170, 171]
[170, 136]
[171, 137]
[179, 215]
[182, 183]
[182, 217]
[183, 219]
[187, 188]
[187, 223]
[187, 222]
[188, 154]
[188, 224]
[188, 223]
[190, 191]
[190, 156]
[190, 226]
[191, 192]
[191, 157]
[191, 226]
[192, 228]
[194, 160]
[194, 230]
[194, 229]
[199, 234]
[204, 170]
[204, 239]
[209, 244]
[215, 216]
[216, 217]
[216, 182]
[217, 183]
[219, 220]
[220, 221]
[221, 222]
[221, 187]
[222, 223]
[222, 188]
[223, 224]
[224, 190]
[226, 192]
[228, 229]
[228, 194]
[229, 230]
[232, 233]
[233, 234]
[233, 199]
[238, 239]
[238, 204]
