[0, 1]
[0, 35]
[1, 37]
[4, 5]
[5, 6]
[6, 42]
[11, 47]
[14, 15]
[14, 49]
[21, 56]
[27, 28]
[30, 31]
[31, 32]
[32, 33]
[33, 34]
[33, 69]
[34, 69]
[35, 1]
[37, 73]
[37, 72]
[42, 77]
[47, 83]
[49, 15]
[49, 85]
[49, 84]
[54, 90]
[54, 89]
[56, 92]
[58, 94]
[58, 93]
[69, 104]
[72, 73]
[73, 74]
[74, 75]
[83, 84]
[83, 49]
[84, 85]
[84, 120]
[85, 86]
[85, 121]
[85, 120]
[86, 52]
[86, 122]
[86, 121]
[89, 90]
[89, 125]
[90, 56]
[90, 126]
[90, 125]
[92, 93]
[92, 58]
[92, 127]
[93, 94]
[94, 95]
[94, 130]
[95, 131]
[95, 130]
[98, 99]
[102, 137]
[120, 121]
[120, 86]
[120, 156]
[120, 155]
[121, 122]
[121, 156]
[122, 123]
[123, 89]
[125, 126]
[125, 161]
[126, 127]
[126, 92]
[126, 162]
[126, 161]
[127, 93]
[127, 162]
[130, 131]
[130, 165]
[131, 167]
[137, 173]
[141, 142]
[144, 145]
[144, 179]
[154, 155]
[154, 120]
[155, 156]
[155, 121]
[156, 122]
[161, 162]
[161, 127]
[162, 198]
[165, 131]
[165, 201]
[167, 203]
[173, 208]
[175, 141]
[179, 145]
[187, 223]
[193, 229]
[198, 233]
[201, 167]
[201, 237]
[201, 236]
[203, 239]
[223, 224]
[227, 193]
[232, 233]
[232, 198]
[235, 236]
[235, 201]
[236, 237]
[237, 203]
[239, 240]
[242, 208]
