[2, 3]
[2, 38]
[2, 37]
[3, 39]
[3, 38]
[5, 6]
[5, 41]
[6, 7]
[6, 42]
[6, 41]
[7, 42]
[13, 14]
[13, 49]
[13, 48]
[14, 49]
[16, 52]
[18, 19]
[18, 54]
[19, 54]
[22, 23]
[22, 57]
[23, 24]
[23, 59]
[24, 25]
[24, 59]
[25, 26]
[26, 27]
[27, 63]
[31, 32]
[32, 33]
[33, 34]
[37, 38]
[37, 3]
[37, 73]
[37, 72]
[38, 39]
[38, 74]
[38, 73]
[39, 5]
[39, 75]
[39, 74]
[41, 42]
[41, 7]
[41, 77]
[42, 78]
[42, 77]
[48, 49]
[48, 14]
[48, 84]
[48, 83]
[49, 84]
[52, 18]
[54, 90]
[56, 57]
[56, 22]
[56, 92]
[56, 91]
[57, 23]
[57, 92]
[59, 25]
[59, 94]
[63, 64]
[64, 65]
[64, 100]
[65, 31]
[65, 101]
[65, 100]
[71, 72]
[71, 37]
[71, 106]
[72, 73]
[72, 38]
[72, 108]
[73, 74]
[73, 39]
[73, 109]
[73, 108]
[74, 75]
[74, 109]
[75, 41]
[75, 111]
[77, 78]
[77, 113]
[77, 112]
[78, 79]
[78, 114]
[78, 113]
[79, 80]
[79, 115]
[79, 114]
[80, 81]
[80, 115]
[81, 117]
[83, 84]
[83, 49]
[83, 119]
[84, 120]
[84, 119]
[90, 91]
[90, 56]
[91, 92]
[91, 57]
[91, 127]
[92, 128]
[92, 127]
[94, 129]
[97, 63]
[97, 133]
[100, 101]
[100, 135]
[101, 102]
[102, 103]
[102, 138]
[103, 138]
[106, 72]
[106, 142]
[106, 141]
[108, 109]
[108, 74]
[109, 75]
[111, 112]
[111, 77]
[111, 147]
[111, 146]
[112, 113]
[112, 78]
[112, 147]
[113, 114]
[113, 79]
[113, 149]
[114, 115]
[114, 80]
[114, 149]
[115, 81]
[117, 83]
[119, 120]
[119, 155]
[119, 154]
[120, 156]
[120, 155]
[123, 159]
[123, 158]
[127, 128]
[127, 163]
[128, 129]
[128, 94]
[128, 163]
[133, 169]
[135, 101]
[140, 141]
[140, 106]
[140, 175]
[141, 142]
[142, 108]
[146, 147]
[146, 112]
[146, 182]
[146, 181]
[147, 113]
[147, 182]
[149, 115]
[149, 185]
[154, 155]
[154, 120]
[154, 190]
[154, 189]
[155, 156]
[155, 190]
[156, 157]
[157, 158]
[157, 123]
[157, 193]
[158, 159]
[158, 194]
[158, 193]
[159, 195]
[159, 194]
[163, 129]
[163, 199]
[169, 135]
[169, 205]
[172, 138]
[172, 207]
[175, 141]
[175, 211]
[175, 210]
[180, 181]
[180, 146]
[181, 182]
[181, 147]
[181, 217]
[182, 218]
[182, 217]
[185, 186]
[185, 220]
[186, 187]
[186, 222]
[187, 188]
[187, 223]
[187, 222]
[188, 189]
[188, 154]
[188, 223]
[189, 190]
[189, 155]
[190, 156]
[190, 226]
[193, 194]
[193, 159]
[194, 195]
[194, 230]
[195, 196]
[195, 230]
[196, 197]
[197, 163]
[197, 233]
[199, 234]
[205, 240]
[207, 243]
[209, 244]
[210, 211]
[211, 212]
[214, 180]
[217, 218]
[218, 219]
[219, 220]
[219, 185]
[220, 186]
[222, 223]
[222, 188]
[223, 189]
[230, 196]
[233, 234]
[233, 199]
[243, 244]
[243, 209]
