[0, 1]
[0, 36]
[0, 35]
[1, 37]
[1, 36]
[8, 9]
[8, 43]
[9, 10]
[10, 11]
[11, 12]
[11, 47]
[12, 47]
[17, 18]
[17, 53]
[17, 52]
[18, 53]
[20, 56]
[20, 55]
[23, 59]
[23, 58]
[25, 60]
[29, 30]
[29, 65]
[29, 64]
[30, 65]
[32, 68]
[32, 67]
[35, 36]
[35, 1]
[35, 71]
[36, 37]
[36, 72]
[36, 71]
[37, 38]
[37, 72]
[38, 74]
[42, 43]
[42, 8]
[42, 78]
[43, 9]
[43, 78]
[47, 83]
[51, 52]
[51, 17]
[51, 87]
[51, 86]
[52, 53]
[52, 18]
[52, 87]
[53, 89]
[55, 56]
[56, 57]
[56, 92]
[57, 58]
[57, 23]
[57, 93]
[57, 92]
[58, 59]
[58, 94]
[58, 93]
[59, 60]
[59, 25]
[59, 94]
[60, 96]
[62, 98]
[62, 97]
[64, 65]
[64, 30]
[64, 100]
[64, 99]
[65, 101]
[65, 100]
[67, 68]
[67, 103]
[68, 104]
[68, 103]
[71, 72]
[71, 37]
[71, 107]
[71, 106]
[72, 38]
[72, 107]
[74, 75]
[78, 113]
[81, 47]
[81, 116]
[83, 119]
[83, 118]
[86, 87]
[86, 52]
[86, 122]
[86, 121]
[87, 53]
[87, 123]
[87, 122]
[89, 55]
[92, 93]
[92, 58]
[92, 127]
[93, 94]
[93, 59]
[93, 129]
[94, 60]
[94, 130]
[94, 129]
[96, 97]
[96, 62]
[96, 131]
[97, 98]
[97, 133]
[98, 99]
[98, 64]
[98, 134]
[98, 133]
[99, 100]
[99, 65]
[99, 134]
[100, 101]
[101, 67]
[103, 104]
[103, 139]
[103, 138]
[104, 139]
[106, 107]
[106, 72]
[106, 141]
[107, 143]
[112, 113]
[112, 78]
[112, 148]
[112, 147]
[113, 148]
[115, 116]
[115, 81]
[115, 150]
[118, 119]
[118, 154]
[118, 153]
[119, 154]
[121, 122]
[121, 87]
[121, 157]
[121, 156]
[122, 123]
[122, 158]
[122, 157]
[123, 89]
[123, 159]
[123, 158]
[126, 127]
[126, 92]
[126, 162]
[127, 93]
[127, 163]
[127, 162]
[129, 130]
[129, 164]
[130, 131]
[130, 96]
[130, 166]
[131, 97]
[131, 167]
[131, 166]
[133, 134]
[133, 99]
[133, 169]
[133, 168]
[134, 100]
[134, 170]
[134, 169]
[138, 139]
[138, 104]
[138, 174]
[139, 174]
[140, 141]
[140, 106]
[140, 175]
[141, 107]
[143, 179]
[143, 178]
[145, 146]
[145, 181]
[146, 147]
[146, 112]
[146, 181]
[147, 148]
[147, 113]
[148, 184]
[150, 116]
[150, 186]
[150, 185]
[153, 154]
[153, 119]
[153, 188]
[154, 190]
[156, 157]
[156, 122]
[156, 191]
[157, 158]
[157, 123]
[157, 193]
[158, 159]
[158, 194]
[158, 193]
[159, 160]
[159, 195]
[159, 194]
[160, 126]
[160, 195]
[162, 163]
[162, 197]
[163, 164]
[163, 129]
[163, 199]
[164, 130]
[164, 200]
[164, 199]
[166, 167]
[167, 168]
[167, 133]
[168, 169]
[168, 134]
[169, 170]
[169, 205]
[170, 205]
[172, 138]
[172, 208]
[174, 209]
[175, 141]
[178, 179]
[178, 213]
[179, 145]
[181, 147]
[184, 185]
[184, 150]
[184, 219]
[185, 186]
[188, 154]
[188, 223]
[190, 191]
[190, 156]
[190, 226]
[190, 225]
[191, 157]
[191, 226]
[193, 194]
[193, 159]
[193, 229]
[193, 228]
[194, 195]
[194, 160]
[194, 229]
[197, 163]
[197, 233]
[197, 232]
[199, 200]
[199, 234]
[200, 166]
[205, 241]
[208, 209]
[208, 174]
[212, 213]
[212, 178]
[213, 179]
[218, 219]
[218, 184]
[219, 185]
[225, 226]
[225, 191]
[228, 229]
[228, 194]
[229, 195]
[232, 233]
[233, 234]
[233, 199]
[234, 200]
