[0, 1]
[0, 36]
[1, 2]
[1, 37]
[1, 36]
[2, 3]
[2, 38]
[2, 37]
[3, 39]
[3, 38]
[7, 8]
[7, 43]
[7, 42]
[8, 43]
[10, 11]
[10, 46]
[10, 45]
[11, 47]
[11, 46]
[13, 14]
[14, 15]
[14, 50]
[15, 16]
[15, 51]
[15, 50]
[16, 17]
[16, 51]
[17, 18]
[17, 53]
[18, 54]
[18, 53]
[21, 22]
[21, 57]
[21, 56]
[22, 58]
[22, 57]
[25, 26]
[25, 61]
[25, 60]
[26, 61]
[29, 30]
[29, 64]
[30, 31]
[31, 32]
[31, 67]
[32, 33]
[32, 68]
[32, 67]
[33, 34]
[33, 68]
[36, 37]
[36, 2]
[37, 38]
[37, 3]
[38, 39]
[38, 74]
[39, 74]
[42, 43]
[42, 8]
[42, 77]
[45, 46]
[45, 11]
[45, 81]
[45, 80]
[46, 47]
[46, 82]
[46, 81]
[47, 13]
[47, 82]
[50, 51]
[50, 16]
[50, 85]
[51, 17]
[53, 54]
[53, 88]
[56, 57]
[56, 22]
[57, 58]
[57, 93]
[58, 59]
[58, 93]
[59, 60]
[59, 25]
[59, 95]
[60, 61]
[60, 26]
[60, 96]
[60, 95]
[61, 97]
[61, 96]
[64, 30]
[67, 68]
[67, 33]
[67, 103]
[67, 102]
[68, 34]
[68, 103]
[70, 36]
[70, 105]
[74, 110]
[74, 109]
[77, 43]
[77, 113]
[80, 81]
[80, 46]
[81, 82]
[81, 47]
[82, 118]
[85, 51]
[85, 121]
[88, 54]
[88, 124]
[88, 123]
[93, 59]
[93, 128]
[95, 96]
[95, 61]
[95, 130]
[96, 97]
[102, 103]
[102, 68]
[102, 137]
[103, 139]
[105, 141]
[108, 109]
[108, 74]
[108, 143]
[109, 110]
[110, 146]
[113, 114]
[113, 148]
[114, 80]
[118, 154]
[121, 122]
[121, 157]
[121, 156]
[122, 123]
[122, 88]
[122, 157]
[123, 124]
[124, 125]
[124, 160]
[125, 161]
[125, 160]
[127, 128]
[127, 93]
[127, 163]
[127, 162]
[128, 163]
[130, 96]
[130, 166]
[136, 137]
[136, 102]
[136, 171]
[137, 103]
[137, 173]
[139, 174]
[141, 176]
[143, 109]
[143, 178]
[146, 147]
[146, 182]
[147, 148]
[147, 113]
[147, 182]
[148, 114]
[148, 184]
[152, 118]
[152, 188]
[154, 155]
[154, 190]
[155, 156]
[155, 121]
[155, 190]
[156, 157]
[156, 122]
[157, 123]
[157, 193]
[160, 161]
[160, 195]
[161, 162]
[161, 127]
[162, 163]
[162, 128]
[162, 198]
[163, 198]
[168, 204]
[171, 137]
[173, 174]
[173, 139]
[176, 212]
[176, 211]
[178, 214]
[182, 148]
[182, 218]
[184, 185]
[185, 186]
[186, 152]
[186, 222]
[188, 154]
[188, 224]
[188, 223]
[190, 156]
[190, 226]
[193, 194]
[193, 229]
[193, 228]
[194, 195]
[194, 160]
[194, 229]
[195, 161]
[195, 231]
[198, 234]
[198, 233]
[211, 212]
[212, 178]
[218, 184]
[222, 223]
[222, 188]
[223, 224]
[224, 190]
[226, 227]
[227, 228]
[227, 193]
[228, 229]
[228, 194]
[229, 195]
[231, 232]
[232, 233]
[232, 198]
[233, 234]
[237, 238]
[238, 204]
