[0, 36]
[0, 35]
[2, 37]
[6, 42]
[9, 45]
[9, 44]
[11, 47]
[13, 49]
[15, 16]
[15, 51]
[16, 52]
[16, 51]
[18, 19]
[18, 54]
[19, 54]
[21, 22]
[22, 58]
[26, 27]
[29, 65]
[31, 32]
[31, 66]
[32, 68]
[35, 36]
[35, 71]
[35, 70]
[36, 37]
[36, 2]
[36, 72]
[36, 71]
[37, 73]
[37, 72]
[40, 6]
[40, 76]
[40, 75]
[44, 45]
[44, 80]
[45, 11]
[45, 80]
[47, 13]
[47, 82]
[49, 15]
[49, 84]
[51, 52]
[51, 86]
[52, 18]
[52, 88]
[54, 90]
[58, 93]
[65, 66]
[65, 31]
[65, 100]
[66, 32]
[66, 102]
[68, 34]
[68, 104]
[70, 71]
[70, 36]
[71, 72]
[71, 37]
[71, 107]
[72, 73]
[72, 108]
[72, 107]
[73, 74]
[73, 108]
[74, 75]
[74, 40]
[74, 110]
[75, 76]
[75, 110]
[76, 42]
[76, 112]
[82, 118]
[82, 117]
[84, 120]
[86, 52]
[88, 54]
[90, 126]
[90, 125]
[93, 128]
[96, 132]
[96, 131]
[98, 99]
[98, 133]
[99, 100]
[99, 65]
[100, 66]
[100, 136]
[102, 68]
[107, 108]
[107, 73]
[107, 142]
[108, 74]
[108, 144]
[110, 76]
[112, 147]
[114, 80]
[114, 150]
[114, 149]
[117, 118]
[117, 153]
[117, 152]
[118, 84]
[118, 153]
[120, 86]
[120, 155]
[125, 126]
[125, 160]
[126, 127]
[126, 162]
[127, 128]
[127, 93]
[127, 163]
[127, 162]
[128, 163]
[131, 132]
[132, 133]
[132, 98]
[133, 99]
[136, 102]
[136, 172]
[136, 171]
[142, 108]
[142, 178]
[142, 177]
[144, 110]
[144, 179]
[149, 150]
[149, 185]
[150, 151]
[150, 185]
[151, 152]
[151, 117]
[152, 153]
[152, 118]
[152, 188]
[153, 189]
[153, 188]
[155, 191]
[155, 190]
[160, 126]
[162, 163]
[162, 128]
[162, 198]
[162, 197]
[163, 199]
[163, 198]
[165, 131]
[165, 200]
[170, 171]
[170, 136]
[171, 172]
[172, 173]
[172, 208]
[173, 208]
[176, 177]
[176, 142]
[177, 178]
[178, 179]
[178, 144]
[178, 214]
[179, 215]
[179, 214]
[181, 147]
[181, 217]
[185, 151]
[185, 221]
[185, 220]
[188, 189]
[188, 224]
[189, 190]
[189, 155]
[189, 224]
[190, 191]
[190, 226]
[191, 157]
[191, 227]
[191, 226]
[194, 160]
[194, 230]
[197, 198]
[197, 163]
[197, 233]
[197, 232]
[198, 199]
[198, 234]
[198, 233]
[199, 200]
[199, 165]
[199, 234]
[202, 238]
[202, 237]
[204, 170]
[208, 243]
[210, 176]
[214, 215]
[215, 181]
[217, 218]
[220, 221]
[224, 190]
[226, 227]
[227, 228]
[228, 194]
[230, 231]
[231, 232]
[231, 197]
[232, 233]
[232, 198]
[233, 234]
[233, 199]
[234, 200]
[237, 238]
[238, 204]
[242, 243]
[242, 208]
