[2, 3]
[2, 38]
[2, 37]
[3, 4]
[3, 39]
[3, 38]
[4, 39]
[10, 45]
[12, 13]
[12, 48]
[13, 48]
[15, 51]
[17, 18]
[17, 53]
[17, 52]
[18, 53]
[22, 23]
[22, 58]
[22, 57]
[23, 59]
[23, 58]
[25, 26]
[25, 61]
[26, 61]
[29, 64]
[37, 38]
[37, 3]
[37, 73]
[38, 39]
[38, 4]
[38, 73]
[45, 81]
[51, 52]
[51, 17]
[51, 87]
[51, 86]
[52, 53]
[52, 18]
[52, 88]
[52, 87]
[53, 89]
[53, 88]
[57, 58]
[57, 23]
[57, 92]
[58, 59]
[58, 94]
[59, 25]
[59, 94]
[61, 97]
[61, 96]
[64, 99]
[66, 102]
[73, 39]
[73, 108]
[76, 111]
[86, 87]
[86, 52]
[86, 121]
[87, 88]
[87, 53]
[88, 89]
[88, 124]
[89, 55]
[89, 125]
[89, 124]
[92, 58]
[94, 130]
[96, 97]
[97, 98]
[97, 133]
[98, 99]
[98, 64]
[98, 133]
[102, 103]
[102, 138]
[103, 138]
[107, 108]
[107, 73]
[107, 143]
[107, 142]
[108, 143]
[111, 147]
[111, 146]
[113, 148]
[119, 120]
[120, 121]
[120, 86]
[120, 156]
[121, 87]
[121, 156]
[124, 125]
[124, 159]
[125, 161]
[130, 96]
[130, 166]
[133, 99]
[138, 173]
[141, 142]
[141, 107]
[141, 176]
[142, 143]
[142, 108]
[142, 178]
[143, 178]
[145, 146]
[145, 111]
[145, 181]
[146, 147]
[146, 181]
[147, 148]
[147, 113]
[150, 151]
[151, 152]
[152, 188]
[156, 192]
[158, 159]
[158, 124]
[158, 194]
[158, 193]
[159, 125]
[159, 194]
[161, 197]
[166, 202]
[166, 201]
[173, 208]
[175, 176]
[175, 141]
[175, 211]
[175, 210]
[176, 142]
[176, 212]
[176, 211]
[178, 214]
[181, 147]
[181, 216]
[188, 224]
[192, 193]
[192, 158]
[192, 228]
[193, 194]
[193, 159]
[193, 228]
[199, 200]
[199, 235]
[200, 201]
[200, 166]
[200, 236]
[200, 235]
[201, 202]
[201, 237]
[201, 236]
[202, 203]
[202, 237]
[203, 239]
[207, 208]
[207, 173]
[207, 243]
[208, 243]
[210, 211]
[210, 176]
[211, 212]
[212, 178]
[214, 215]
[215, 216]
[215, 181]
[222, 188]
[228, 194]
[235, 236]
[235, 201]
[236, 237]
[236, 202]
[237, 203]
[241, 207]
