[0, 1]
[0, 36]
[1, 37]
[1, 36]
[5, 41]
[8, 9]
[14, 15]
[24, 59]
[27, 63]
[27, 62]
[32, 68]
[36, 37]
[36, 72]
[36, 71]
[37, 72]
[41, 76]
[47, 48]
[47, 83]
[48, 14]
[48, 84]
[48, 83]
[59, 95]
[62, 63]
[62, 97]
[63, 29]
[63, 99]
[68, 104]
[70, 71]
[70, 36]
[71, 72]
[71, 37]
[71, 107]
[72, 107]
[75, 76]
[75, 41]
[75, 111]
[76, 112]
[76, 111]
[78, 79]
[78, 114]
[79, 114]
[81, 47]
[81, 116]
[83, 84]
[84, 85]
[84, 120]
[85, 121]
[85, 120]
[87, 123]
[87, 122]
[97, 63]
[97, 133]
[99, 100]
[99, 135]
[99, 134]
[100, 135]
[111, 112]
[112, 78]
[112, 148]
[114, 149]
[120, 121]
[120, 156]
[121, 122]
[121, 87]
[121, 157]
[121, 156]
[122, 123]
[122, 158]
[122, 157]
[123, 159]
[123, 158]
[125, 126]
[125, 161]
[125, 160]
[126, 162]
[126, 161]
[133, 134]
[133, 99]
[133, 169]
[133, 168]
[134, 135]
[134, 100]
[134, 169]
[135, 171]
[137, 172]
[140, 141]
[140, 175]
[141, 107]
[148, 149]
[148, 114]
[148, 184]
[148, 183]
[149, 185]
[149, 184]
[154, 120]
[156, 157]
[156, 122]
[156, 192]
[157, 158]
[157, 123]
[157, 193]
[157, 192]
[158, 159]
[158, 194]
[158, 193]
[159, 160]
[159, 125]
[159, 194]
[160, 161]
[160, 126]
[160, 196]
[161, 162]
[161, 197]
[161, 196]
[162, 163]
[162, 198]
[162, 197]
[163, 198]
[167, 168]
[167, 133]
[167, 203]
[168, 169]
[168, 134]
[168, 204]
[168, 203]
[169, 135]
[169, 205]
[169, 204]
[171, 172]
[171, 137]
[171, 207]
[172, 207]
[174, 209]
[175, 141]
[175, 211]
[178, 144]
[178, 214]
[181, 182]
[181, 217]
[181, 216]
[182, 183]
[182, 148]
[182, 217]
[183, 184]
[183, 149]
[184, 185]
[185, 186]
[186, 187]
[186, 222]
[187, 222]
[192, 193]
[192, 158]
[192, 228]
[192, 227]
[193, 194]
[193, 159]
[193, 228]
[194, 160]
[196, 197]
[196, 162]
[196, 231]
[197, 198]
[197, 163]
[203, 204]
[203, 169]
[203, 239]
[204, 205]
[204, 240]
[204, 239]
[205, 171]
[205, 241]
[205, 240]
[207, 242]
[209, 244]
[211, 212]
[212, 178]
[216, 217]
[216, 182]
[217, 183]
[224, 225]
[225, 226]
[226, 227]
[226, 192]
[227, 228]
[227, 193]
[228, 194]
[231, 197]
[239, 240]
[239, 205]
[240, 241]
[241, 242]
[241, 207]
