[1, 37]
[1, 36]
[5, 41]
[5, 40]
[10, 45]
[12, 13]
[13, 14]
[14, 50]
[16, 17]
[16, 51]
[17, 18]
[17, 53]
[18, 53]
[20, 21]
[20, 56]
[21, 57]
[21, 56]
[23, 24]
[23, 59]
[23, 58]
[24, 25]
[24, 60]
[24, 59]
[25, 61]
[25, 60]
[29, 30]
[29, 65]
[30, 31]
[30, 65]
[33, 34]
[33, 68]
[35, 36]
[35, 1]
[35, 71]
[35, 70]
[36, 37]
[36, 71]
[37, 3]
[40, 41]
[40, 76]
[41, 42]
[41, 76]
[42, 8]
[42, 78]
[45, 80]
[50, 51]
[50, 16]
[50, 86]
[50, 85]
[51, 17]
[51, 87]
[51, 86]
[53, 88]
[56, 57]
[56, 92]
[57, 58]
[57, 23]
[57, 93]
[57, 92]
[58, 59]
[58, 24]
[58, 93]
[59, 60]
[59, 25]
[59, 95]
[60, 61]
[60, 96]
[60, 95]
[61, 27]
[61, 97]
[61, 96]
[65, 31]
[65, 101]
[68, 34]
[68, 104]
[68, 103]
[70, 71]
[70, 36]
[70, 106]
[70, 105]
[71, 37]
[71, 106]
[76, 42]
[76, 111]
[78, 79]
[78, 114]
[78, 113]
[79, 80]
[79, 45]
[79, 114]
[80, 116]
[84, 85]
[84, 50]
[84, 120]
[85, 86]
[85, 51]
[85, 121]
[85, 120]
[86, 87]
[86, 121]
[87, 88]
[87, 53]
[87, 123]
[88, 123]
[90, 56]
[92, 93]
[92, 58]
[92, 128]
[92, 127]
[93, 59]
[93, 128]
[95, 96]
[95, 61]
[95, 131]
[95, 130]
[96, 97]
[96, 132]
[96, 131]
[97, 98]
[97, 132]
[101, 102]
[101, 137]
[101, 136]
[102, 103]
[102, 68]
[102, 138]
[102, 137]
[103, 104]
[103, 138]
[105, 106]
[105, 71]
[105, 141]
[106, 142]
[106, 141]
[108, 143]
[111, 147]
[113, 114]
[113, 79]
[113, 148]
[114, 80]
[116, 152]
[116, 151]
[120, 121]
[120, 86]
[120, 156]
[121, 87]
[121, 156]
[127, 128]
[127, 93]
[128, 164]
[130, 131]
[130, 96]
[131, 132]
[131, 97]
[132, 98]
[135, 136]
[135, 101]
[135, 171]
[135, 170]
[136, 137]
[136, 102]
[136, 172]
[136, 171]
[137, 138]
[137, 103]
[137, 172]
[138, 104]
[138, 174]
[141, 142]
[142, 143]
[142, 108]
[143, 179]
[147, 148]
[147, 113]
[147, 183]
[147, 182]
[148, 114]
[148, 183]
[151, 152]
[151, 187]
[152, 187]
[154, 120]
[154, 190]
[156, 192]
[156, 191]
[164, 130]
[170, 171]
[170, 136]
[171, 172]
[171, 137]
[172, 138]
[172, 208]
[174, 209]
[175, 141]
[175, 210]
[179, 215]
[181, 182]
[181, 147]
[181, 217]
[182, 183]
[182, 148]
[182, 217]
[185, 151]
[185, 221]
[187, 223]
[190, 191]
[190, 156]
[190, 225]
[191, 192]
[192, 193]
[193, 229]
[196, 231]
[198, 164]
[201, 202]
[201, 236]
[202, 203]
[202, 238]
[203, 204]
[203, 239]
[203, 238]
[204, 170]
[204, 239]
[208, 209]
[208, 174]
[208, 244]
[209, 244]
[213, 179]
[215, 181]
[217, 183]
[221, 187]
[225, 191]
[236, 202]
[238, 239]
[238, 204]
