[0, 36]
[0, 35]
[4, 5]
[4, 40]
[5, 6]
[5, 40]
[19, 55]
[23, 24]
[23, 59]
[23, 58]
[24, 60]
[24, 59]
[26, 27]
[26, 62]
[27, 62]
[29, 30]
[29, 65]
[29, 64]
[30, 31]
[30, 65]
[31, 67]
[33, 34]
[33, 68]
[35, 36]
[35, 71]
[35, 70]
[36, 37]
[36, 71]
[37, 73]
[40, 6]
[40, 76]
[44, 10]
[44, 80]
[44, 79]
[48, 84]
[48, 83]
[55, 56]
[55, 91]
[56, 57]
[56, 91]
[57, 58]
[57, 23]
[58, 59]
[58, 24]
[59, 60]
[59, 95]
[60, 26]
[60, 95]
[62, 97]
[64, 65]
[64, 30]
[64, 100]
[64, 99]
[65, 31]
[65, 100]
[67, 68]
[67, 33]
[67, 103]
[68, 34]
[68, 103]
[70, 71]
[70, 36]
[70, 105]
[71, 37]
[71, 107]
[73, 108]
[78, 79]
[78, 44]
[79, 80]
[80, 81]
[81, 82]
[81, 117]
[82, 83]
[82, 48]
[82, 117]
[83, 84]
[83, 119]
[84, 85]
[84, 120]
[84, 119]
[85, 120]
[88, 89]
[88, 123]
[89, 55]
[91, 57]
[95, 131]
[97, 132]
[99, 100]
[99, 65]
[99, 135]
[100, 135]
[103, 139]
[105, 71]
[107, 108]
[107, 73]
[110, 76]
[117, 83]
[117, 152]
[119, 120]
[119, 85]
[120, 156]
[123, 89]
[123, 159]
[131, 132]
[131, 97]
[131, 167]
[131, 166]
[132, 167]
[135, 170]
[137, 103]
[139, 174]
[147, 148]
[147, 183]
[148, 149]
[148, 183]
[149, 150]
[149, 185]
[150, 185]
[152, 188]
[156, 192]
[159, 160]
[164, 165]
[164, 199]
[165, 166]
[165, 131]
[166, 167]
[166, 132]
[166, 202]
[167, 202]
[169, 170]
[169, 135]
[175, 211]
[175, 210]
[177, 178]
[181, 147]
[181, 217]
[181, 216]
[183, 149]
[183, 218]
[185, 220]
[188, 189]
[188, 223]
[189, 190]
[189, 225]
[190, 156]
[190, 226]
[190, 225]
[192, 193]
[193, 159]
[199, 165]
[199, 235]
[199, 234]
[202, 238]
[202, 237]
[210, 211]
[211, 177]
[216, 217]
[217, 218]
[217, 183]
[222, 223]
[222, 188]
[223, 189]
[225, 226]
[226, 192]
[234, 235]
[235, 236]
[236, 237]
[236, 202]
[237, 238]
[241, 242]
