[2, 38]
[2, 37]
[4, 40]
[7, 8]
[8, 9]
[8, 44]
[9, 10]
[9, 45]
[9, 44]
[10, 11]
[10, 46]
[10, 45]
[11, 12]
[11, 47]
[11, 46]
[12, 47]
[14, 50]
[17, 53]
[17, 52]
[19, 55]
[19, 54]
[21, 22]
[22, 58]
[24, 60]
[24, 59]
[26, 62]
[26, 61]
[28, 29]
[28, 63]
[29, 65]
[32, 33]
[32, 68]
[32, 67]
[33, 68]
[35, 36]
[35, 70]
[36, 37]
[36, 2]
[36, 72]
[37, 38]
[37, 73]
[37, 72]
[38, 4]
[38, 73]
[40, 76]
[44, 45]
[44, 10]
[44, 80]
[45, 46]
[45, 11]
[45, 80]
[46, 47]
[46, 12]
[50, 51]
[50, 86]
[50, 85]
[51, 52]
[51, 17]
[51, 86]
[52, 53]
[53, 54]
[53, 19]
[53, 89]
[54, 55]
[54, 89]
[55, 21]
[55, 91]
[58, 59]
[58, 24]
[59, 60]
[59, 95]
[60, 61]
[60, 26]
[60, 95]
[61, 62]
[62, 63]
[62, 28]
[63, 29]
[63, 99]
[65, 101]
[65, 100]
[67, 68]
[67, 33]
[67, 103]
[68, 103]
[70, 36]
[70, 106]
[70, 105]
[72, 73]
[72, 38]
[72, 108]
[73, 109]
[73, 108]
[76, 112]
[76, 111]
[78, 44]
[78, 114]
[80, 46]
[80, 116]
[84, 85]
[84, 50]
[85, 86]
[85, 51]
[85, 121]
[86, 52]
[86, 121]
[89, 55]
[91, 92]
[92, 58]
[92, 128]
[95, 61]
[95, 131]
[99, 100]
[99, 65]
[99, 135]
[99, 134]
[100, 101]
[100, 135]
[101, 67]
[103, 139]
[105, 106]
[106, 72]
[108, 109]
[109, 110]
[109, 145]
[110, 111]
[110, 76]
[110, 145]
[111, 112]
[112, 78]
[114, 80]
[116, 117]
[116, 152]
[116, 151]
[117, 118]
[117, 153]
[117, 152]
[118, 84]
[118, 154]
[118, 153]
[131, 132]
[131, 166]
[132, 133]
[132, 168]
[133, 134]
[133, 99]
[133, 169]
[133, 168]
[134, 135]
[134, 100]
[134, 169]
[135, 101]
[139, 174]
[145, 111]
[145, 181]
[145, 180]
[151, 152]
[151, 117]
[151, 187]
[151, 186]
[152, 153]
[152, 118]
[152, 187]
[153, 154]
[153, 189]
[154, 190]
[154, 189]
[159, 160]
[159, 195]
[160, 161]
[160, 195]
[166, 132]
[166, 201]
[168, 169]
[168, 134]
[168, 203]
[169, 135]
[173, 174]
[173, 139]
[173, 208]
[175, 211]
[175, 210]
[179, 180]
[179, 145]
[179, 214]
[180, 181]
[180, 216]
[181, 216]
[184, 219]
[186, 187]
[186, 152]
[186, 222]
[187, 153]
[187, 223]
[187, 222]
[189, 190]
[189, 225]
[189, 224]
[190, 191]
[190, 226]
[190, 225]
[191, 192]
[191, 227]
[191, 226]
[192, 228]
[192, 227]
[195, 161]
[198, 234]
[200, 201]
[200, 166]
[200, 236]
[201, 236]
[203, 169]
[203, 239]
[203, 238]
[207, 208]
[207, 173]
[208, 174]
[210, 211]
[213, 214]
[213, 179]
[214, 180]
[222, 223]
[223, 224]
[223, 189]
[224, 225]
[224, 190]
[225, 226]
[225, 191]
[226, 227]
[226, 192]
[227, 228]
[228, 229]
[229, 195]
[232, 198]
[234, 200]
[238, 239]
[239, 240]
