[1, 37]
[1, 36]
[3, 39]
[7, 8]
[7, 42]
[8, 9]
[8, 44]
[9, 10]
[9, 45]
[9, 44]
[10, 11]
[10, 45]
[11, 47]
[13, 14]
[16, 52]
[16, 51]
[21, 57]
[21, 56]
[28, 29]
[28, 64]
[29, 65]
[29, 64]
[32, 67]
[36, 37]
[36, 72]
[36, 71]
[37, 3]
[37, 72]
[39, 40]
[39, 75]
[40, 41]
[40, 76]
[40, 75]
[41, 42]
[41, 7]
[41, 76]
[42, 8]
[42, 78]
[44, 45]
[44, 10]
[44, 80]
[45, 11]
[45, 80]
[47, 13]
[47, 83]
[51, 52]
[51, 87]
[52, 53]
[52, 87]
[53, 54]
[54, 55]
[55, 56]
[55, 21]
[56, 57]
[64, 65]
[65, 66]
[65, 101]
[66, 67]
[66, 32]
[66, 101]
[67, 103]
[71, 72]
[71, 37]
[71, 107]
[72, 108]
[72, 107]
[75, 76]
[75, 41]
[75, 111]
[76, 42]
[76, 112]
[76, 111]
[78, 44]
[78, 114]
[78, 113]
[80, 115]
[83, 118]
[85, 51]
[87, 53]
[87, 122]
[95, 131]
[95, 130]
[101, 67]
[103, 138]
[107, 108]
[107, 143]
[108, 143]
[111, 112]
[111, 147]
[112, 113]
[112, 78]
[112, 147]
[113, 114]
[114, 115]
[114, 80]
[114, 150]
[115, 151]
[115, 150]
[117, 118]
[117, 83]
[127, 163]
[127, 162]
[129, 130]
[129, 95]
[130, 131]
[130, 166]
[131, 167]
[131, 166]
[138, 174]
[138, 173]
[140, 176]
[147, 113]
[147, 183]
[147, 182]
[150, 151]
[150, 186]
[150, 185]
[151, 117]
[151, 187]
[151, 186]
[156, 122]
[156, 192]
[156, 191]
[159, 195]
[159, 194]
[162, 163]
[163, 129]
[163, 199]
[166, 167]
[166, 202]
[166, 201]
[167, 202]
[172, 173]
[172, 138]
[172, 208]
[172, 207]
[173, 174]
[173, 208]
[181, 182]
[181, 147]
[181, 217]
[182, 183]
[182, 218]
[182, 217]
[183, 218]
[185, 186]
[185, 151]
[185, 221]
[186, 187]
[186, 222]
[186, 221]
[187, 188]
[187, 223]
[187, 222]
[188, 189]
[188, 223]
[189, 190]
[189, 225]
[190, 191]
[190, 156]
[190, 225]
[191, 192]
[191, 227]
[192, 227]
[194, 195]
[194, 230]
[195, 230]
[199, 200]
[199, 234]
[200, 201]
[200, 166]
[201, 202]
[201, 167]
[201, 237]
[202, 238]
[202, 237]
[204, 205]
[207, 208]
[207, 173]
[208, 174]
[208, 244]
[213, 214]
[217, 218]
[217, 183]
[221, 222]
[221, 187]
[222, 223]
[222, 188]
[223, 189]
[225, 191]
[234, 200]
[237, 238]
[238, 204]
