[1, 37]
[1, 36]
[4, 40]
[4, 39]
[7, 8]
[7, 43]
[8, 44]
[8, 43]
[12, 13]
[13, 49]
[18, 54]
[18, 53]
[22, 23]
[22, 58]
[23, 59]
[23, 58]
[30, 66]
[30, 65]
[32, 33]
[32, 68]
[33, 34]
[33, 69]
[33, 68]
[34, 69]
[36, 37]
[36, 72]
[36, 71]
[37, 38]
[37, 72]
[38, 39]
[38, 4]
[39, 40]
[39, 75]
[40, 41]
[40, 76]
[40, 75]
[41, 7]
[41, 77]
[41, 76]
[43, 44]
[43, 78]
[44, 80]
[49, 84]
[51, 87]
[53, 54]
[53, 89]
[54, 20]
[54, 89]
[58, 59]
[58, 94]
[58, 93]
[59, 25]
[59, 94]
[65, 66]
[65, 101]
[65, 100]
[66, 32]
[66, 101]
[68, 69]
[68, 34]
[68, 104]
[68, 103]
[69, 104]
[70, 71]
[70, 36]
[71, 72]
[71, 37]
[72, 38]
[72, 108]
[75, 76]
[75, 41]
[76, 77]
[77, 78]
[77, 43]
[78, 44]
[78, 114]
[80, 81]
[80, 116]
[81, 117]
[81, 116]
[84, 119]
[87, 53]
[87, 122]
[89, 125]
[89, 124]
[92, 93]
[92, 58]
[92, 128]
[93, 94]
[93, 59]
[93, 128]
[98, 99]
[98, 133]
[99, 100]
[99, 65]
[100, 101]
[100, 66]
[101, 137]
[103, 104]
[103, 69]
[103, 139]
[103, 138]
[104, 139]
[108, 109]
[108, 143]
[109, 75]
[109, 145]
[114, 80]
[114, 150]
[114, 149]
[116, 117]
[116, 152]
[117, 152]
[119, 155]
[119, 154]
[124, 125]
[124, 159]
[125, 161]
[128, 94]
[128, 163]
[132, 133]
[132, 98]
[132, 168]
[133, 99]
[133, 169]
[133, 168]
[137, 138]
[137, 103]
[138, 139]
[138, 104]
[138, 174]
[139, 174]
[141, 177]
[143, 109]
[145, 181]
[149, 150]
[149, 184]
[150, 116]
[150, 186]
[154, 155]
[154, 190]
[154, 189]
[155, 156]
[155, 190]
[156, 122]
[159, 125]
[159, 195]
[159, 194]
[161, 196]
[163, 199]
[163, 198]
[165, 201]
[168, 169]
[168, 203]
[169, 170]
[169, 205]
[170, 171]
[170, 205]
[171, 137]
[171, 207]
[174, 209]
[177, 143]
[177, 212]
[181, 182]
[181, 216]
[182, 218]
[184, 150]
[184, 220]
[184, 219]
[186, 152]
[186, 221]
[189, 190]
[189, 155]
[189, 225]
[190, 156]
[190, 225]
[194, 195]
[194, 230]
[194, 229]
[195, 196]
[195, 161]
[195, 230]
[198, 199]
[198, 234]
[198, 233]
[199, 165]
[199, 235]
[199, 234]
[203, 169]
[203, 239]
[205, 171]
[205, 240]
[207, 208]
[207, 243]
[207, 242]
[208, 209]
[208, 174]
[208, 243]
[210, 211]
[211, 212]
[211, 177]
[216, 182]
[218, 219]
[218, 184]
[219, 220]
[220, 221]
[220, 186]
[229, 230]
[229, 195]
[230, 196]
[233, 234]
[233, 199]
[234, 235]
[235, 201]
[239, 240]
[239, 205]
[242, 243]
[242, 208]
[243, 209]
