[0, 1]
[0, 36]
[0, 35]
[1, 2]
[1, 36]
[4, 5]
[7, 8]
[7, 42]
[8, 9]
[8, 44]
[9, 45]
[9, 44]
[11, 47]
[14, 15]
[14, 50]
[15, 16]
[15, 50]
[16, 17]
[17, 18]
[17, 53]
[18, 19]
[18, 54]
[18, 53]
[19, 20]
[19, 54]
[26, 62]
[28, 63]
[35, 36]
[35, 1]
[36, 2]
[36, 72]
[42, 8]
[42, 77]
[44, 45]
[45, 11]
[45, 81]
[47, 48]
[47, 82]
[48, 14]
[48, 84]
[50, 16]
[53, 54]
[53, 19]
[54, 20]
[54, 90]
[57, 58]
[57, 93]
[57, 92]
[58, 93]
[62, 63]
[62, 28]
[63, 99]
[72, 73]
[72, 107]
[73, 74]
[73, 109]
[74, 75]
[74, 109]
[75, 111]
[81, 82]
[81, 47]
[81, 117]
[81, 116]
[82, 48]
[82, 118]
[82, 117]
[84, 50]
[84, 120]
[92, 93]
[92, 58]
[92, 128]
[93, 129]
[93, 128]
[99, 100]
[99, 135]
[100, 136]
[100, 135]
[102, 138]
[102, 137]
[107, 73]
[107, 143]
[107, 142]
[109, 75]
[111, 77]
[111, 147]
[114, 115]
[115, 116]
[115, 81]
[116, 117]
[116, 82]
[117, 118]
[117, 153]
[118, 84]
[118, 154]
[118, 153]
[120, 156]
[123, 124]
[123, 159]
[124, 90]
[124, 160]
[124, 159]
[128, 129]
[128, 164]
[128, 163]
[129, 165]
[129, 164]
[131, 167]
[131, 166]
[133, 99]
[135, 136]
[135, 171]
[136, 137]
[136, 102]
[136, 171]
[137, 138]
[137, 173]
[138, 139]
[138, 173]
[140, 141]
[141, 142]
[141, 107]
[142, 143]
[142, 178]
[143, 109]
[143, 179]
[143, 178]
[147, 183]
[153, 154]
[153, 189]
[154, 120]
[154, 190]
[154, 189]
[156, 157]
[156, 191]
[157, 123]
[157, 193]
[159, 160]
[163, 164]
[163, 129]
[163, 199]
[163, 198]
[164, 165]
[164, 200]
[164, 199]
[165, 166]
[165, 131]
[165, 201]
[165, 200]
[166, 167]
[166, 201]
[167, 133]
[171, 137]
[173, 139]
[173, 209]
[173, 208]
[178, 179]
[179, 180]
[180, 181]
[181, 147]
[181, 217]
[183, 184]
[183, 218]
[189, 190]
[189, 224]
[190, 191]
[190, 156]
[190, 226]
[191, 157]
[191, 226]
[193, 159]
[193, 229]
[197, 198]
[197, 163]
[197, 232]
[198, 199]
[198, 164]
[199, 200]
[199, 165]
[200, 201]
[200, 166]
[201, 167]
[201, 237]
[204, 239]
[208, 209]
[208, 244]
[208, 243]
[209, 244]
[217, 218]
[217, 183]
[218, 184]
[223, 224]
[223, 189]
[224, 190]
[229, 230]
[232, 198]
[237, 238]
[238, 239]
[238, 204]
[243, 244]
[243, 209]
