[9, 10]
[9, 44]
[10, 11]
[11, 47]
[14, 15]
[14, 50]
[15, 50]
[18, 19]
[28, 29]
[28, 64]
[28, 63]
[29, 30]
[29, 65]
[29, 64]
[30, 66]
[30, 65]
[32, 33]
[32, 68]
[33, 34]
[33, 69]
[33, 68]
[34, 69]
[38, 4]
[38, 73]
[41, 7]
[41, 77]
[41, 76]
[44, 10]
[44, 79]
[47, 48]
[47, 83]
[47, 82]
[48, 14]
[48, 83]
[50, 86]
[52, 18]
[58, 24]
[58, 93]
[61, 62]
[61, 97]
[61, 96]
[62, 63]
[62, 28]
[62, 97]
[63, 64]
[63, 29]
[63, 99]
[64, 65]
[64, 30]
[64, 100]
[64, 99]
[65, 66]
[65, 100]
[66, 32]
[68, 69]
[68, 34]
[73, 109]
[73, 108]
[75, 76]
[75, 41]
[75, 110]
[76, 77]
[76, 112]
[77, 113]
[77, 112]
[79, 115]
[79, 114]
[82, 83]
[82, 48]
[83, 119]
[86, 52]
[86, 121]
[90, 125]
[93, 129]
[95, 96]
[95, 61]
[96, 97]
[96, 62]
[96, 132]
[97, 63]
[97, 133]
[97, 132]
[99, 100]
[99, 65]
[99, 134]
[100, 66]
[105, 141]
[107, 108]
[107, 73]
[107, 142]
[108, 109]
[108, 144]
[109, 110]
[109, 75]
[109, 144]
[110, 76]
[110, 146]
[112, 113]
[112, 148]
[113, 114]
[113, 79]
[113, 149]
[113, 148]
[114, 115]
[114, 150]
[114, 149]
[115, 150]
[119, 154]
[121, 157]
[123, 124]
[123, 158]
[124, 125]
[124, 90]
[125, 161]
[127, 93]
[129, 95]
[129, 165]
[132, 133]
[132, 167]
[133, 134]
[133, 99]
[134, 100]
[134, 170]
[137, 138]
[137, 173]
[137, 172]
[138, 139]
[138, 174]
[138, 173]
[139, 174]
[141, 142]
[141, 107]
[142, 108]
[142, 178]
[144, 110]
[144, 180]
[146, 112]
[146, 181]
[148, 149]
[148, 114]
[148, 184]
[149, 150]
[149, 115]
[149, 184]
[150, 186]
[153, 154]
[153, 119]
[154, 190]
[157, 158]
[157, 123]
[157, 193]
[158, 124]
[158, 194]
[158, 193]
[161, 127]
[165, 166]
[166, 167]
[166, 132]
[166, 202]
[167, 133]
[167, 203]
[167, 202]
[170, 171]
[170, 205]
[171, 172]
[171, 137]
[171, 207]
[172, 173]
[172, 138]
[172, 208]
[172, 207]
[173, 174]
[173, 139]
[173, 208]
[178, 144]
[178, 214]
[180, 181]
[180, 146]
[180, 216]
[180, 215]
[181, 217]
[181, 216]
[184, 150]
[184, 220]
[186, 222]
[186, 221]
[193, 194]
[193, 228]
[194, 230]
[198, 234]
[198, 233]
[202, 203]
[202, 238]
[202, 237]
[203, 204]
[203, 239]
[203, 238]
[204, 205]
[204, 170]
[204, 240]
[204, 239]
[205, 171]
[205, 240]
[207, 208]
[207, 173]
[208, 174]
[208, 244]
[210, 211]
[214, 215]
[214, 180]
[215, 216]
[215, 181]
[216, 217]
[220, 221]
[220, 186]
[221, 222]
[224, 190]
[227, 228]
[227, 193]
[228, 194]
[233, 234]
[234, 235]
[235, 236]
[236, 237]
[236, 202]
[237, 238]
[237, 203]
[238, 239]
[238, 204]
[239, 240]
[239, 205]
