[1, 2]
[1, 37]
[1, 36]
[2, 3]
[2, 37]
[7, 8]
[7, 42]
[12, 48]
[12, 47]
[15, 16]
[16, 17]
[21, 56]
[23, 24]
[23, 59]
[23, 58]
[24, 60]
[24, 59]
[26, 61]
[28, 63]
[33, 34]
[33, 69]
[34, 69]
[35, 36]
[35, 1]
[35, 70]
[36, 37]
[36, 2]
[37, 3]
[40, 75]
[42, 8]
[47, 48]
[47, 83]
[47, 82]
[48, 83]
[56, 92]
[58, 59]
[58, 24]
[58, 93]
[59, 60]
[60, 61]
[60, 26]
[60, 96]
[61, 97]
[61, 96]
[63, 99]
[63, 98]
[67, 33]
[67, 103]
[70, 36]
[70, 105]
[74, 75]
[74, 40]
[74, 110]
[75, 110]
[81, 82]
[81, 47]
[81, 117]
[81, 116]
[82, 83]
[82, 48]
[82, 118]
[82, 117]
[83, 119]
[83, 118]
[88, 89]
[88, 123]
[89, 90]
[90, 56]
[92, 93]
[92, 58]
[92, 128]
[92, 127]
[93, 59]
[93, 128]
[96, 97]
[96, 132]
[97, 98]
[97, 63]
[97, 133]
[97, 132]
[98, 99]
[98, 134]
[98, 133]
[99, 100]
[99, 134]
[100, 101]
[101, 67]
[103, 69]
[103, 139]
[103, 138]
[105, 141]
[107, 108]
[107, 143]
[107, 142]
[108, 74]
[108, 144]
[108, 143]
[110, 146]
[110, 145]
[113, 79]
[113, 148]
[116, 117]
[116, 82]
[116, 152]
[117, 118]
[117, 83]
[117, 152]
[118, 119]
[122, 123]
[122, 88]
[122, 158]
[122, 157]
[123, 89]
[123, 158]
[127, 128]
[127, 93]
[127, 162]
[132, 133]
[132, 98]
[132, 167]
[133, 134]
[133, 99]
[133, 169]
[134, 100]
[134, 169]
[138, 139]
[138, 174]
[139, 174]
[141, 142]
[141, 107]
[141, 177]
[142, 143]
[142, 108]
[142, 178]
[142, 177]
[143, 144]
[143, 179]
[143, 178]
[144, 145]
[144, 110]
[144, 180]
[144, 179]
[145, 146]
[145, 181]
[145, 180]
[146, 181]
[148, 183]
[152, 118]
[152, 188]
[156, 157]
[156, 122]
[156, 191]
[157, 158]
[157, 123]
[157, 193]
[158, 193]
[160, 196]
[162, 128]
[162, 198]
[167, 133]
[167, 203]
[167, 202]
[172, 138]
[172, 208]
[177, 178]
[177, 143]
[177, 213]
[178, 179]
[178, 144]
[178, 214]
[178, 213]
[179, 180]
[179, 145]
[179, 214]
[180, 181]
[180, 146]
[183, 219]
[188, 224]
[191, 157]
[191, 227]
[196, 162]
[196, 232]
[196, 231]
[198, 234]
[201, 202]
[201, 167]
[202, 203]
[203, 169]
[203, 239]
[206, 172]
[206, 242]
[206, 241]
[208, 174]
[208, 243]
[213, 214]
[213, 179]
[214, 180]
[219, 220]
[227, 193]
[230, 231]
[230, 196]
[231, 232]
[232, 198]
[239, 240]
[240, 241]
[240, 206]
[241, 242]
[242, 243]
[242, 208]
