[5, 6]
[5, 41]
[5, 40]
[6, 7]
[6, 42]
[6, 41]
[7, 8]
[7, 43]
[7, 42]
[8, 43]
[12, 48]
[12, 47]
[14, 15]
[15, 16]
[15, 51]
[16, 51]
[19, 54]
[28, 64]
[28, 63]
[31, 32]
[31, 67]
[31, 66]
[32, 33]
[32, 67]
[33, 69]
[40, 41]
[40, 6]
[40, 76]
[41, 42]
[41, 7]
[41, 77]
[41, 76]
[42, 43]
[42, 8]
[42, 78]
[42, 77]
[43, 79]
[43, 78]
[45, 80]
[47, 48]
[47, 83]
[47, 82]
[48, 14]
[48, 83]
[53, 54]
[53, 19]
[57, 93]
[57, 92]
[63, 64]
[63, 98]
[64, 65]
[65, 66]
[65, 31]
[65, 101]
[66, 67]
[66, 32]
[66, 101]
[67, 33]
[67, 103]
[73, 74]
[73, 108]
[74, 40]
[74, 110]
[76, 77]
[76, 42]
[76, 112]
[76, 111]
[77, 78]
[77, 43]
[77, 113]
[77, 112]
[78, 79]
[78, 114]
[78, 113]
[79, 80]
[79, 45]
[79, 114]
[80, 116]
[82, 83]
[82, 48]
[82, 117]
[85, 51]
[85, 120]
[91, 92]
[91, 57]
[91, 126]
[92, 93]
[93, 94]
[93, 129]
[94, 95]
[94, 129]
[95, 96]
[95, 131]
[96, 132]
[96, 131]
[98, 64]
[101, 67]
[101, 137]
[101, 136]
[103, 69]
[103, 138]
[107, 108]
[107, 73]
[107, 143]
[108, 74]
[108, 143]
[110, 111]
[110, 76]
[111, 112]
[111, 77]
[111, 147]
[112, 113]
[112, 78]
[112, 147]
[113, 114]
[113, 79]
[114, 80]
[116, 117]
[116, 82]
[116, 152]
[116, 151]
[117, 83]
[117, 152]
[122, 158]
[124, 125]
[125, 126]
[125, 91]
[126, 92]
[129, 95]
[129, 164]
[131, 132]
[132, 98]
[136, 137]
[136, 171]
[137, 138]
[137, 103]
[138, 174]
[140, 175]
[143, 179]
[147, 113]
[147, 182]
[151, 152]
[151, 117]
[151, 187]
[151, 186]
[152, 187]
[158, 124]
[158, 194]
[158, 193]
[163, 164]
[163, 129]
[163, 199]
[164, 200]
[164, 199]
[171, 137]
[171, 207]
[174, 209]
[175, 211]
[179, 180]
[180, 181]
[181, 182]
[181, 147]
[181, 217]
[182, 218]
[182, 217]
[186, 187]
[186, 152]
[186, 222]
[187, 222]
[189, 190]
[189, 224]
[193, 194]
[193, 228]
[194, 230]
[199, 200]
[202, 203]
[202, 238]
[203, 238]
[207, 208]
[208, 209]
[208, 174]
[211, 212]
[212, 213]
[213, 179]
[217, 218]
[218, 184]
[224, 190]
[228, 194]
[230, 231]
[240, 241]
[241, 207]
