[1, 2]
[1, 36]
[2, 3]
[2, 38]
[3, 4]
[3, 39]
[3, 38]
[4, 40]
[4, 39]
[9, 45]
[9, 44]
[11, 12]
[12, 13]
[12, 48]
[13, 49]
[13, 48]
[15, 50]
[20, 21]
[20, 56]
[21, 22]
[21, 57]
[21, 56]
[22, 23]
[22, 57]
[23, 24]
[23, 59]
[24, 60]
[24, 59]
[26, 27]
[26, 62]
[26, 61]
[27, 28]
[27, 62]
[28, 29]
[29, 65]
[35, 36]
[35, 1]
[35, 71]
[35, 70]
[36, 2]
[36, 71]
[38, 39]
[38, 4]
[38, 73]
[39, 40]
[44, 45]
[44, 80]
[44, 79]
[45, 11]
[45, 81]
[45, 80]
[48, 49]
[48, 84]
[48, 83]
[49, 50]
[49, 15]
[49, 84]
[54, 20]
[54, 89]
[56, 57]
[56, 22]
[56, 92]
[56, 91]
[57, 23]
[57, 93]
[57, 92]
[59, 60]
[59, 95]
[59, 94]
[60, 61]
[60, 26]
[60, 96]
[60, 95]
[61, 62]
[61, 27]
[61, 97]
[61, 96]
[62, 28]
[62, 97]
[65, 66]
[65, 101]
[66, 67]
[66, 102]
[66, 101]
[67, 68]
[67, 103]
[67, 102]
[68, 34]
[68, 103]
[70, 71]
[70, 36]
[73, 39]
[79, 80]
[79, 45]
[79, 115]
[79, 114]
[80, 81]
[80, 115]
[81, 82]
[81, 117]
[82, 83]
[82, 48]
[82, 118]
[82, 117]
[83, 84]
[83, 49]
[83, 118]
[84, 50]
[84, 120]
[89, 125]
[91, 92]
[91, 57]
[91, 127]
[91, 126]
[92, 93]
[92, 128]
[92, 127]
[93, 94]
[93, 59]
[93, 128]
[94, 95]
[94, 60]
[94, 130]
[95, 96]
[95, 61]
[95, 130]
[96, 97]
[96, 62]
[96, 132]
[97, 133]
[97, 132]
[101, 102]
[101, 67]
[102, 103]
[102, 68]
[102, 138]
[103, 138]
[112, 113]
[113, 114]
[113, 79]
[114, 115]
[114, 80]
[114, 150]
[115, 81]
[115, 151]
[115, 150]
[117, 118]
[117, 83]
[118, 84]
[118, 154]
[120, 121]
[120, 155]
[121, 122]
[121, 157]
[122, 123]
[122, 157]
[123, 89]
[125, 126]
[125, 91]
[125, 161]
[125, 160]
[126, 127]
[126, 92]
[126, 162]
[126, 161]
[127, 128]
[127, 93]
[127, 163]
[127, 162]
[128, 94]
[128, 164]
[128, 163]
[130, 96]
[132, 133]
[132, 167]
[133, 134]
[138, 173]
[142, 143]
[142, 178]
[143, 178]
[145, 146]
[145, 181]
[145, 180]
[146, 112]
[146, 182]
[146, 181]
[150, 151]
[150, 186]
[151, 117]
[151, 187]
[151, 186]
[154, 155]
[154, 120]
[154, 189]
[155, 121]
[155, 191]
[157, 123]
[157, 193]
[157, 192]
[160, 161]
[160, 126]
[160, 196]
[160, 195]
[161, 162]
[161, 127]
[161, 197]
[161, 196]
[162, 163]
[162, 128]
[162, 197]
[163, 164]
[164, 130]
[164, 200]
[167, 133]
[173, 209]
[176, 142]
[176, 211]
[178, 214]
[180, 181]
[180, 146]
[180, 216]
[181, 182]
[181, 216]
[182, 183]
[182, 218]
[183, 184]
[183, 218]
[184, 150]
[186, 187]
[186, 222]
[186, 221]
[187, 188]
[187, 223]
[187, 222]
[188, 189]
[188, 154]
[188, 223]
[189, 155]
[191, 192]
[191, 157]
[191, 227]
[191, 226]
[192, 193]
[192, 227]
[193, 229]
[195, 196]
[195, 161]
[195, 231]
[195, 230]
[196, 197]
[196, 162]
[196, 231]
[197, 163]
[197, 233]
[204, 205]
[204, 240]
[205, 206]
[205, 241]
[205, 240]
[206, 242]
[206, 241]
[209, 244]
[214, 180]
[216, 182]
[218, 184]
[221, 222]
[221, 187]
[222, 223]
[222, 188]
[223, 189]
[226, 227]
[226, 192]
[227, 193]
[229, 230]
[229, 195]
[230, 231]
[230, 196]
[231, 197]
[240, 241]
[240, 206]
[241, 242]
[242, 243]
[243, 244]
[243, 209]
