[3, 4]
[3, 39]
[3, 38]
[4, 39]
[7, 42]
[11, 47]
[14, 50]
[20, 55]
[24, 25]
[24, 59]
[25, 26]
[25, 61]
[26, 62]
[26, 61]
[29, 65]
[29, 64]
[32, 68]
[36, 72]
[36, 71]
[38, 39]
[38, 4]
[38, 73]
[39, 75]
[42, 78]
[42, 77]
[44, 45]
[44, 79]
[45, 11]
[45, 81]
[47, 48]
[47, 83]
[48, 14]
[48, 84]
[48, 83]
[50, 85]
[55, 91]
[59, 25]
[59, 95]
[59, 94]
[61, 62]
[61, 96]
[64, 65]
[64, 99]
[65, 101]
[68, 69]
[68, 103]
[70, 71]
[70, 36]
[71, 72]
[72, 73]
[72, 38]
[73, 39]
[75, 76]
[75, 111]
[75, 110]
[76, 77]
[76, 42]
[76, 112]
[76, 111]
[77, 78]
[77, 112]
[78, 79]
[78, 44]
[79, 45]
[81, 47]
[81, 117]
[83, 84]
[84, 85]
[84, 50]
[85, 121]
[91, 92]
[92, 128]
[94, 95]
[94, 129]
[95, 96]
[95, 61]
[96, 62]
[99, 65]
[101, 137]
[101, 136]
[103, 69]
[110, 111]
[110, 76]
[110, 146]
[110, 145]
[111, 112]
[111, 77]
[111, 146]
[112, 78]
[112, 148]
[117, 83]
[117, 152]
[121, 157]
[121, 156]
[128, 129]
[128, 94]
[128, 163]
[129, 95]
[129, 165]
[136, 137]
[136, 172]
[137, 103]
[137, 173]
[137, 172]
[143, 179]
[145, 146]
[145, 111]
[145, 181]
[145, 180]
[146, 112]
[146, 181]
[148, 149]
[148, 184]
[149, 150]
[149, 185]
[149, 184]
[150, 186]
[150, 185]
[152, 188]
[155, 156]
[155, 121]
[156, 157]
[162, 163]
[162, 128]
[162, 198]
[163, 129]
[163, 198]
[172, 173]
[177, 143]
[177, 213]
[177, 212]
[179, 180]
[179, 145]
[179, 215]
[180, 181]
[180, 146]
[180, 215]
[184, 185]
[184, 150]
[185, 186]
[185, 221]
[186, 152]
[186, 222]
[186, 221]
[188, 189]
[188, 224]
[188, 223]
[189, 155]
[189, 225]
[189, 224]
[198, 233]
[206, 172]
[206, 241]
[212, 213]
[213, 179]
[215, 181]
[218, 184]
[221, 222]
[222, 223]
[222, 188]
[223, 224]
[223, 189]
[224, 225]
[225, 226]
[226, 227]
[227, 228]
[231, 232]
[232, 233]
[232, 198]
[237, 203]
[240, 241]
[240, 206]
