[0, 1]
[0, 36]
[0, 35]
[1, 37]
[1, 36]
[3, 38]
[9, 45]
[17, 18]
[17, 53]
[17, 52]
[18, 19]
[18, 53]
[19, 55]
[21, 22]
[21, 56]
[25, 26]
[25, 61]
[25, 60]
[26, 61]
[28, 63]
[30, 31]
[30, 65]
[31, 67]
[35, 36]
[35, 1]
[35, 71]
[35, 70]
[36, 37]
[36, 71]
[37, 38]
[37, 3]
[37, 73]
[38, 73]
[40, 41]
[40, 76]
[41, 76]
[43, 9]
[45, 80]
[52, 53]
[52, 18]
[52, 88]
[53, 19]
[53, 88]
[55, 56]
[55, 21]
[55, 91]
[56, 22]
[56, 91]
[60, 61]
[60, 26]
[63, 99]
[65, 31]
[65, 100]
[67, 68]
[67, 103]
[68, 69]
[68, 103]
[70, 71]
[70, 36]
[71, 37]
[71, 107]
[73, 109]
[73, 108]
[80, 115]
[83, 84]
[83, 118]
[84, 120]
[86, 52]
[86, 122]
[86, 121]
[88, 124]
[91, 126]
[99, 100]
[99, 65]
[99, 135]
[99, 134]
[100, 135]
[103, 69]
[103, 138]
[107, 108]
[107, 73]
[108, 109]
[114, 115]
[114, 80]
[114, 150]
[114, 149]
[115, 150]
[118, 84]
[118, 153]
[120, 121]
[120, 86]
[120, 155]
[121, 122]
[121, 157]
[122, 88]
[122, 157]
[124, 125]
[124, 160]
[125, 126]
[125, 91]
[125, 160]
[128, 163]
[131, 166]
[134, 135]
[134, 100]
[134, 169]
[138, 173]
[146, 147]
[149, 150]
[149, 115]
[149, 184]
[155, 121]
[155, 191]
[160, 126]
[160, 196]
[160, 195]
[163, 198]
[166, 202]
[166, 201]
[169, 135]
[169, 205]
[169, 204]
[184, 150]
[184, 219]
[191, 157]
[191, 227]
[191, 226]
[194, 195]
[194, 160]
[195, 196]
[198, 233]
[201, 202]
[202, 203]
[203, 204]
[203, 169]
[204, 205]
[205, 241]
[211, 212]
[216, 217]
[217, 218]
[218, 219]
[218, 184]
[226, 227]
[235, 201]
