[1, 37]
[1, 36]
[6, 41]
[10, 11]
[11, 12]
[11, 47]
[12, 13]
[12, 48]
[12, 47]
[13, 48]
[16, 17]
[16, 51]
[21, 22]
[22, 23]
[23, 24]
[24, 25]
[25, 26]
[25, 61]
[26, 27]
[26, 61]
[27, 28]
[28, 29]
[28, 64]
[29, 30]
[29, 64]
[30, 31]
[31, 67]
[36, 37]
[36, 72]
[36, 71]
[37, 3]
[37, 73]
[37, 72]
[40, 41]
[40, 6]
[40, 76]
[41, 76]
[47, 48]
[47, 13]
[47, 83]
[47, 82]
[48, 84]
[48, 83]
[51, 17]
[51, 87]
[54, 89]
[61, 27]
[64, 30]
[64, 100]
[67, 68]
[67, 103]
[68, 69]
[68, 104]
[68, 103]
[69, 104]
[71, 72]
[71, 37]
[71, 107]
[71, 106]
[72, 73]
[72, 108]
[72, 107]
[73, 74]
[73, 108]
[74, 40]
[74, 110]
[76, 112]
[78, 114]
[78, 113]
[80, 81]
[80, 116]
[80, 115]
[81, 82]
[81, 47]
[81, 116]
[82, 83]
[82, 48]
[83, 84]
[83, 119]
[84, 120]
[84, 119]
[87, 88]
[87, 123]
[87, 122]
[88, 89]
[88, 54]
[88, 123]
[92, 128]
[92, 127]
[100, 101]
[100, 136]
[100, 135]
[101, 67]
[101, 136]
[103, 104]
[103, 69]
[103, 139]
[103, 138]
[104, 139]
[106, 107]
[106, 72]
[106, 142]
[107, 108]
[107, 73]
[107, 143]
[107, 142]
[108, 74]
[108, 143]
[110, 76]
[112, 113]
[112, 78]
[112, 147]
[113, 114]
[114, 115]
[114, 80]
[114, 150]
[115, 116]
[115, 81]
[115, 151]
[115, 150]
[116, 82]
[116, 151]
[119, 120]
[119, 155]
[120, 155]
[122, 123]
[122, 88]
[123, 89]
[123, 159]
[127, 128]
[127, 163]
[128, 129]
[128, 164]
[128, 163]
[129, 165]
[129, 164]
[134, 135]
[134, 100]
[134, 170]
[135, 136]
[135, 101]
[135, 171]
[135, 170]
[136, 172]
[136, 171]
[138, 139]
[138, 104]
[142, 143]
[142, 108]
[142, 178]
[142, 177]
[143, 179]
[143, 178]
[147, 113]
[150, 151]
[150, 116]
[150, 186]
[151, 186]
[153, 119]
[159, 160]
[160, 161]
[161, 127]
[163, 164]
[163, 129]
[163, 199]
[163, 198]
[164, 165]
[164, 200]
[164, 199]
[165, 166]
[165, 200]
[166, 167]
[170, 171]
[170, 136]
[171, 172]
[171, 207]
[172, 138]
[172, 208]
[172, 207]
[177, 178]
[177, 143]
[177, 212]
[178, 179]
[179, 180]
[180, 216]
[186, 221]
[192, 227]
[198, 199]
[198, 164]
[198, 234]
[198, 233]
[199, 200]
[199, 165]
[199, 234]
[200, 166]
[207, 208]
[207, 243]
[207, 242]
[208, 209]
[208, 243]
[212, 178]
[224, 225]
[225, 226]
[226, 227]
[226, 192]
[233, 234]
[233, 199]
[234, 200]
[237, 238]
[242, 243]
[242, 208]
[243, 209]
