[0, 36]
[0, 35]
[3, 4]
[3, 38]
[4, 5]
[8, 44]
[14, 50]
[16, 17]
[16, 52]
[16, 51]
[17, 18]
[17, 53]
[17, 52]
[18, 53]
[20, 21]
[20, 56]
[20, 55]
[21, 57]
[21, 56]
[24, 25]
[27, 28]
[27, 63]
[27, 62]
[28, 63]
[33, 68]
[35, 36]
[36, 37]
[36, 72]
[37, 38]
[37, 3]
[37, 73]
[37, 72]
[38, 4]
[38, 73]
[42, 8]
[42, 78]
[44, 45]
[44, 79]
[45, 46]
[46, 82]
[50, 51]
[50, 16]
[51, 52]
[51, 17]
[52, 53]
[52, 18]
[52, 88]
[53, 88]
[55, 56]
[55, 21]
[56, 57]
[57, 93]
[62, 63]
[62, 28]
[62, 98]
[63, 99]
[63, 98]
[68, 104]
[68, 103]
[72, 73]
[72, 38]
[73, 109]
[76, 42]
[76, 111]
[78, 79]
[78, 44]
[78, 114]
[79, 45]
[79, 115]
[79, 114]
[82, 83]
[88, 124]
[93, 128]
[98, 99]
[98, 134]
[99, 100]
[99, 134]
[103, 104]
[105, 141]
[109, 145]
[111, 146]
[114, 115]
[114, 150]
[114, 149]
[115, 116]
[115, 150]
[116, 82]
[116, 152]
[124, 160]
[134, 100]
[137, 103]
[137, 173]
[141, 176]
[143, 109]
[145, 146]
[145, 111]
[145, 181]
[145, 180]
[146, 182]
[146, 181]
[148, 149]
[148, 114]
[148, 184]
[149, 150]
[149, 115]
[149, 185]
[149, 184]
[150, 116]
[150, 186]
[150, 185]
[152, 153]
[153, 154]
[153, 189]
[154, 189]
[156, 157]
[156, 192]
[157, 192]
[160, 196]
[160, 195]
[167, 168]
[167, 203]
[167, 202]
[168, 134]
[168, 204]
[168, 203]
[171, 137]
[173, 209]
[173, 208]
[176, 212]
[176, 211]
[180, 181]
[180, 146]
[180, 216]
[180, 215]
[181, 182]
[181, 216]
[182, 148]
[184, 185]
[184, 150]
[184, 219]
[185, 186]
[185, 221]
[186, 152]
[186, 222]
[186, 221]
[189, 225]
[189, 224]
[192, 228]
[194, 195]
[194, 160]
[194, 230]
[195, 196]
[195, 230]
[196, 197]
[199, 234]
[201, 202]
[201, 167]
[201, 237]
[201, 236]
[202, 203]
[202, 168]
[202, 237]
[203, 204]
[204, 205]
[205, 171]
[205, 241]
[208, 209]
[208, 243]
[210, 211]
[210, 176]
[211, 212]
[212, 213]
[213, 214]
[214, 215]
[214, 180]
[215, 216]
[215, 181]
[216, 182]
[219, 185]
[221, 222]
[222, 223]
[223, 224]
[223, 189]
[224, 225]
[228, 194]
[230, 196]
[236, 237]
[236, 202]
[237, 203]
[241, 242]
[242, 243]
[242, 208]
[243, 209]
