[1, 2]
[1, 37]
[1, 36]
[2, 3]
[2, 37]
[3, 4]
[8, 9]
[8, 44]
[9, 10]
[9, 45]
[9, 44]
[10, 11]
[10, 45]
[11, 12]
[12, 48]
[15, 50]
[21, 22]
[21, 57]
[21, 56]
[22, 23]
[22, 58]
[22, 57]
[23, 58]
[27, 62]
[29, 65]
[29, 64]
[31, 32]
[32, 68]
[35, 36]
[35, 1]
[36, 37]
[36, 2]
[37, 3]
[37, 73]
[41, 77]
[44, 45]
[44, 10]
[44, 80]
[44, 79]
[45, 11]
[45, 81]
[45, 80]
[48, 49]
[48, 84]
[48, 83]
[49, 50]
[49, 15]
[49, 84]
[50, 86]
[52, 88]
[52, 87]
[54, 89]
[56, 57]
[56, 22]
[56, 91]
[57, 58]
[57, 23]
[58, 94]
[62, 98]
[64, 65]
[64, 100]
[65, 31]
[65, 101]
[65, 100]
[68, 34]
[73, 74]
[73, 109]
[73, 108]
[74, 110]
[74, 109]
[77, 78]
[77, 113]
[77, 112]
[78, 79]
[78, 44]
[78, 114]
[78, 113]
[79, 80]
[79, 45]
[79, 114]
[80, 81]
[81, 117]
[83, 84]
[83, 49]
[83, 119]
[84, 50]
[84, 120]
[84, 119]
[86, 87]
[86, 52]
[86, 122]
[87, 88]
[87, 123]
[87, 122]
[88, 89]
[88, 54]
[88, 124]
[88, 123]
[89, 124]
[91, 57]
[94, 95]
[94, 129]
[95, 96]
[96, 62]
[98, 64]
[98, 133]
[100, 101]
[101, 137]
[105, 140]
[107, 108]
[107, 73]
[108, 109]
[108, 74]
[108, 144]
[109, 110]
[109, 144]
[110, 146]
[112, 113]
[112, 78]
[113, 114]
[113, 79]
[114, 80]
[117, 83]
[117, 153]
[119, 120]
[119, 155]
[119, 154]
[120, 86]
[120, 155]
[122, 123]
[122, 88]
[123, 124]
[123, 89]
[129, 95]
[129, 165]
[133, 169]
[137, 138]
[137, 173]
[137, 172]
[138, 173]
[140, 176]
[140, 175]
[144, 110]
[144, 180]
[144, 179]
[146, 112]
[146, 181]
[151, 117]
[151, 186]
[153, 154]
[153, 119]
[153, 189]
[154, 155]
[154, 120]
[154, 190]
[154, 189]
[155, 191]
[155, 190]
[165, 166]
[165, 201]
[165, 200]
[166, 167]
[166, 202]
[166, 201]
[167, 133]
[167, 203]
[167, 202]
[169, 170]
[169, 204]
[170, 171]
[170, 206]
[171, 172]
[171, 137]
[171, 206]
[172, 173]
[172, 138]
[173, 209]
[175, 176]
[175, 210]
[176, 177]
[177, 178]
[177, 213]
[178, 179]
[178, 144]
[178, 213]
[179, 180]
[179, 215]
[180, 181]
[180, 146]
[180, 215]
[183, 219]
[186, 221]
[189, 190]
[189, 155]
[189, 225]
[189, 224]
[190, 191]
[190, 225]
[193, 194]
[193, 229]
[193, 228]
[194, 195]
[194, 229]
[195, 161]
[195, 231]
[200, 201]
[200, 166]
[200, 235]
[201, 202]
[201, 167]
[201, 237]
[202, 203]
[202, 237]
[203, 204]
[203, 169]
[204, 170]
[204, 240]
[206, 172]
[206, 242]
[210, 176]
[213, 179]
[215, 181]
[224, 225]
[224, 190]
[225, 191]
[228, 229]
[228, 194]
[229, 195]
[231, 232]
[232, 198]
[235, 201]
[237, 203]
[240, 206]
