[4, 5]
[4, 39]
[5, 6]
[5, 41]
[6, 7]
[6, 42]
[6, 41]
[7, 43]
[7, 42]
[11, 12]
[11, 47]
[12, 13]
[12, 48]
[12, 47]
[13, 48]
[15, 16]
[16, 17]
[16, 52]
[17, 53]
[17, 52]
[21, 22]
[21, 57]
[22, 58]
[22, 57]
[26, 62]
[26, 61]
[29, 65]
[29, 64]
[33, 34]
[33, 69]
[34, 69]
[35, 71]
[35, 70]
[38, 39]
[38, 4]
[38, 73]
[39, 5]
[41, 42]
[41, 7]
[41, 77]
[41, 76]
[42, 43]
[42, 78]
[42, 77]
[43, 44]
[43, 78]
[44, 45]
[45, 11]
[45, 81]
[47, 48]
[47, 13]
[48, 84]
[52, 53]
[52, 88]
[52, 87]
[53, 54]
[53, 89]
[53, 88]
[54, 89]
[57, 58]
[57, 93]
[58, 93]
[61, 62]
[61, 97]
[62, 63]
[62, 97]
[63, 64]
[63, 29]
[63, 99]
[64, 65]
[64, 100]
[64, 99]
[65, 31]
[65, 100]
[70, 71]
[70, 105]
[71, 72]
[72, 73]
[72, 38]
[72, 108]
[73, 39]
[73, 109]
[73, 108]
[76, 77]
[76, 42]
[76, 111]
[77, 78]
[77, 43]
[78, 44]
[78, 114]
[81, 47]
[81, 117]
[84, 119]
[86, 87]
[86, 52]
[86, 122]
[86, 121]
[87, 88]
[87, 53]
[87, 123]
[87, 122]
[88, 89]
[88, 54]
[88, 123]
[89, 125]
[91, 57]
[91, 127]
[93, 129]
[93, 128]
[97, 63]
[97, 133]
[99, 100]
[99, 65]
[99, 135]
[99, 134]
[100, 135]
[102, 103]
[102, 137]
[103, 69]
[105, 71]
[105, 141]
[105, 140]
[108, 109]
[109, 110]
[110, 111]
[110, 76]
[110, 146]
[111, 77]
[111, 146]
[114, 150]
[117, 153]
[119, 154]
[121, 122]
[121, 87]
[121, 157]
[121, 156]
[122, 123]
[122, 88]
[122, 157]
[123, 89]
[123, 159]
[125, 91]
[125, 160]
[127, 128]
[127, 93]
[127, 162]
[128, 129]
[129, 130]
[130, 131]
[130, 166]
[131, 97]
[131, 166]
[133, 134]
[133, 99]
[133, 169]
[134, 135]
[134, 100]
[134, 169]
[135, 171]
[137, 103]
[137, 173]
[140, 141]
[140, 176]
[140, 175]
[141, 176]
[146, 181]
[148, 114]
[148, 183]
[150, 151]
[150, 185]
[151, 117]
[153, 154]
[153, 119]
[153, 188]
[154, 190]
[156, 157]
[156, 122]
[157, 123]
[157, 193]
[159, 160]
[159, 125]
[159, 194]
[162, 128]
[162, 198]
[162, 197]
[166, 202]
[166, 201]
[169, 135]
[169, 205]
[169, 204]
[171, 137]
[173, 209]
[175, 176]
[175, 141]
[175, 211]
[175, 210]
[176, 211]
[179, 214]
[181, 216]
[183, 219]
[183, 218]
[185, 151]
[185, 221]
[185, 220]
[188, 154]
[188, 224]
[190, 156]
[190, 225]
[193, 194]
[193, 159]
[193, 228]
[194, 160]
[197, 198]
[197, 232]
[198, 199]
[198, 234]
[199, 200]
[199, 234]
[200, 201]
[200, 166]
[200, 236]
[201, 202]
[201, 237]
[201, 236]
[202, 237]
[204, 205]
[204, 240]
[205, 171]
[205, 241]
[205, 240]
[209, 244]
[210, 211]
[210, 176]
[218, 219]
[219, 220]
[219, 185]
[220, 221]
[221, 222]
[222, 188]
[224, 225]
[224, 190]
[228, 194]
[231, 232]
[231, 197]
[232, 198]
[234, 200]
[236, 237]
[236, 202]
[240, 241]
[241, 242]
[242, 243]
[243, 244]
[243, 209]
