[1, 2]
[1, 36]
[2, 3]
[2, 38]
[3, 39]
[3, 38]
[8, 43]
[10, 11]
[10, 46]
[10, 45]
[11, 46]
[14, 15]
[14, 49]
[15, 16]
[15, 51]
[16, 52]
[16, 51]
[18, 19]
[18, 53]
[19, 20]
[19, 55]
[20, 21]
[20, 56]
[20, 55]
[21, 57]
[21, 56]
[25, 26]
[25, 60]
[26, 27]
[26, 62]
[27, 28]
[27, 62]
[28, 64]
[36, 2]
[38, 39]
[38, 74]
[39, 75]
[39, 74]
[42, 43]
[42, 8]
[42, 77]
[45, 46]
[45, 11]
[45, 81]
[46, 82]
[46, 81]
[49, 15]
[49, 84]
[51, 52]
[51, 87]
[52, 53]
[52, 18]
[52, 88]
[52, 87]
[53, 19]
[53, 88]
[55, 56]
[55, 21]
[56, 57]
[56, 92]
[57, 58]
[57, 93]
[57, 92]
[58, 93]
[60, 26]
[60, 95]
[62, 28]
[62, 98]
[67, 68]
[67, 102]
[68, 34]
[74, 75]
[74, 110]
[74, 109]
[75, 76]
[75, 110]
[76, 77]
[76, 42]
[76, 112]
[77, 43]
[77, 112]
[81, 82]
[84, 120]
[87, 88]
[87, 53]
[87, 123]
[87, 122]
[88, 124]
[88, 123]
[92, 93]
[92, 58]
[92, 128]
[93, 129]
[93, 128]
[95, 130]
[98, 64]
[102, 68]
[102, 138]
[105, 141]
[105, 140]
[108, 109]
[108, 74]
[108, 144]
[108, 143]
[109, 110]
[109, 75]
[109, 145]
[109, 144]
[110, 76]
[110, 145]
[112, 147]
[120, 156]
[122, 123]
[122, 88]
[122, 157]
[123, 124]
[123, 159]
[124, 160]
[124, 159]
[128, 129]
[128, 164]
[128, 163]
[129, 130]
[129, 95]
[129, 165]
[129, 164]
[130, 166]
[130, 165]
[132, 98]
[138, 174]
[140, 141]
[140, 176]
[140, 175]
[141, 142]
[141, 177]
[141, 176]
[142, 143]
[142, 108]
[142, 178]
[142, 177]
[143, 144]
[143, 109]
[143, 178]
[144, 145]
[144, 110]
[147, 183]
[147, 182]
[149, 150]
[149, 185]
[150, 151]
[150, 185]
[156, 157]
[156, 122]
[156, 192]
[157, 123]
[157, 192]
[159, 160]
[159, 194]
[160, 161]
[160, 196]
[161, 162]
[161, 197]
[161, 196]
[162, 163]
[162, 128]
[162, 198]
[162, 197]
[163, 164]
[163, 129]
[163, 199]
[163, 198]
[164, 165]
[164, 130]
[164, 199]
[165, 166]
[166, 132]
[169, 170]
[169, 204]
[170, 171]
[171, 172]
[171, 207]
[172, 138]
[172, 207]
[175, 176]
[175, 141]
[175, 211]
[176, 177]
[176, 142]
[176, 211]
[177, 178]
[177, 143]
[178, 144]
[182, 183]
[182, 217]
[183, 149]
[185, 151]
[185, 221]
[190, 156]
[192, 228]
[192, 227]
[194, 160]
[194, 229]
[196, 197]
[196, 162]
[197, 198]
[197, 163]
[198, 199]
[198, 164]
[198, 234]
[199, 165]
[199, 235]
[199, 234]
[204, 170]
[204, 240]
[204, 239]
[207, 243]
[211, 177]
[217, 183]
[221, 222]
[222, 188]
[227, 228]
[228, 229]
[228, 194]
[234, 235]
[239, 240]
