[1, 2]
[1, 36]
[2, 38]
[5, 40]
[8, 43]
[10, 11]
[11, 12]
[14, 15]
[14, 49]
[15, 16]
[15, 51]
[16, 17]
[16, 51]
[17, 53]
[19, 20]
[19, 54]
[20, 21]
[20, 56]
[21, 57]
[21, 56]
[23, 24]
[23, 59]
[24, 59]
[27, 62]
[29, 65]
[35, 36]
[35, 1]
[35, 70]
[36, 2]
[36, 72]
[38, 39]
[39, 40]
[39, 5]
[39, 75]
[40, 76]
[40, 75]
[43, 79]
[43, 78]
[49, 15]
[49, 85]
[51, 17]
[51, 86]
[53, 54]
[53, 19]
[54, 20]
[56, 57]
[56, 92]
[56, 91]
[57, 23]
[57, 93]
[57, 92]
[61, 62]
[61, 27]
[62, 98]
[65, 66]
[65, 100]
[66, 102]
[68, 69]
[68, 103]
[70, 36]
[70, 105]
[72, 38]
[72, 108]
[72, 107]
[75, 76]
[76, 112]
[78, 79]
[78, 113]
[79, 80]
[79, 115]
[80, 116]
[80, 115]
[83, 49]
[85, 86]
[85, 51]
[85, 121]
[86, 121]
[91, 92]
[91, 57]
[91, 126]
[92, 93]
[93, 59]
[98, 99]
[99, 100]
[99, 65]
[99, 135]
[100, 66]
[100, 135]
[102, 103]
[102, 68]
[103, 69]
[105, 140]
[107, 108]
[107, 142]
[112, 113]
[112, 78]
[113, 79]
[113, 149]
[115, 116]
[115, 151]
[116, 151]
[121, 156]
[126, 92]
[131, 167]
[135, 170]
[140, 176]
[140, 175]
[142, 108]
[142, 178]
[142, 177]
[145, 146]
[146, 112]
[149, 115]
[149, 185]
[149, 184]
[151, 187]
[151, 186]
[156, 192]
[156, 191]
[159, 195]
[165, 131]
[165, 200]
[167, 168]
[167, 203]
[167, 202]
[168, 204]
[168, 203]
[172, 207]
[175, 176]
[176, 177]
[176, 142]
[177, 178]
[178, 214]
[184, 185]
[184, 219]
[185, 186]
[185, 151]
[186, 187]
[186, 222]
[187, 188]
[187, 223]
[187, 222]
[188, 154]
[188, 223]
[191, 192]
[191, 227]
[191, 226]
[192, 193]
[192, 228]
[192, 227]
[193, 159]
[193, 228]
[195, 196]
[195, 230]
[198, 234]
[198, 233]
[202, 203]
[202, 168]
[202, 237]
[203, 204]
[204, 170]
[207, 242]
[214, 215]
[215, 216]
[216, 217]
[219, 185]
[222, 223]
[222, 188]
[225, 226]
[225, 191]
[226, 227]
[226, 192]
[227, 228]
[227, 193]
[230, 196]
[233, 234]
[234, 200]
[237, 203]
[241, 242]
[241, 207]
