[0, 1]
[0, 35]
[1, 37]
[3, 4]
[3, 39]
[4, 5]
[4, 39]
[5, 41]
[10, 46]
[10, 45]
[13, 48]
[15, 51]
[15, 50]
[17, 18]
[17, 53]
[17, 52]
[18, 53]
[20, 21]
[20, 56]
[21, 56]
[23, 24]
[23, 59]
[23, 58]
[24, 25]
[24, 60]
[24, 59]
[25, 26]
[25, 61]
[25, 60]
[26, 27]
[26, 62]
[26, 61]
[27, 63]
[27, 62]
[33, 69]
[33, 68]
[35, 1]
[35, 71]
[35, 70]
[37, 3]
[39, 5]
[39, 74]
[41, 77]
[41, 76]
[43, 44]
[43, 79]
[43, 78]
[44, 45]
[44, 10]
[44, 79]
[45, 46]
[45, 81]
[46, 82]
[46, 81]
[48, 83]
[50, 51]
[50, 86]
[50, 85]
[51, 52]
[51, 17]
[51, 86]
[52, 53]
[52, 18]
[52, 88]
[53, 88]
[56, 92]
[58, 59]
[58, 24]
[58, 94]
[59, 60]
[59, 25]
[59, 94]
[60, 61]
[60, 26]
[61, 62]
[61, 27]
[61, 97]
[62, 63]
[62, 97]
[63, 99]
[65, 31]
[65, 100]
[68, 69]
[70, 71]
[70, 106]
[71, 37]
[71, 107]
[71, 106]
[74, 110]
[74, 109]
[76, 77]
[76, 112]
[76, 111]
[77, 78]
[77, 43]
[77, 113]
[77, 112]
[78, 79]
[78, 44]
[78, 113]
[79, 45]
[79, 115]
[81, 82]
[81, 117]
[81, 116]
[82, 83]
[82, 48]
[82, 118]
[82, 117]
[83, 119]
[83, 118]
[85, 86]
[85, 51]
[86, 52]
[86, 122]
[88, 123]
[90, 56]
[90, 126]
[92, 58]
[92, 127]
[94, 60]
[94, 130]
[94, 129]
[97, 63]
[97, 133]
[99, 100]
[99, 65]
[99, 135]
[99, 134]
[100, 135]
[106, 107]
[106, 142]
[106, 141]
[107, 108]
[107, 143]
[107, 142]
[108, 109]
[108, 74]
[108, 144]
[108, 143]
[109, 110]
[109, 144]
[110, 111]
[110, 76]
[110, 146]
[111, 112]
[111, 77]
[111, 146]
[112, 113]
[112, 78]
[112, 148]
[113, 79]
[113, 148]
[115, 116]
[115, 81]
[115, 150]
[116, 117]
[116, 82]
[116, 152]
[117, 118]
[117, 83]
[117, 153]
[117, 152]
[118, 119]
[118, 154]
[118, 153]
[119, 85]
[119, 155]
[119, 154]
[122, 123]
[122, 88]
[122, 158]
[123, 158]
[126, 127]
[126, 92]
[126, 162]
[127, 163]
[127, 162]
[129, 130]
[129, 165]
[130, 131]
[130, 166]
[130, 165]
[131, 97]
[131, 167]
[131, 166]
[133, 134]
[133, 99]
[133, 169]
[133, 168]
[134, 135]
[134, 100]
[134, 170]
[134, 169]
[135, 171]
[135, 170]
[137, 138]
[137, 173]
[138, 139]
[138, 174]
[138, 173]
[139, 174]
[141, 142]
[141, 107]
[141, 177]
[142, 143]
[142, 108]
[142, 178]
[142, 177]
[143, 144]
[143, 109]
[143, 178]
[144, 110]
[144, 180]
[146, 112]
[146, 181]
[148, 184]
[148, 183]
[150, 116]
[150, 186]
[150, 185]
[152, 153]
[152, 118]
[152, 188]
[152, 187]
[153, 154]
[153, 119]
[153, 189]
[153, 188]
[154, 155]
[154, 189]
[155, 156]
[156, 122]
[156, 192]
[158, 194]
[158, 193]
[160, 126]
[162, 163]
[163, 129]
[165, 166]
[165, 131]
[166, 167]
[167, 168]
[167, 133]
[167, 203]
[168, 169]
[168, 134]
[168, 204]
[168, 203]
[169, 170]
[169, 135]
[169, 204]
[170, 171]
[170, 206]
[171, 137]
[171, 207]
[171, 206]
[173, 174]
[173, 139]
[173, 209]
[173, 208]
[174, 209]
[177, 178]
[177, 143]
[177, 213]
[177, 212]
[178, 144]
[178, 213]
[180, 181]
[180, 146]
[180, 216]
[180, 215]
[181, 216]
[183, 184]
[183, 218]
[184, 185]
[184, 150]
[185, 186]
[185, 221]
[186, 187]
[186, 152]
[186, 221]
[187, 188]
[187, 153]
[187, 223]
[188, 189]
[188, 154]
[188, 223]
[189, 155]
[189, 225]
[192, 193]
[192, 158]
[192, 228]
[193, 194]
[193, 229]
[193, 228]
[194, 160]
[194, 229]
[203, 204]
[203, 169]
[203, 239]
[203, 238]
[204, 170]
[204, 239]
[206, 207]
[206, 242]
[207, 208]
[207, 173]
[207, 242]
[208, 209]
[208, 174]
[208, 244]
[209, 244]
[210, 211]
[211, 212]
[211, 177]
[212, 213]
[212, 178]
[215, 216]
[215, 181]
[218, 184]
[221, 187]
[223, 189]
[228, 229]
[228, 194]
[233, 234]
[236, 237]
[237, 238]
[237, 203]
[238, 239]
[238, 204]
[242, 208]
