[1, 37]
[1, 36]
[4, 40]
[4, 39]
[6, 42]
[6, 41]
[15, 51]
[17, 18]
[17, 52]
[18, 54]
[26, 62]
[28, 29]
[28, 64]
[29, 30]
[29, 65]
[29, 64]
[30, 65]
[33, 34]
[33, 68]
[35, 36]
[35, 1]
[35, 71]
[36, 37]
[36, 72]
[36, 71]
[37, 73]
[37, 72]
[39, 40]
[39, 75]
[40, 41]
[40, 6]
[40, 75]
[41, 42]
[41, 77]
[42, 77]
[45, 81]
[45, 80]
[47, 13]
[51, 52]
[51, 17]
[52, 18]
[52, 88]
[54, 20]
[54, 90]
[62, 28]
[62, 97]
[64, 65]
[64, 30]
[64, 99]
[65, 101]
[67, 68]
[67, 33]
[67, 103]
[67, 102]
[68, 34]
[68, 103]
[71, 72]
[71, 37]
[71, 107]
[71, 106]
[72, 73]
[72, 108]
[72, 107]
[73, 39]
[73, 109]
[73, 108]
[75, 41]
[75, 111]
[75, 110]
[80, 81]
[81, 47]
[81, 117]
[85, 51]
[85, 120]
[88, 54]
[88, 123]
[93, 94]
[93, 128]
[94, 95]
[94, 130]
[95, 96]
[95, 130]
[96, 97]
[96, 62]
[96, 132]
[97, 132]
[99, 65]
[99, 135]
[101, 102]
[101, 67]
[101, 137]
[102, 103]
[102, 68]
[102, 138]
[102, 137]
[103, 139]
[103, 138]
[106, 107]
[106, 72]
[106, 142]
[107, 108]
[107, 73]
[107, 142]
[108, 109]
[109, 110]
[109, 75]
[110, 111]
[110, 146]
[111, 77]
[111, 146]
[114, 80]
[114, 149]
[117, 118]
[117, 153]
[118, 154]
[118, 153]
[122, 123]
[122, 88]
[122, 158]
[122, 157]
[123, 158]
[128, 94]
[128, 164]
[128, 163]
[130, 96]
[130, 166]
[130, 165]
[135, 101]
[135, 170]
[137, 138]
[137, 103]
[137, 172]
[138, 139]
[138, 174]
[139, 174]
[140, 106]
[140, 176]
[140, 175]
[142, 108]
[148, 149]
[148, 114]
[148, 183]
[149, 185]
[153, 154]
[154, 120]
[157, 158]
[157, 123]
[160, 195]
[163, 164]
[164, 165]
[164, 130]
[165, 166]
[165, 201]
[166, 132]
[166, 202]
[166, 201]
[169, 170]
[169, 135]
[172, 138]
[175, 176]
[175, 210]
[176, 142]
[176, 212]
[183, 149]
[185, 221]
[185, 220]
[187, 153]
[187, 222]
[201, 202]
[201, 237]
[202, 203]
[202, 238]
[202, 237]
[203, 169]
[203, 238]
[210, 176]
[220, 221]
[221, 222]
[221, 187]
[237, 238]
[237, 203]
[241, 242]
