[2, 3]
[2, 37]
[3, 4]
[3, 39]
[4, 5]
[4, 40]
[4, 39]
[5, 6]
[5, 41]
[5, 40]
[6, 41]
[8, 9]
[9, 10]
[9, 45]
[10, 11]
[10, 45]
[11, 47]
[13, 48]
[15, 16]
[15, 50]
[21, 22]
[22, 58]
[25, 26]
[25, 61]
[25, 60]
[26, 27]
[26, 61]
[27, 63]
[29, 30]
[29, 65]
[29, 64]
[30, 31]
[30, 65]
[31, 67]
[37, 3]
[37, 73]
[37, 72]
[39, 40]
[39, 5]
[39, 74]
[40, 41]
[40, 6]
[41, 77]
[45, 11]
[45, 80]
[47, 48]
[47, 13]
[47, 82]
[48, 84]
[50, 16]
[50, 85]
[55, 21]
[58, 93]
[60, 61]
[60, 26]
[60, 96]
[60, 95]
[61, 27]
[61, 96]
[63, 64]
[63, 29]
[63, 98]
[64, 65]
[64, 30]
[65, 31]
[65, 101]
[67, 68]
[67, 103]
[67, 102]
[68, 34]
[68, 104]
[68, 103]
[70, 71]
[70, 106]
[71, 72]
[71, 37]
[71, 106]
[72, 73]
[72, 108]
[73, 74]
[73, 39]
[73, 109]
[73, 108]
[74, 40]
[74, 110]
[74, 109]
[77, 78]
[77, 112]
[80, 116]
[82, 48]
[82, 118]
[82, 117]
[84, 85]
[84, 50]
[84, 120]
[84, 119]
[85, 121]
[85, 120]
[87, 88]
[92, 93]
[92, 58]
[92, 128]
[92, 127]
[93, 129]
[93, 128]
[95, 96]
[95, 61]
[95, 130]
[96, 132]
[98, 64]
[101, 102]
[101, 67]
[101, 137]
[101, 136]
[102, 103]
[102, 68]
[102, 138]
[102, 137]
[103, 104]
[103, 138]
[106, 72]
[106, 141]
[108, 109]
[108, 74]
[108, 144]
[108, 143]
[109, 110]
[109, 145]
[109, 144]
[110, 111]
[110, 145]
[111, 112]
[111, 77]
[111, 147]
[112, 78]
[112, 148]
[112, 147]
[116, 117]
[116, 82]
[117, 118]
[117, 153]
[118, 119]
[118, 84]
[118, 153]
[119, 120]
[119, 85]
[120, 121]
[121, 87]
[121, 157]
[125, 160]
[127, 128]
[127, 93]
[127, 163]
[127, 162]
[128, 129]
[128, 163]
[129, 130]
[129, 95]
[129, 165]
[130, 96]
[130, 166]
[130, 165]
[132, 98]
[132, 167]
[136, 137]
[136, 102]
[136, 171]
[137, 138]
[137, 103]
[137, 173]
[138, 104]
[138, 173]
[140, 141]
[140, 106]
[140, 176]
[141, 176]
[143, 144]
[143, 109]
[143, 179]
[143, 178]
[144, 145]
[144, 110]
[144, 180]
[144, 179]
[145, 111]
[145, 180]
[147, 148]
[147, 182]
[148, 184]
[153, 119]
[157, 158]
[157, 193]
[157, 192]
[158, 194]
[158, 193]
[160, 196]
[160, 195]
[162, 163]
[162, 128]
[162, 198]
[162, 197]
[163, 129]
[163, 199]
[163, 198]
[165, 166]
[165, 201]
[166, 167]
[166, 132]
[166, 202]
[166, 201]
[167, 202]
[170, 171]
[170, 136]
[170, 206]
[170, 205]
[171, 137]
[171, 206]
[176, 211]
[178, 179]
[178, 144]
[178, 213]
[179, 180]
[179, 145]
[180, 216]
[182, 148]
[182, 218]
[182, 217]
[184, 185]
[184, 220]
[185, 186]
[185, 221]
[185, 220]
[186, 187]
[186, 222]
[186, 221]
[187, 153]
[187, 222]
[191, 192]
[191, 157]
[191, 226]
[192, 193]
[192, 158]
[193, 194]
[194, 195]
[194, 160]
[194, 230]
[195, 196]
[195, 231]
[195, 230]
[196, 197]
[196, 162]
[196, 232]
[196, 231]
[197, 198]
[197, 163]
[197, 233]
[197, 232]
[198, 199]
[198, 234]
[198, 233]
[199, 165]
[199, 235]
[199, 234]
[201, 202]
[201, 167]
[201, 237]
[202, 237]
[205, 206]
[205, 171]
[205, 241]
[206, 242]
[206, 241]
[210, 211]
[210, 176]
[213, 179]
[216, 217]
[216, 182]
[217, 218]
[218, 184]
[220, 221]
[220, 186]
[221, 222]
[221, 187]
[224, 225]
[225, 226]
[225, 191]
[226, 192]
[230, 231]
[230, 196]
[231, 232]
[231, 197]
[232, 233]
[232, 198]
[233, 234]
[233, 199]
[234, 235]
[235, 201]
[239, 205]
[241, 242]
