[1, 37]
[1, 36]
[4, 5]
[4, 39]
[5, 6]
[5, 41]
[6, 7]
[6, 42]
[6, 41]
[7, 43]
[7, 42]
[13, 14]
[13, 49]
[14, 15]
[14, 49]
[15, 51]
[17, 52]
[19, 54]
[22, 57]
[24, 25]
[24, 59]
[25, 26]
[25, 61]
[26, 27]
[26, 62]
[26, 61]
[27, 28]
[27, 63]
[27, 62]
[28, 64]
[28, 63]
[33, 34]
[35, 36]
[35, 1]
[35, 70]
[36, 37]
[36, 72]
[37, 73]
[37, 72]
[39, 5]
[39, 74]
[41, 42]
[41, 7]
[41, 76]
[42, 43]
[42, 78]
[43, 44]
[43, 79]
[43, 78]
[44, 80]
[44, 79]
[46, 47]
[46, 82]
[46, 81]
[47, 13]
[47, 82]
[49, 15]
[51, 52]
[51, 17]
[51, 86]
[52, 88]
[54, 89]
[57, 93]
[57, 92]
[59, 25]
[59, 94]
[61, 62]
[61, 27]
[61, 96]
[62, 63]
[62, 28]
[62, 98]
[63, 64]
[63, 99]
[63, 98]
[64, 65]
[64, 100]
[64, 99]
[65, 101]
[65, 100]
[67, 33]
[70, 36]
[72, 73]
[72, 107]
[73, 74]
[73, 39]
[73, 109]
[74, 109]
[76, 42]
[78, 79]
[78, 44]
[78, 114]
[78, 113]
[79, 80]
[79, 115]
[79, 114]
[80, 81]
[80, 46]
[80, 115]
[81, 82]
[81, 47]
[86, 52]
[86, 122]
[88, 89]
[88, 54]
[92, 93]
[92, 128]
[93, 94]
[93, 59]
[93, 128]
[96, 62]
[96, 132]
[96, 131]
[98, 99]
[98, 64]
[98, 133]
[99, 100]
[99, 65]
[99, 135]
[100, 101]
[100, 136]
[100, 135]
[101, 67]
[101, 137]
[101, 136]
[107, 73]
[107, 142]
[109, 145]
[113, 114]
[113, 79]
[114, 115]
[114, 80]
[114, 150]
[115, 81]
[115, 150]
[119, 154]
[122, 88]
[122, 158]
[128, 94]
[131, 132]
[131, 167]
[131, 166]
[132, 133]
[132, 98]
[132, 167]
[133, 99]
[133, 169]
[135, 136]
[135, 101]
[135, 170]
[136, 137]
[136, 172]
[137, 172]
[141, 142]
[141, 107]
[141, 176]
[142, 178]
[145, 146]
[145, 181]
[146, 147]
[146, 181]
[147, 113]
[150, 185]
[152, 153]
[153, 154]
[153, 119]
[154, 190]
[156, 122]
[156, 192]
[156, 191]
[158, 159]
[159, 195]
[161, 197]
[161, 196]
[165, 166]
[165, 131]
[165, 200]
[166, 167]
[166, 132]
[167, 133]
[169, 170]
[169, 135]
[170, 136]
[170, 206]
[172, 207]
[176, 142]
[176, 212]
[176, 211]
[178, 179]
[178, 213]
[179, 145]
[181, 147]
[181, 217]
[185, 221]
[185, 220]
[190, 191]
[190, 156]
[190, 225]
[191, 192]
[192, 158]
[195, 196]
[195, 161]
[195, 231]
[195, 230]
[196, 197]
[196, 231]
[197, 233]
[199, 200]
[199, 165]
[199, 235]
[199, 234]
[200, 166]
[200, 235]
[206, 207]
[206, 172]
[206, 242]
[207, 243]
[207, 242]
[210, 211]
[210, 176]
[211, 212]
[212, 213]
[212, 178]
[213, 179]
[219, 220]
[219, 185]
[220, 221]
[221, 222]
[225, 191]
[230, 231]
[230, 196]
[231, 197]
[233, 234]
[233, 199]
[234, 235]
[234, 200]
[238, 239]
[239, 240]
[240, 206]
[242, 243]
[243, 244]
