[0, 36]
[0, 35]
[4, 40]
[8, 44]
[8, 43]
[15, 50]
[18, 19]
[18, 53]
[19, 20]
[19, 55]
[20, 56]
[20, 55]
[22, 23]
[22, 57]
[23, 24]
[23, 59]
[24, 60]
[24, 59]
[26, 27]
[32, 33]
[35, 36]
[35, 71]
[36, 37]
[36, 72]
[36, 71]
[37, 38]
[37, 73]
[37, 72]
[38, 4]
[38, 73]
[40, 76]
[40, 75]
[43, 44]
[53, 19]
[53, 89]
[53, 88]
[55, 56]
[55, 90]
[56, 57]
[56, 22]
[57, 23]
[57, 93]
[59, 60]
[59, 95]
[59, 94]
[60, 26]
[60, 96]
[60, 95]
[71, 72]
[71, 37]
[71, 107]
[72, 73]
[72, 38]
[72, 107]
[73, 109]
[75, 76]
[75, 111]
[76, 112]
[76, 111]
[88, 89]
[88, 123]
[89, 90]
[89, 55]
[89, 125]
[90, 56]
[90, 125]
[93, 94]
[93, 59]
[93, 129]
[94, 95]
[94, 60]
[94, 129]
[95, 96]
[104, 139]
[107, 73]
[107, 143]
[109, 75]
[109, 145]
[109, 144]
[111, 112]
[112, 148]
[118, 119]
[118, 153]
[122, 123]
[122, 88]
[123, 89]
[123, 159]
[125, 160]
[129, 95]
[137, 138]
[137, 173]
[138, 139]
[138, 104]
[138, 174]
[138, 173]
[139, 174]
[143, 144]
[143, 109]
[143, 178]
[144, 145]
[144, 180]
[145, 111]
[145, 180]
[148, 149]
[152, 153]
[152, 118]
[152, 188]
[153, 119]
[153, 189]
[153, 188]
[156, 122]
[156, 192]
[159, 160]
[159, 125]
[159, 195]
[159, 194]
[160, 195]
[163, 129]
[163, 199]
[163, 198]
[166, 167]
[169, 170]
[170, 206]
[173, 174]
[173, 139]
[173, 208]
[178, 144]
[178, 213]
[182, 148]
[182, 218]
[188, 189]
[188, 223]
[189, 190]
[189, 225]
[190, 156]
[190, 225]
[192, 193]
[193, 194]
[193, 159]
[194, 195]
[194, 160]
[195, 231]
[198, 199]
[198, 234]
[199, 200]
[199, 235]
[199, 234]
[200, 166]
[200, 235]
[208, 174]
[208, 244]
[208, 243]
[223, 189]
[234, 235]
[234, 200]
[239, 240]
[240, 206]
[243, 244]
