[0, 1]
[0, 35]
[1, 2]
[1, 37]
[2, 3]
[2, 37]
[3, 4]
[3, 39]
[4, 40]
[4, 39]
[8, 9]
[11, 12]
[11, 47]
[12, 48]
[12, 47]
[14, 15]
[14, 49]
[18, 19]
[18, 54]
[19, 54]
[23, 24]
[23, 59]
[23, 58]
[24, 25]
[24, 59]
[25, 26]
[25, 61]
[26, 27]
[26, 61]
[27, 28]
[27, 63]
[28, 29]
[28, 63]
[29, 30]
[32, 33]
[32, 68]
[33, 69]
[33, 68]
[35, 1]
[35, 71]
[37, 3]
[37, 72]
[39, 40]
[39, 75]
[40, 41]
[40, 75]
[47, 48]
[47, 82]
[48, 49]
[48, 14]
[49, 15]
[54, 89]
[58, 59]
[58, 24]
[58, 94]
[59, 25]
[59, 95]
[59, 94]
[61, 27]
[63, 29]
[63, 99]
[63, 98]
[68, 69]
[68, 104]
[69, 104]
[71, 72]
[71, 37]
[71, 106]
[72, 108]
[75, 41]
[75, 111]
[81, 82]
[81, 47]
[82, 48]
[82, 118]
[87, 88]
[87, 123]
[87, 122]
[88, 89]
[88, 54]
[88, 124]
[88, 123]
[89, 124]
[91, 126]
[94, 95]
[94, 129]
[95, 61]
[98, 99]
[98, 134]
[98, 133]
[99, 134]
[102, 68]
[106, 72]
[106, 142]
[108, 109]
[108, 144]
[108, 143]
[109, 75]
[109, 145]
[109, 144]
[111, 146]
[113, 149]
[118, 119]
[121, 122]
[121, 87]
[121, 157]
[121, 156]
[122, 123]
[122, 88]
[122, 157]
[123, 124]
[123, 89]
[123, 159]
[124, 160]
[124, 159]
[129, 95]
[129, 164]
[133, 134]
[133, 99]
[133, 168]
[134, 170]
[136, 102]
[136, 172]
[136, 171]
[142, 143]
[142, 108]
[142, 177]
[143, 144]
[143, 109]
[143, 179]
[144, 145]
[144, 180]
[144, 179]
[145, 146]
[145, 111]
[145, 181]
[145, 180]
[146, 181]
[149, 150]
[149, 184]
[156, 157]
[156, 122]
[157, 123]
[157, 193]
[159, 160]
[159, 194]
[160, 126]
[164, 199]
[167, 168]
[167, 133]
[168, 134]
[168, 204]
[170, 171]
[170, 136]
[170, 205]
[171, 172]
[172, 173]
[176, 177]
[176, 142]
[176, 212]
[176, 211]
[177, 143]
[177, 212]
[179, 180]
[179, 145]
[179, 215]
[179, 214]
[180, 181]
[180, 146]
[180, 215]
[184, 150]
[188, 189]
[188, 224]
[188, 223]
[189, 190]
[189, 225]
[189, 224]
[190, 156]
[190, 225]
[193, 194]
[193, 159]
[194, 160]
[194, 230]
[197, 198]
[197, 233]
[198, 199]
[198, 164]
[198, 233]
[204, 205]
[204, 170]
[204, 240]
[204, 239]
[205, 171]
[205, 241]
[205, 240]
[211, 212]
[211, 177]
[214, 215]
[214, 180]
[215, 181]
[218, 184]
[223, 224]
[223, 189]
[224, 225]
[224, 190]
[233, 199]
[236, 237]
[237, 238]
[238, 239]
[238, 204]
[239, 240]
[239, 205]
[240, 241]
[241, 242]
[242, 243]
[243, 244]
