[6, 7]
[6, 42]
[7, 42]
[10, 46]
[12, 13]
[12, 47]
[13, 14]
[14, 50]
[16, 52]
[42, 78]
[44, 10]
[44, 80]
[44, 79]
[46, 47]
[46, 12]
[46, 81]
[47, 13]
[47, 83]
[50, 16]
[50, 86]
[50, 85]
[52, 88]
[52, 87]
[59, 60]
[59, 95]
[59, 94]
[60, 61]
[60, 95]
[68, 69]
[68, 103]
[70, 71]
[70, 106]
[71, 72]
[71, 106]
[72, 73]
[73, 74]
[73, 109]
[74, 110]
[74, 109]
[78, 79]
[78, 44]
[78, 113]
[79, 80]
[79, 115]
[80, 81]
[80, 46]
[80, 115]
[81, 47]
[83, 119]
[85, 86]
[85, 121]
[86, 87]
[86, 52]
[86, 122]
[86, 121]
[87, 88]
[87, 123]
[87, 122]
[88, 123]
[94, 95]
[94, 60]
[94, 130]
[95, 61]
[95, 130]
[98, 99]
[98, 134]
[99, 134]
[103, 69]
[103, 138]
[106, 72]
[106, 141]
[109, 110]
[109, 145]
[110, 146]
[110, 145]
[112, 113]
[112, 78]
[113, 79]
[113, 149]
[115, 81]
[115, 151]
[119, 85]
[119, 155]
[119, 154]
[121, 122]
[121, 87]
[122, 123]
[122, 88]
[122, 158]
[123, 159]
[123, 158]
[128, 94]
[130, 165]
[134, 170]
[134, 169]
[136, 137]
[136, 172]
[136, 171]
[137, 138]
[137, 103]
[137, 173]
[137, 172]
[138, 174]
[138, 173]
[141, 177]
[145, 146]
[145, 180]
[146, 112]
[146, 182]
[149, 115]
[151, 187]
[153, 154]
[153, 119]
[153, 188]
[154, 155]
[155, 121]
[155, 191]
[158, 159]
[158, 193]
[159, 125]
[162, 128]
[162, 198]
[169, 170]
[169, 205]
[169, 204]
[170, 171]
[170, 136]
[170, 206]
[170, 205]
[171, 172]
[171, 137]
[171, 206]
[172, 173]
[172, 138]
[172, 208]
[173, 174]
[173, 208]
[180, 146]
[180, 216]
[182, 183]
[183, 149]
[187, 188]
[187, 153]
[187, 223]
[188, 154]
[188, 223]
[191, 227]
[191, 226]
[193, 159]
[193, 229]
[198, 234]
[202, 203]
[203, 204]
[203, 169]
[204, 205]
[204, 170]
[205, 206]
[205, 171]
[205, 241]
[206, 172]
[206, 242]
[206, 241]
[208, 174]
[208, 243]
[211, 177]
[216, 182]
[220, 221]
[221, 187]
[226, 227]
[227, 193]
[229, 230]
[230, 231]
[231, 232]
[232, 198]
[234, 235]
[235, 236]
[236, 202]
[241, 242]
[242, 243]
[242, 208]
