[2, 3]
[2, 38]
[3, 4]
[3, 39]
[3, 38]
[4, 39]
[6, 7]
[6, 42]
[7, 8]
[7, 43]
[7, 42]
[8, 9]
[8, 44]
[8, 43]
[9, 45]
[9, 44]
[11, 12]
[11, 46]
[23, 58]
[25, 26]
[25, 61]
[26, 61]
[28, 64]
[28, 63]
[30, 31]
[30, 66]
[31, 67]
[31, 66]
[38, 39]
[38, 4]
[38, 74]
[38, 73]
[39, 75]
[39, 74]
[42, 43]
[42, 8]
[43, 44]
[43, 9]
[44, 45]
[44, 80]
[45, 46]
[45, 11]
[45, 80]
[46, 12]
[53, 54]
[54, 55]
[54, 90]
[55, 56]
[55, 90]
[56, 57]
[56, 92]
[57, 58]
[57, 23]
[57, 92]
[58, 94]
[61, 97]
[63, 64]
[63, 99]
[64, 30]
[64, 99]
[66, 67]
[71, 72]
[71, 107]
[71, 106]
[72, 73]
[72, 38]
[72, 107]
[73, 74]
[73, 39]
[73, 109]
[74, 75]
[74, 109]
[75, 76]
[76, 42]
[80, 46]
[80, 116]
[84, 50]
[84, 120]
[90, 56]
[90, 126]
[92, 58]
[92, 128]
[92, 127]
[94, 130]
[97, 63]
[97, 133]
[97, 132]
[99, 135]
[104, 139]
[106, 107]
[106, 72]
[107, 73]
[107, 143]
[109, 75]
[109, 145]
[116, 117]
[117, 153]
[120, 156]
[123, 158]
[126, 127]
[126, 92]
[127, 128]
[128, 94]
[130, 131]
[130, 165]
[131, 132]
[131, 97]
[132, 133]
[132, 168]
[133, 99]
[133, 168]
[135, 136]
[135, 171]
[135, 170]
[136, 171]
[138, 139]
[138, 104]
[143, 109]
[143, 179]
[145, 146]
[146, 147]
[146, 182]
[147, 183]
[147, 182]
[150, 116]
[150, 185]
[153, 154]
[153, 188]
[154, 120]
[156, 157]
[157, 158]
[157, 123]
[158, 194]
[160, 126]
[160, 196]
[165, 131]
[168, 204]
[168, 203]
[170, 171]
[170, 136]
[170, 206]
[171, 206]
[175, 176]
[175, 210]
[179, 145]
[179, 215]
[179, 214]
[182, 183]
[183, 184]
[184, 185]
[184, 150]
[187, 188]
[187, 153]
[187, 223]
[188, 154]
[188, 224]
[188, 223]
[194, 160]
[194, 230]
[194, 229]
[196, 232]
[198, 199]
[198, 234]
[199, 165]
[199, 235]
[199, 234]
[203, 204]
[203, 239]
[203, 238]
[204, 170]
[204, 239]
[206, 241]
[208, 209]
[208, 243]
[210, 176]
[214, 215]
[215, 216]
[216, 182]
[223, 224]
[224, 225]
[225, 226]
[226, 227]
[229, 230]
[230, 196]
[232, 198]
[234, 235]
[235, 236]
[238, 239]
[238, 204]
[243, 209]
