[2, 3]
[2, 38]
[3, 4]
[3, 38]
[4, 5]
[4, 40]
[5, 6]
[5, 41]
[5, 40]
[6, 7]
[6, 42]
[6, 41]
[7, 42]
[9, 44]
[12, 13]
[12, 48]
[13, 49]
[13, 48]
[17, 18]
[17, 52]
[18, 19]
[18, 54]
[19, 54]
[21, 22]
[21, 57]
[22, 58]
[22, 57]
[24, 25]
[25, 61]
[28, 29]
[28, 64]
[29, 30]
[29, 65]
[29, 64]
[30, 66]
[30, 65]
[35, 71]
[38, 4]
[38, 73]
[40, 41]
[40, 6]
[40, 76]
[41, 42]
[41, 7]
[41, 77]
[41, 76]
[42, 78]
[42, 77]
[44, 79]
[46, 12]
[46, 81]
[48, 49]
[48, 84]
[48, 83]
[49, 50]
[49, 85]
[49, 84]
[50, 86]
[50, 85]
[52, 18]
[54, 90]
[54, 89]
[57, 58]
[57, 92]
[58, 24]
[58, 94]
[61, 62]
[61, 96]
[62, 28]
[64, 65]
[64, 30]
[64, 100]
[64, 99]
[65, 66]
[65, 101]
[65, 100]
[66, 67]
[66, 102]
[66, 101]
[67, 33]
[67, 102]
[71, 72]
[71, 107]
[71, 106]
[72, 73]
[72, 38]
[72, 107]
[76, 77]
[76, 42]
[76, 112]
[76, 111]
[77, 78]
[77, 113]
[77, 112]
[78, 79]
[78, 44]
[78, 113]
[81, 117]
[81, 116]
[83, 84]
[83, 49]
[83, 118]
[84, 85]
[84, 50]
[84, 120]
[85, 86]
[85, 120]
[86, 52]
[86, 122]
[89, 90]
[90, 126]
[92, 58]
[92, 128]
[94, 95]
[94, 130]
[94, 129]
[95, 96]
[95, 61]
[95, 131]
[95, 130]
[96, 62]
[96, 132]
[96, 131]
[99, 100]
[99, 65]
[99, 135]
[100, 101]
[100, 66]
[100, 135]
[101, 102]
[101, 67]
[101, 137]
[102, 138]
[102, 137]
[105, 106]
[105, 71]
[106, 107]
[106, 72]
[106, 142]
[107, 73]
[107, 142]
[110, 111]
[110, 76]
[110, 145]
[111, 112]
[111, 77]
[111, 147]
[112, 113]
[112, 78]
[112, 148]
[112, 147]
[113, 79]
[113, 148]
[116, 117]
[116, 152]
[116, 151]
[117, 118]
[117, 83]
[117, 153]
[117, 152]
[118, 84]
[118, 154]
[118, 153]
[120, 86]
[120, 156]
[120, 155]
[122, 123]
[122, 158]
[122, 157]
[123, 89]
[123, 158]
[126, 92]
[126, 162]
[126, 161]
[128, 129]
[128, 94]
[129, 130]
[129, 95]
[129, 165]
[130, 131]
[130, 96]
[130, 166]
[130, 165]
[131, 132]
[131, 166]
[132, 133]
[133, 99]
[133, 169]
[135, 101]
[135, 171]
[135, 170]
[137, 138]
[137, 173]
[137, 172]
[138, 139]
[138, 173]
[142, 178]
[142, 177]
[145, 111]
[145, 181]
[147, 148]
[147, 113]
[150, 151]
[150, 116]
[150, 186]
[151, 152]
[151, 117]
[151, 186]
[152, 153]
[152, 118]
[152, 188]
[153, 154]
[153, 189]
[153, 188]
[154, 155]
[154, 120]
[154, 190]
[154, 189]
[155, 156]
[155, 191]
[155, 190]
[156, 157]
[156, 122]
[156, 192]
[156, 191]
[157, 158]
[157, 123]
[157, 193]
[157, 192]
[158, 194]
[158, 193]
[160, 161]
[160, 126]
[160, 196]
[160, 195]
[161, 162]
[161, 197]
[161, 196]
[162, 128]
[162, 197]
[165, 166]
[165, 131]
[165, 201]
[166, 132]
[166, 201]
[169, 170]
[169, 135]
[169, 204]
[170, 171]
[171, 172]
[171, 137]
[171, 207]
[172, 173]
[172, 138]
[172, 207]
[173, 139]
[175, 176]
[176, 177]
[176, 142]
[176, 212]
[177, 178]
[177, 212]
[181, 147]
[181, 217]
[181, 216]
[186, 152]
[188, 189]
[188, 154]
[189, 190]
[189, 155]
[189, 225]
[190, 191]
[190, 156]
[190, 225]
[191, 192]
[191, 157]
[191, 227]
[192, 193]
[192, 158]
[192, 227]
[193, 194]
[193, 229]
[194, 195]
[194, 160]
[194, 230]
[194, 229]
[195, 196]
[195, 161]
[195, 231]
[195, 230]
[196, 197]
[196, 162]
[196, 232]
[196, 231]
[197, 233]
[197, 232]
[203, 204]
[203, 169]
[204, 170]
[204, 240]
[207, 173]
[207, 242]
[212, 178]
[215, 216]
[215, 181]
[216, 217]
[217, 218]
[220, 186]
[225, 191]
[227, 193]
[229, 230]
[229, 195]
[230, 231]
[230, 196]
[231, 232]
[231, 197]
[232, 233]
[235, 201]
[240, 241]
[241, 242]
[241, 207]
