[3, 39]
[3, 38]
[6, 7]
[10, 11]
[10, 46]
[10, 45]
[11, 12]
[11, 47]
[11, 46]
[12, 13]
[12, 48]
[12, 47]
[13, 14]
[13, 49]
[13, 48]
[14, 15]
[14, 49]
[15, 16]
[16, 52]
[18, 19]
[26, 62]
[26, 61]
[31, 66]
[33, 34]
[36, 37]
[36, 72]
[36, 71]
[37, 38]
[37, 3]
[37, 72]
[38, 39]
[39, 40]
[39, 75]
[40, 6]
[40, 75]
[45, 46]
[45, 11]
[45, 81]
[45, 80]
[46, 47]
[46, 12]
[46, 81]
[47, 48]
[47, 13]
[47, 83]
[48, 49]
[48, 14]
[48, 84]
[48, 83]
[49, 15]
[49, 85]
[49, 84]
[52, 18]
[52, 88]
[52, 87]
[61, 62]
[62, 98]
[70, 71]
[70, 36]
[70, 105]
[71, 72]
[71, 37]
[72, 38]
[75, 111]
[75, 110]
[77, 78]
[77, 113]
[77, 112]
[78, 114]
[78, 113]
[80, 81]
[80, 46]
[80, 115]
[81, 47]
[83, 84]
[83, 49]
[83, 118]
[84, 85]
[84, 120]
[85, 121]
[85, 120]
[87, 88]
[92, 93]
[93, 94]
[94, 95]
[94, 130]
[95, 61]
[95, 131]
[95, 130]
[98, 99]
[99, 135]
[105, 71]
[109, 110]
[109, 75]
[110, 111]
[111, 112]
[111, 77]
[112, 113]
[112, 78]
[112, 148]
[113, 114]
[113, 148]
[114, 115]
[114, 80]
[115, 81]
[115, 151]
[118, 84]
[118, 154]
[118, 153]
[120, 121]
[120, 156]
[120, 155]
[121, 87]
[121, 156]
[130, 131]
[130, 165]
[131, 167]
[135, 171]
[142, 177]
[148, 114]
[148, 183]
[153, 154]
[153, 188]
[154, 155]
[154, 120]
[155, 156]
[155, 121]
[155, 191]
[156, 192]
[156, 191]
[158, 159]
[158, 194]
[158, 193]
[159, 160]
[159, 194]
[160, 161]
[160, 196]
[161, 196]
[165, 131]
[165, 201]
[167, 168]
[167, 203]
[167, 202]
[168, 203]
[171, 172]
[171, 206]
[172, 208]
[177, 213]
[177, 212]
[179, 180]
[179, 215]
[180, 215]
[182, 183]
[182, 148]
[182, 218]
[183, 219]
[183, 218]
[185, 151]
[185, 221]
[188, 154]
[188, 224]
[191, 192]
[191, 227]
[192, 193]
[192, 158]
[192, 228]
[192, 227]
[193, 194]
[193, 159]
[193, 229]
[193, 228]
[194, 160]
[194, 230]
[194, 229]
[196, 231]
[198, 199]
[198, 233]
[199, 165]
[201, 202]
[201, 167]
[201, 237]
[201, 236]
[202, 203]
[202, 168]
[202, 238]
[202, 237]
[203, 239]
[203, 238]
[206, 172]
[206, 242]
[206, 241]
[208, 244]
[211, 212]
[211, 177]
[212, 213]
[213, 179]
[218, 219]
[219, 185]
[224, 225]
[225, 191]
[227, 228]
[227, 193]
[228, 229]
[228, 194]
[229, 230]
[230, 231]
[230, 196]
[233, 199]
[236, 237]
[236, 202]
[237, 238]
[237, 203]
[238, 239]
[241, 242]
[242, 208]
