[1, 2]
[1, 37]
[2, 3]
[2, 37]
[3, 4]
[4, 5]
[4, 40]
[5, 40]
[7, 8]
[7, 43]
[7, 42]
[8, 44]
[8, 43]
[19, 55]
[19, 54]
[22, 23]
[22, 58]
[23, 24]
[23, 59]
[23, 58]
[24, 25]
[24, 60]
[24, 59]
[25, 26]
[25, 61]
[25, 60]
[26, 27]
[26, 62]
[26, 61]
[27, 28]
[27, 62]
[30, 31]
[33, 34]
[37, 3]
[37, 73]
[37, 72]
[40, 76]
[42, 43]
[42, 8]
[42, 78]
[42, 77]
[43, 44]
[43, 79]
[43, 78]
[44, 45]
[44, 80]
[44, 79]
[45, 46]
[45, 80]
[51, 52]
[51, 86]
[52, 53]
[52, 88]
[53, 54]
[53, 19]
[53, 89]
[53, 88]
[54, 55]
[54, 90]
[54, 89]
[55, 90]
[58, 59]
[58, 24]
[58, 93]
[59, 60]
[59, 25]
[60, 61]
[60, 26]
[61, 62]
[61, 27]
[62, 28]
[62, 98]
[71, 72]
[71, 37]
[71, 107]
[71, 106]
[72, 73]
[72, 108]
[72, 107]
[73, 74]
[73, 108]
[74, 40]
[76, 77]
[76, 42]
[77, 78]
[77, 43]
[77, 113]
[78, 79]
[78, 44]
[78, 114]
[78, 113]
[79, 80]
[79, 45]
[79, 115]
[79, 114]
[80, 46]
[80, 115]
[86, 52]
[88, 89]
[88, 54]
[88, 124]
[88, 123]
[89, 90]
[89, 55]
[89, 125]
[89, 124]
[90, 125]
[92, 93]
[92, 58]
[92, 128]
[92, 127]
[93, 59]
[93, 128]
[101, 102]
[101, 137]
[101, 136]
[102, 103]
[102, 138]
[102, 137]
[103, 139]
[103, 138]
[105, 106]
[105, 71]
[106, 107]
[106, 72]
[107, 108]
[107, 73]
[107, 143]
[108, 74]
[108, 143]
[113, 114]
[113, 79]
[113, 149]
[113, 148]
[114, 115]
[114, 80]
[114, 149]
[120, 86]
[120, 156]
[123, 124]
[123, 89]
[123, 159]
[124, 125]
[124, 90]
[124, 159]
[125, 161]
[127, 128]
[127, 93]
[127, 162]
[136, 137]
[136, 102]
[136, 172]
[136, 171]
[137, 138]
[137, 103]
[137, 172]
[138, 139]
[138, 174]
[139, 174]
[143, 179]
[143, 178]
[146, 182]
[146, 181]
[148, 149]
[148, 114]
[148, 184]
[149, 115]
[149, 185]
[149, 184]
[152, 153]
[152, 187]
[153, 154]
[154, 120]
[154, 190]
[156, 157]
[156, 192]
[156, 191]
[157, 123]
[157, 193]
[157, 192]
[159, 125]
[159, 195]
[159, 194]
[161, 162]
[161, 127]
[161, 197]
[161, 196]
[162, 128]
[162, 198]
[162, 197]
[169, 205]
[171, 172]
[171, 137]
[171, 206]
[172, 138]
[176, 212]
[176, 211]
[178, 179]
[178, 214]
[178, 213]
[179, 180]
[179, 215]
[179, 214]
[180, 181]
[180, 146]
[180, 216]
[180, 215]
[181, 182]
[181, 217]
[181, 216]
[182, 148]
[182, 218]
[182, 217]
[184, 185]
[184, 219]
[185, 221]
[187, 153]
[187, 223]
[187, 222]
[190, 191]
[190, 156]
[191, 192]
[191, 157]
[191, 227]
[192, 193]
[192, 228]
[192, 227]
[193, 194]
[193, 159]
[193, 229]
[193, 228]
[194, 195]
[194, 229]
[195, 196]
[195, 161]
[196, 197]
[196, 162]
[196, 232]
[197, 198]
[197, 232]
[198, 199]
[198, 234]
[199, 235]
[199, 234]
[201, 237]
[203, 169]
[205, 206]
[205, 171]
[206, 172]
[206, 242]
[210, 211]
[210, 176]
[211, 212]
[212, 213]
[212, 178]
[213, 214]
[213, 179]
[214, 215]
[214, 180]
[215, 216]
[215, 181]
[216, 217]
[216, 182]
[217, 218]
[218, 219]
[218, 184]
[219, 185]
[221, 222]
[221, 187]
[222, 223]
[223, 224]
[224, 190]
[227, 228]
[227, 193]
[228, 229]
[228, 194]
[229, 195]
[232, 198]
[234, 235]
[235, 201]
[237, 203]
[242, 243]
