[0, 1]
[0, 36]
[0, 35]
[1, 37]
[1, 36]
[5, 6]
[5, 41]
[6, 7]
[6, 42]
[6, 41]
[7, 8]
[7, 42]
[13, 14]
[13, 48]
[14, 15]
[14, 50]
[15, 51]
[15, 50]
[19, 20]
[19, 55]
[20, 55]
[22, 58]
[22, 57]
[24, 25]
[24, 60]
[24, 59]
[25, 26]
[25, 61]
[25, 60]
[26, 27]
[26, 62]
[26, 61]
[27, 28]
[27, 63]
[27, 62]
[28, 64]
[28, 63]
[30, 65]
[35, 36]
[35, 1]
[35, 70]
[36, 37]
[36, 72]
[37, 3]
[37, 73]
[37, 72]
[41, 42]
[41, 7]
[41, 76]
[42, 8]
[48, 14]
[48, 83]
[50, 51]
[50, 86]
[51, 87]
[51, 86]
[53, 19]
[55, 90]
[57, 58]
[58, 59]
[58, 24]
[58, 94]
[59, 60]
[59, 25]
[59, 94]
[60, 61]
[60, 26]
[61, 62]
[61, 27]
[61, 97]
[62, 63]
[62, 28]
[62, 98]
[62, 97]
[63, 64]
[63, 98]
[64, 65]
[64, 30]
[64, 100]
[65, 100]
[67, 68]
[67, 103]
[68, 69]
[68, 103]
[70, 36]
[70, 105]
[72, 73]
[72, 107]
[75, 76]
[75, 41]
[75, 111]
[75, 110]
[76, 42]
[76, 112]
[76, 111]
[79, 80]
[79, 115]
[80, 81]
[80, 116]
[80, 115]
[81, 82]
[81, 116]
[82, 83]
[82, 48]
[83, 119]
[86, 87]
[87, 53]
[90, 125]
[94, 60]
[94, 129]
[97, 98]
[97, 63]
[97, 133]
[97, 132]
[98, 64]
[98, 133]
[103, 69]
[103, 139]
[103, 138]
[105, 140]
[107, 73]
[107, 143]
[110, 111]
[110, 76]
[110, 145]
[111, 112]
[111, 147]
[112, 113]
[112, 147]
[113, 79]
[113, 149]
[115, 116]
[115, 81]
[116, 82]
[116, 152]
[119, 120]
[119, 154]
[120, 86]
[120, 156]
[124, 125]
[124, 90]
[124, 160]
[124, 159]
[125, 161]
[125, 160]
[129, 165]
[129, 164]
[132, 133]
[132, 98]
[132, 168]
[133, 168]
[137, 138]
[137, 103]
[137, 172]
[138, 139]
[140, 176]
[140, 175]
[143, 179]
[145, 111]
[145, 181]
[145, 180]
[147, 113]
[149, 115]
[149, 185]
[152, 188]
[152, 187]
[154, 120]
[154, 190]
[154, 189]
[156, 157]
[156, 192]
[156, 191]
[157, 193]
[157, 192]
[159, 160]
[159, 125]
[159, 195]
[160, 161]
[160, 196]
[160, 195]
[161, 196]
[164, 165]
[164, 200]
[164, 199]
[165, 200]
[168, 204]
[168, 203]
[171, 172]
[171, 137]
[172, 138]
[172, 208]
[175, 176]
[175, 211]
[175, 210]
[176, 177]
[176, 212]
[176, 211]
[177, 143]
[177, 213]
[177, 212]
[179, 180]
[179, 145]
[180, 181]
[180, 216]
[181, 147]
[181, 217]
[181, 216]
[187, 188]
[188, 189]
[188, 154]
[189, 190]
[189, 225]
[190, 191]
[190, 156]
[190, 226]
[190, 225]
[191, 192]
[191, 157]
[191, 226]
[192, 193]
[193, 159]
[195, 196]
[195, 161]
[195, 231]
[196, 232]
[196, 231]
[198, 199]
[198, 164]
[198, 234]
[198, 233]
[199, 200]
[199, 165]
[199, 235]
[199, 234]
[200, 236]
[200, 235]
[203, 204]
[203, 238]
[204, 205]
[204, 240]
[205, 171]
[205, 241]
[205, 240]
[208, 243]
[210, 211]
[210, 176]
[211, 212]
[211, 177]
[212, 213]
[213, 179]
[216, 217]
[217, 218]
[218, 219]
[219, 185]
[225, 226]
[225, 191]
[226, 192]
[231, 232]
[232, 233]
[232, 198]
[233, 234]
[233, 199]
[234, 235]
[234, 200]
[235, 236]
[238, 204]
[240, 241]
