[0, 1]
[0, 36]
[0, 35]
[1, 2]
[1, 36]
[2, 3]
[2, 38]
[3, 4]
[3, 39]
[3, 38]
[4, 5]
[4, 39]
[5, 6]
[6, 7]
[14, 15]
[14, 49]
[15, 16]
[15, 51]
[16, 17]
[16, 52]
[16, 51]
[17, 18]
[17, 52]
[18, 19]
[19, 20]
[19, 55]
[20, 21]
[20, 56]
[20, 55]
[21, 57]
[21, 56]
[23, 24]
[23, 59]
[23, 58]
[24, 25]
[24, 60]
[24, 59]
[25, 26]
[25, 61]
[25, 60]
[26, 27]
[26, 61]
[27, 28]
[27, 63]
[28, 29]
[28, 64]
[28, 63]
[29, 65]
[29, 64]
[32, 33]
[32, 67]
[33, 69]
[35, 36]
[35, 1]
[35, 71]
[36, 2]
[36, 72]
[36, 71]
[38, 39]
[38, 4]
[39, 5]
[45, 46]
[45, 81]
[45, 80]
[46, 47]
[46, 81]
[47, 48]
[47, 83]
[48, 49]
[48, 14]
[48, 84]
[48, 83]
[49, 15]
[49, 84]
[51, 52]
[51, 17]
[51, 87]
[51, 86]
[52, 18]
[52, 88]
[52, 87]
[55, 56]
[55, 21]
[55, 91]
[55, 90]
[56, 57]
[56, 92]
[56, 91]
[57, 58]
[57, 23]
[57, 92]
[58, 59]
[58, 24]
[58, 94]
[59, 60]
[59, 25]
[59, 95]
[59, 94]
[60, 61]
[60, 26]
[60, 96]
[60, 95]
[61, 27]
[61, 97]
[61, 96]
[63, 64]
[63, 29]
[64, 65]
[64, 100]
[65, 100]
[67, 33]
[71, 72]
[71, 106]
[72, 38]
[72, 108]
[78, 79]
[78, 113]
[79, 80]
[79, 45]
[79, 115]
[80, 81]
[80, 46]
[80, 115]
[81, 47]
[83, 84]
[83, 49]
[83, 118]
[84, 120]
[86, 87]
[86, 52]
[86, 121]
[87, 88]
[88, 89]
[89, 90]
[89, 55]
[89, 125]
[90, 91]
[90, 56]
[90, 126]
[90, 125]
[91, 92]
[91, 57]
[91, 127]
[91, 126]
[92, 58]
[92, 127]
[94, 95]
[94, 60]
[94, 130]
[94, 129]
[95, 96]
[95, 61]
[95, 130]
[96, 97]
[96, 132]
[97, 63]
[97, 132]
[100, 136]
[106, 72]
[106, 142]
[106, 141]
[108, 109]
[109, 110]
[109, 145]
[110, 111]
[110, 146]
[110, 145]
[111, 112]
[111, 147]
[111, 146]
[112, 113]
[112, 78]
[112, 148]
[112, 147]
[113, 79]
[113, 149]
[113, 148]
[115, 81]
[115, 151]
[115, 150]
[118, 84]
[118, 154]
[118, 153]
[120, 121]
[120, 86]
[120, 156]
[120, 155]
[121, 87]
[121, 157]
[121, 156]
[125, 126]
[125, 91]
[125, 161]
[126, 127]
[126, 92]
[126, 162]
[126, 161]
[127, 163]
[127, 162]
[129, 130]
[129, 95]
[129, 165]
[130, 96]
[130, 166]
[130, 165]
[132, 168]
[132, 167]
[136, 137]
[137, 138]
[138, 139]
[140, 141]
[140, 106]
[141, 142]
[142, 108]
[145, 146]
[145, 111]
[145, 181]
[145, 180]
[146, 147]
[146, 112]
[146, 181]
[147, 148]
[147, 113]
[147, 183]
[148, 149]
[148, 183]
[149, 150]
[149, 115]
[149, 185]
[150, 151]
[150, 185]
[151, 152]
[151, 187]
[152, 153]
[152, 118]
[152, 187]
[153, 154]
[154, 155]
[154, 120]
[154, 190]
[155, 156]
[155, 121]
[155, 191]
[155, 190]
[156, 157]
[156, 191]
[157, 158]
[161, 162]
[161, 127]
[162, 163]
[162, 198]
[163, 129]
[163, 199]
[163, 198]
[165, 166]
[165, 201]
[166, 167]
[166, 132]
[166, 201]
[167, 168]
[167, 203]
[168, 204]
[168, 203]
[179, 180]
[179, 145]
[179, 215]
[179, 214]
[180, 181]
[180, 146]
[180, 215]
[181, 147]
[183, 149]
[183, 219]
[185, 151]
[187, 153]
[187, 223]
[190, 191]
[190, 156]
[190, 225]
[191, 157]
[191, 227]
[198, 199]
[198, 233]
[199, 165]
[199, 235]
[201, 167]
[201, 236]
[203, 204]
[203, 239]
[203, 238]
[204, 240]
[204, 239]
[206, 207]
[206, 241]
[207, 243]
[209, 244]
[210, 211]
[214, 215]
[214, 180]
[215, 181]
[219, 185]
[223, 224]
[224, 225]
[224, 190]
[225, 191]
[227, 228]
[228, 229]
[231, 232]
[232, 233]
[232, 198]
[233, 199]
[235, 236]
[235, 201]
[238, 239]
[238, 204]
[239, 240]
[240, 241]
[240, 206]
[241, 207]
[243, 244]
[243, 209]
