[0, 1]
[0, 35]
[1, 2]
[1, 37]
[2, 3]
[2, 37]
[3, 39]
[12, 48]
[12, 47]
[15, 16]
[15, 51]
[16, 17]
[16, 52]
[16, 51]
[17, 18]
[17, 52]
[18, 19]
[19, 20]
[26, 62]
[26, 61]
[28, 29]
[29, 30]
[29, 65]
[30, 31]
[30, 66]
[30, 65]
[31, 32]
[31, 66]
[32, 33]
[32, 68]
[33, 34]
[33, 68]
[35, 1]
[35, 71]
[37, 3]
[37, 72]
[39, 5]
[39, 75]
[44, 45]
[44, 80]
[44, 79]
[45, 46]
[45, 80]
[46, 47]
[46, 12]
[47, 48]
[47, 83]
[48, 49]
[48, 84]
[48, 83]
[49, 15]
[49, 84]
[51, 52]
[51, 17]
[51, 87]
[52, 18]
[52, 87]
[60, 61]
[60, 26]
[60, 96]
[60, 95]
[61, 62]
[61, 96]
[62, 28]
[62, 98]
[65, 66]
[65, 31]
[65, 101]
[66, 32]
[66, 102]
[66, 101]
[68, 34]
[68, 103]
[71, 72]
[71, 37]
[71, 107]
[71, 106]
[72, 107]
[75, 110]
[77, 78]
[77, 112]
[78, 79]
[78, 44]
[78, 114]
[79, 80]
[79, 45]
[79, 115]
[79, 114]
[80, 46]
[80, 115]
[83, 84]
[83, 49]
[89, 125]
[92, 128]
[92, 127]
[94, 95]
[94, 60]
[94, 130]
[95, 96]
[95, 61]
[95, 130]
[96, 62]
[98, 99]
[98, 134]
[98, 133]
[99, 65]
[99, 135]
[99, 134]
[101, 102]
[101, 137]
[102, 103]
[102, 68]
[102, 137]
[105, 106]
[105, 71]
[105, 140]
[106, 107]
[106, 72]
[106, 142]
[107, 143]
[107, 142]
[109, 110]
[109, 75]
[109, 145]
[109, 144]
[110, 145]
[112, 78]
[112, 148]
[112, 147]
[114, 115]
[114, 80]
[114, 150]
[114, 149]
[115, 150]
[117, 83]
[125, 160]
[127, 128]
[127, 163]
[127, 162]
[128, 94]
[128, 164]
[128, 163]
[130, 96]
[130, 166]
[130, 165]
[133, 134]
[133, 99]
[133, 169]
[133, 168]
[134, 135]
[134, 170]
[134, 169]
[135, 101]
[135, 170]
[137, 103]
[137, 173]
[140, 106]
[140, 176]
[142, 143]
[142, 177]
[143, 144]
[143, 109]
[143, 179]
[144, 145]
[144, 110]
[144, 179]
[147, 148]
[148, 149]
[148, 114]
[149, 150]
[149, 115]
[150, 186]
[155, 156]
[155, 191]
[156, 191]
[162, 163]
[162, 128]
[163, 164]
[164, 165]
[164, 130]
[165, 166]
[165, 201]
[166, 201]
[168, 169]
[168, 134]
[168, 204]
[168, 203]
[169, 170]
[169, 135]
[169, 204]
[173, 209]
[176, 177]
[176, 142]
[176, 211]
[177, 143]
[179, 145]
[179, 215]
[186, 221]
[188, 189]
[189, 155]
[191, 226]
[194, 160]
[194, 229]
[203, 204]
[203, 169]
[203, 239]
[203, 238]
[204, 170]
[204, 239]
[209, 244]
[210, 211]
[210, 176]
[211, 177]
[217, 218]
[218, 219]
[219, 220]
[220, 221]
[220, 186]
[238, 239]
[238, 204]
[242, 243]
[243, 244]
[243, 209]
