[0, 1]
[0, 36]
[0, 35]
[1, 37]
[1, 36]
[5, 6]
[5, 40]
[6, 7]
[6, 42]
[7, 43]
[7, 42]
[11, 47]
[11, 46]
[13, 14]
[16, 17]
[17, 18]
[21, 22]
[21, 57]
[22, 57]
[28, 29]
[29, 30]
[30, 31]
[30, 66]
[31, 32]
[31, 66]
[35, 36]
[35, 1]
[35, 71]
[36, 37]
[36, 72]
[36, 71]
[37, 3]
[37, 73]
[37, 72]
[40, 6]
[42, 43]
[46, 47]
[47, 13]
[57, 93]
[57, 92]
[59, 95]
[62, 28]
[62, 98]
[62, 97]
[66, 32]
[66, 102]
[66, 101]
[69, 104]
[71, 72]
[71, 37]
[71, 106]
[72, 73]
[72, 108]
[73, 109]
[73, 108]
[80, 46]
[80, 116]
[86, 87]
[86, 122]
[86, 121]
[87, 88]
[87, 123]
[87, 122]
[88, 89]
[88, 124]
[88, 123]
[89, 90]
[89, 124]
[92, 93]
[93, 59]
[95, 131]
[97, 98]
[97, 133]
[98, 134]
[98, 133]
[101, 102]
[101, 136]
[105, 106]
[105, 71]
[105, 140]
[106, 72]
[106, 142]
[108, 109]
[108, 143]
[109, 110]
[112, 147]
[116, 117]
[116, 151]
[117, 118]
[117, 153]
[118, 154]
[118, 153]
[120, 121]
[120, 86]
[120, 155]
[121, 122]
[121, 87]
[121, 157]
[122, 123]
[122, 88]
[122, 158]
[122, 157]
[123, 124]
[123, 89]
[123, 159]
[123, 158]
[124, 90]
[124, 159]
[131, 97]
[133, 134]
[136, 102]
[136, 172]
[136, 171]
[140, 106]
[140, 176]
[140, 175]
[142, 143]
[142, 108]
[142, 178]
[142, 177]
[143, 109]
[143, 179]
[143, 178]
[147, 183]
[151, 117]
[151, 187]
[151, 186]
[153, 154]
[154, 155]
[154, 120]
[154, 190]
[155, 121]
[155, 191]
[155, 190]
[157, 158]
[157, 123]
[158, 159]
[158, 124]
[158, 194]
[159, 195]
[159, 194]
[164, 165]
[164, 200]
[164, 199]
[165, 131]
[165, 200]
[171, 172]
[172, 173]
[172, 208]
[173, 209]
[173, 208]
[175, 176]
[175, 210]
[176, 177]
[176, 142]
[176, 212]
[177, 178]
[177, 143]
[177, 212]
[178, 179]
[178, 214]
[179, 180]
[179, 214]
[180, 181]
[181, 147]
[183, 184]
[184, 220]
[186, 187]
[186, 221]
[187, 153]
[190, 191]
[190, 225]
[191, 157]
[194, 195]
[194, 230]
[195, 161]
[195, 231]
[195, 230]
[198, 199]
[198, 164]
[198, 233]
[199, 200]
[199, 165]
[199, 235]
[200, 235]
[203, 204]
[203, 238]
[204, 205]
[204, 240]
[205, 171]
[205, 241]
[205, 240]
[208, 209]
[210, 176]
[212, 178]
[214, 180]
[220, 221]
[220, 186]
[221, 187]
[224, 225]
[224, 190]
[225, 191]
[230, 231]
[233, 199]
[237, 238]
[237, 203]
[238, 204]
[240, 241]
[241, 242]
[242, 208]
