[0, 1]
[0, 36]
[0, 35]
[1, 2]
[1, 37]
[1, 36]
[2, 38]
[2, 37]
[4, 5]
[5, 6]
[10, 45]
[18, 54]
[21, 22]
[27, 28]
[27, 62]
[33, 69]
[35, 36]
[35, 1]
[35, 70]
[36, 37]
[36, 2]
[37, 38]
[38, 4]
[38, 74]
[43, 79]
[43, 78]
[45, 81]
[45, 80]
[49, 85]
[49, 84]
[52, 18]
[62, 28]
[69, 104]
[70, 36]
[70, 105]
[74, 75]
[74, 109]
[75, 111]
[78, 79]
[78, 113]
[79, 80]
[79, 45]
[80, 81]
[83, 84]
[83, 49]
[83, 119]
[84, 85]
[84, 119]
[91, 92]
[92, 93]
[93, 94]
[94, 95]
[94, 130]
[95, 96]
[95, 130]
[96, 62]
[101, 102]
[102, 103]
[103, 104]
[103, 69]
[105, 140]
[109, 75]
[109, 145]
[109, 144]
[111, 146]
[113, 79]
[119, 85]
[119, 155]
[119, 154]
[130, 96]
[130, 166]
[130, 165]
[134, 135]
[135, 101]
[135, 171]
[140, 176]
[140, 175]
[144, 145]
[144, 179]
[145, 146]
[145, 111]
[150, 186]
[150, 185]
[152, 153]
[153, 154]
[153, 119]
[153, 189]
[154, 155]
[154, 190]
[154, 189]
[155, 190]
[157, 158]
[158, 124]
[158, 194]
[164, 165]
[164, 130]
[164, 199]
[165, 166]
[165, 201]
[166, 201]
[171, 206]
[173, 208]
[175, 176]
[175, 211]
[176, 177]
[176, 212]
[176, 211]
[177, 213]
[177, 212]
[179, 145]
[179, 214]
[185, 186]
[186, 152]
[189, 190]
[189, 155]
[189, 225]
[190, 225]
[194, 195]
[197, 198]
[197, 232]
[198, 199]
[198, 164]
[198, 234]
[199, 165]
[199, 234]
[201, 236]
[203, 239]
[203, 238]
[206, 242]
[206, 241]
[208, 244]
[211, 212]
[211, 177]
[212, 213]
[213, 214]
[213, 179]
[218, 219]
[219, 185]
[223, 189]
[228, 194]
[232, 198]
[238, 239]
[241, 242]
[242, 208]
