[0, 1]
[0, 36]
[0, 35]
[1, 2]
[1, 37]
[1, 36]
[2, 3]
[2, 38]
[2, 37]
[3, 38]
[5, 41]
[5, 40]
[7, 8]
[7, 43]
[8, 9]
[8, 43]
[9, 10]
[13, 49]
[18, 54]
[31, 67]
[31, 66]
[35, 36]
[35, 1]
[36, 37]
[36, 2]
[36, 72]
[37, 38]
[37, 3]
[37, 73]
[37, 72]
[38, 73]
[40, 41]
[40, 76]
[40, 75]
[41, 7]
[41, 77]
[41, 76]
[43, 9]
[43, 78]
[47, 13]
[47, 83]
[49, 50]
[49, 85]
[49, 84]
[50, 86]
[50, 85]
[52, 18]
[52, 87]
[54, 89]
[59, 60]
[59, 95]
[59, 94]
[60, 61]
[60, 95]
[61, 27]
[66, 67]
[72, 73]
[72, 38]
[72, 107]
[75, 76]
[75, 41]
[75, 111]
[76, 77]
[76, 111]
[77, 78]
[77, 43]
[77, 113]
[78, 113]
[83, 84]
[83, 49]
[83, 119]
[83, 118]
[84, 85]
[84, 50]
[84, 119]
[85, 86]
[85, 121]
[86, 87]
[86, 52]
[86, 122]
[86, 121]
[87, 123]
[87, 122]
[91, 92]
[91, 127]
[91, 126]
[92, 93]
[92, 128]
[92, 127]
[93, 94]
[93, 59]
[93, 128]
[94, 95]
[94, 60]
[95, 61]
[107, 73]
[107, 143]
[107, 142]
[111, 77]
[111, 147]
[111, 146]
[113, 148]
[118, 119]
[118, 84]
[118, 154]
[119, 85]
[119, 155]
[119, 154]
[121, 122]
[121, 87]
[121, 157]
[122, 123]
[122, 157]
[123, 89]
[126, 127]
[126, 92]
[126, 161]
[127, 128]
[127, 93]
[128, 94]
[132, 133]
[132, 168]
[133, 99]
[133, 169]
[133, 168]
[138, 139]
[138, 174]
[139, 174]
[142, 143]
[142, 178]
[143, 179]
[143, 178]
[145, 146]
[145, 111]
[146, 147]
[146, 182]
[147, 148]
[147, 113]
[147, 183]
[147, 182]
[148, 184]
[148, 183]
[152, 118]
[152, 188]
[154, 155]
[154, 190]
[155, 121]
[155, 190]
[157, 123]
[157, 192]
[161, 127]
[165, 201]
[168, 169]
[168, 204]
[168, 203]
[169, 170]
[169, 205]
[169, 204]
[170, 205]
[176, 142]
[176, 212]
[176, 211]
[178, 179]
[179, 145]
[182, 183]
[182, 148]
[182, 218]
[183, 184]
[183, 218]
[184, 220]
[188, 154]
[188, 223]
[192, 227]
[201, 202]
[201, 236]
[202, 203]
[202, 168]
[202, 238]
[203, 204]
[203, 169]
[203, 239]
[203, 238]
[204, 205]
[204, 170]
[204, 240]
[204, 239]
[205, 240]
[207, 208]
[207, 243]
[207, 242]
[208, 174]
[208, 244]
[208, 243]
[210, 211]
[210, 176]
[211, 212]
[212, 178]
[216, 182]
[218, 184]
[230, 231]
[235, 236]
[235, 201]
[236, 202]
[238, 239]
[238, 204]
[239, 240]
[239, 205]
[242, 243]
[242, 208]
[243, 244]
