[0, 1]
[0, 36]
[1, 36]
[5, 41]
[5, 40]
[7, 8]
[7, 43]
[7, 42]
[8, 9]
[8, 43]
[9, 45]
[11, 12]
[11, 46]
[12, 13]
[18, 19]
[18, 54]
[19, 54]
[22, 23]
[22, 58]
[23, 58]
[26, 27]
[26, 62]
[27, 62]
[29, 30]
[29, 65]
[30, 31]
[30, 66]
[30, 65]
[31, 32]
[31, 66]
[32, 33]
[32, 68]
[33, 34]
[33, 68]
[36, 71]
[38, 74]
[40, 41]
[40, 76]
[40, 75]
[41, 42]
[41, 7]
[41, 77]
[41, 76]
[42, 43]
[42, 8]
[42, 78]
[42, 77]
[43, 9]
[43, 79]
[43, 78]
[45, 46]
[45, 11]
[45, 81]
[45, 80]
[46, 12]
[46, 82]
[46, 81]
[54, 90]
[54, 89]
[60, 26]
[60, 96]
[62, 98]
[62, 97]
[65, 66]
[65, 31]
[66, 32]
[66, 102]
[68, 34]
[68, 104]
[68, 103]
[71, 107]
[71, 106]
[74, 75]
[74, 40]
[74, 110]
[75, 76]
[75, 41]
[75, 110]
[76, 77]
[76, 42]
[77, 78]
[77, 43]
[77, 113]
[78, 79]
[78, 114]
[78, 113]
[79, 80]
[79, 45]
[79, 114]
[80, 81]
[80, 46]
[80, 116]
[81, 82]
[81, 116]
[82, 83]
[82, 118]
[83, 84]
[83, 119]
[83, 118]
[84, 85]
[84, 119]
[88, 89]
[88, 54]
[89, 90]
[96, 97]
[96, 62]
[96, 132]
[96, 131]
[97, 98]
[97, 133]
[97, 132]
[98, 133]
[102, 103]
[102, 68]
[102, 138]
[102, 137]
[103, 104]
[103, 139]
[103, 138]
[104, 139]
[105, 106]
[105, 71]
[105, 141]
[105, 140]
[106, 107]
[106, 142]
[106, 141]
[107, 108]
[107, 142]
[108, 74]
[110, 76]
[110, 146]
[113, 114]
[113, 79]
[113, 149]
[114, 80]
[114, 150]
[114, 149]
[116, 82]
[116, 151]
[118, 119]
[118, 84]
[118, 154]
[118, 153]
[119, 85]
[119, 154]
[122, 88]
[131, 132]
[131, 97]
[131, 167]
[131, 166]
[132, 133]
[132, 98]
[132, 168]
[132, 167]
[133, 168]
[136, 137]
[136, 102]
[137, 138]
[137, 103]
[138, 139]
[138, 104]
[138, 174]
[139, 174]
[140, 141]
[140, 106]
[141, 142]
[141, 107]
[141, 177]
[142, 108]
[142, 178]
[142, 177]
[146, 182]
[146, 181]
[149, 150]
[149, 184]
[150, 151]
[150, 116]
[150, 186]
[151, 187]
[151, 186]
[153, 154]
[153, 119]
[153, 189]
[153, 188]
[154, 190]
[154, 189]
[159, 195]
[159, 194]
[161, 197]
[161, 196]
[166, 167]
[166, 132]
[166, 202]
[167, 168]
[167, 133]
[167, 202]
[168, 204]
[177, 178]
[177, 213]
[177, 212]
[178, 214]
[178, 213]
[180, 181]
[180, 146]
[180, 216]
[181, 182]
[181, 216]
[182, 183]
[183, 184]
[183, 149]
[183, 219]
[184, 150]
[184, 220]
[184, 219]
[186, 187]
[186, 222]
[187, 188]
[187, 153]
[187, 222]
[188, 189]
[188, 154]
[188, 224]
[189, 190]
[189, 225]
[189, 224]
[190, 191]
[190, 226]
[190, 225]
[191, 192]
[191, 226]
[192, 193]
[192, 228]
[193, 194]
[193, 159]
[193, 228]
[194, 195]
[194, 230]
[195, 196]
[195, 161]
[195, 231]
[195, 230]
[196, 197]
[196, 232]
[196, 231]
[197, 233]
[197, 232]
[202, 168]
[202, 237]
[204, 240]
[204, 239]
[206, 207]
[210, 211]
[211, 212]
[211, 177]
[212, 213]
[212, 178]
[213, 214]
[214, 180]
[216, 182]
[219, 220]
[220, 186]
[222, 188]
[224, 225]
[224, 190]
[225, 226]
[225, 191]
[226, 192]
[228, 194]
[230, 231]
[230, 196]
[231, 232]
[231, 197]
[232, 233]
[236, 237]
[236, 202]
[239, 240]
[240, 206]
