[6, 42]
[6, 41]
[8, 9]
[8, 43]
[9, 45]
[11, 12]
[11, 47]
[11, 46]
[12, 13]
[12, 48]
[12, 47]
[13, 14]
[13, 49]
[13, 48]
[14, 15]
[14, 49]
[15, 16]
[16, 17]
[17, 18]
[18, 19]
[22, 23]
[22, 58]
[23, 24]
[23, 58]
[24, 60]
[26, 27]
[27, 28]
[28, 29]
[29, 30]
[29, 65]
[30, 31]
[30, 65]
[31, 67]
[33, 68]
[35, 36]
[35, 71]
[35, 70]
[36, 72]
[36, 71]
[40, 41]
[40, 6]
[40, 76]
[40, 75]
[41, 42]
[41, 76]
[42, 43]
[42, 8]
[42, 78]
[43, 9]
[43, 78]
[45, 46]
[45, 11]
[45, 81]
[46, 47]
[46, 12]
[46, 82]
[46, 81]
[47, 48]
[47, 13]
[47, 83]
[47, 82]
[48, 49]
[48, 14]
[48, 83]
[49, 15]
[58, 24]
[58, 93]
[60, 26]
[60, 95]
[65, 31]
[65, 101]
[65, 100]
[67, 68]
[67, 33]
[67, 102]
[68, 104]
[70, 71]
[70, 36]
[70, 106]
[70, 105]
[71, 72]
[71, 107]
[71, 106]
[72, 38]
[72, 108]
[72, 107]
[75, 76]
[75, 41]
[75, 111]
[76, 42]
[76, 112]
[76, 111]
[78, 114]
[78, 113]
[81, 82]
[81, 47]
[81, 117]
[81, 116]
[82, 83]
[82, 48]
[82, 118]
[82, 117]
[83, 49]
[83, 118]
[87, 123]
[87, 122]
[90, 91]
[90, 126]
[90, 125]
[91, 92]
[91, 127]
[91, 126]
[92, 93]
[92, 58]
[92, 128]
[92, 127]
[93, 128]
[95, 131]
[99, 100]
[99, 65]
[99, 135]
[99, 134]
[100, 101]
[100, 136]
[100, 135]
[101, 102]
[101, 67]
[101, 136]
[102, 68]
[105, 106]
[105, 71]
[105, 141]
[105, 140]
[106, 107]
[106, 72]
[106, 141]
[107, 108]
[108, 109]
[109, 75]
[111, 112]
[111, 147]
[111, 146]
[112, 113]
[112, 78]
[112, 147]
[113, 114]
[113, 149]
[114, 150]
[114, 149]
[116, 117]
[116, 82]
[116, 152]
[116, 151]
[117, 118]
[117, 83]
[117, 152]
[120, 156]
[120, 155]
[122, 123]
[122, 158]
[123, 124]
[123, 158]
[124, 125]
[124, 90]
[124, 160]
[125, 126]
[125, 91]
[125, 161]
[125, 160]
[126, 127]
[126, 92]
[126, 162]
[126, 161]
[127, 128]
[127, 93]
[127, 162]
[128, 164]
[133, 134]
[133, 99]
[134, 135]
[134, 100]
[135, 136]
[135, 101]
[136, 102]
[136, 172]
[140, 141]
[140, 106]
[140, 176]
[140, 175]
[141, 107]
[141, 177]
[141, 176]
[146, 147]
[146, 112]
[147, 113]
[149, 150]
[149, 185]
[149, 184]
[150, 151]
[150, 116]
[150, 185]
[151, 152]
[151, 117]
[152, 118]
[155, 156]
[156, 122]
[158, 124]
[158, 193]
[160, 161]
[160, 126]
[160, 196]
[160, 195]
[161, 162]
[161, 127]
[161, 197]
[161, 196]
[162, 128]
[162, 197]
[164, 200]
[164, 199]
[172, 173]
[173, 174]
[175, 176]
[175, 141]
[175, 211]
[176, 177]
[176, 212]
[176, 211]
[177, 213]
[177, 212]
[180, 146]
[180, 216]
[184, 185]
[184, 150]
[184, 219]
[185, 151]
[193, 229]
[195, 196]
[195, 161]
[195, 231]
[195, 230]
[196, 197]
[196, 162]
[196, 232]
[196, 231]
[197, 233]
[197, 232]
[199, 200]
[199, 235]
[200, 235]
[202, 203]
[202, 237]
[211, 212]
[211, 177]
[212, 213]
[213, 214]
[214, 180]
[219, 185]
[222, 223]
[223, 224]
[229, 230]
[229, 195]
[230, 231]
[230, 196]
[231, 232]
[231, 197]
[232, 233]
[233, 199]
[237, 203]
