[3, 4]
[3, 38]
[6, 7]
[6, 42]
[6, 41]
[7, 8]
[7, 43]
[7, 42]
[8, 9]
[8, 44]
[8, 43]
[9, 10]
[9, 44]
[13, 49]
[15, 16]
[15, 50]
[20, 21]
[20, 56]
[21, 22]
[21, 56]
[24, 25]
[32, 68]
[34, 69]
[37, 38]
[37, 3]
[37, 73]
[37, 72]
[38, 4]
[38, 73]
[41, 42]
[41, 7]
[41, 77]
[41, 76]
[42, 43]
[42, 8]
[42, 77]
[43, 44]
[43, 9]
[43, 79]
[44, 10]
[44, 80]
[44, 79]
[49, 50]
[49, 15]
[49, 85]
[49, 84]
[50, 16]
[50, 86]
[50, 85]
[54, 20]
[56, 22]
[56, 91]
[62, 97]
[65, 101]
[68, 69]
[68, 34]
[71, 72]
[71, 37]
[71, 106]
[72, 73]
[72, 38]
[76, 77]
[76, 42]
[77, 43]
[77, 113]
[79, 80]
[84, 85]
[84, 50]
[84, 120]
[85, 86]
[85, 120]
[86, 87]
[91, 127]
[95, 131]
[95, 130]
[97, 132]
[99, 65]
[99, 135]
[99, 134]
[101, 102]
[101, 137]
[101, 136]
[102, 68]
[102, 138]
[102, 137]
[106, 72]
[110, 76]
[110, 146]
[113, 79]
[113, 148]
[117, 118]
[117, 152]
[118, 84]
[120, 86]
[120, 155]
[124, 159]
[127, 163]
[130, 131]
[130, 166]
[130, 165]
[131, 132]
[131, 97]
[131, 167]
[131, 166]
[132, 168]
[132, 167]
[134, 135]
[134, 170]
[134, 169]
[135, 136]
[135, 101]
[135, 170]
[136, 137]
[136, 102]
[136, 172]
[137, 138]
[137, 172]
[138, 174]
[140, 106]
[144, 110]
[144, 179]
[146, 182]
[148, 184]
[148, 183]
[151, 152]
[151, 117]
[152, 118]
[159, 195]
[159, 194]
[161, 127]
[161, 196]
[163, 199]
[165, 166]
[165, 131]
[165, 201]
[165, 200]
[166, 167]
[166, 132]
[166, 201]
[167, 168]
[167, 203]
[168, 169]
[168, 134]
[168, 203]
[169, 170]
[169, 135]
[170, 136]
[170, 206]
[172, 138]
[172, 208]
[172, 207]
[177, 213]
[179, 215]
[182, 183]
[182, 148]
[183, 184]
[184, 185]
[184, 220]
[185, 151]
[185, 220]
[193, 194]
[193, 159]
[193, 229]
[193, 228]
[194, 195]
[194, 230]
[194, 229]
[195, 196]
[195, 161]
[195, 230]
[196, 232]
[199, 200]
[199, 165]
[199, 235]
[200, 201]
[200, 166]
[200, 236]
[200, 235]
[201, 167]
[201, 237]
[201, 236]
[203, 169]
[206, 207]
[206, 172]
[206, 242]
[207, 208]
[207, 243]
[207, 242]
[208, 174]
[208, 244]
[208, 243]
[213, 179]
[225, 226]
[228, 229]
[228, 194]
[229, 230]
[229, 195]
[230, 196]
[235, 236]
[235, 201]
[236, 237]
[237, 203]
[240, 206]
[242, 243]
[242, 208]
[243, 244]
