[1, 2]
[1, 37]
[1, 36]
[2, 38]
[2, 37]
[4, 40]
[6, 7]
[6, 42]
[6, 41]
[7, 8]
[7, 42]
[8, 44]
[14, 15]
[14, 50]
[14, 49]
[15, 16]
[15, 51]
[15, 50]
[16, 51]
[18, 19]
[21, 22]
[21, 57]
[21, 56]
[22, 23]
[22, 58]
[22, 57]
[23, 24]
[23, 58]
[24, 25]
[25, 26]
[25, 61]
[26, 61]
[28, 29]
[29, 30]
[29, 65]
[30, 31]
[30, 65]
[31, 67]
[35, 36]
[35, 1]
[36, 37]
[36, 2]
[36, 72]
[37, 38]
[37, 72]
[38, 4]
[40, 41]
[40, 6]
[40, 76]
[40, 75]
[41, 42]
[41, 7]
[41, 76]
[42, 8]
[42, 78]
[44, 80]
[44, 79]
[48, 49]
[48, 14]
[48, 84]
[49, 50]
[49, 15]
[49, 84]
[50, 51]
[50, 16]
[50, 86]
[51, 87]
[51, 86]
[56, 57]
[56, 22]
[56, 92]
[57, 58]
[57, 23]
[57, 93]
[57, 92]
[58, 24]
[58, 94]
[58, 93]
[61, 97]
[61, 96]
[65, 31]
[65, 101]
[65, 100]
[67, 33]
[67, 102]
[72, 38]
[72, 108]
[75, 76]
[75, 41]
[75, 111]
[75, 110]
[76, 42]
[76, 112]
[76, 111]
[78, 79]
[78, 44]
[78, 114]
[79, 80]
[79, 114]
[80, 81]
[80, 116]
[81, 116]
[84, 50]
[84, 120]
[84, 119]
[86, 87]
[86, 122]
[86, 121]
[87, 88]
[87, 122]
[88, 89]
[92, 93]
[92, 58]
[92, 128]
[92, 127]
[93, 94]
[93, 128]
[94, 95]
[95, 96]
[95, 61]
[96, 97]
[97, 98]
[97, 133]
[98, 133]
[100, 101]
[100, 136]
[100, 135]
[101, 102]
[101, 67]
[101, 136]
[102, 138]
[106, 72]
[106, 142]
[106, 141]
[108, 109]
[108, 143]
[109, 110]
[109, 75]
[110, 111]
[110, 76]
[110, 146]
[111, 112]
[111, 147]
[111, 146]
[112, 78]
[112, 148]
[112, 147]
[114, 80]
[114, 150]
[116, 152]
[116, 151]
[118, 119]
[118, 84]
[118, 154]
[118, 153]
[119, 120]
[119, 155]
[119, 154]
[120, 121]
[120, 86]
[120, 156]
[120, 155]
[121, 122]
[121, 87]
[121, 156]
[122, 88]
[126, 127]
[126, 92]
[126, 162]
[127, 128]
[127, 93]
[127, 162]
[128, 94]
[128, 164]
[135, 136]
[135, 101]
[135, 171]
[135, 170]
[136, 102]
[136, 172]
[136, 171]
[138, 174]
[138, 173]
[140, 141]
[140, 106]
[140, 176]
[141, 142]
[141, 176]
[142, 143]
[142, 108]
[143, 109]
[146, 147]
[146, 112]
[146, 182]
[147, 148]
[147, 183]
[147, 182]
[148, 114]
[148, 183]
[150, 151]
[150, 116]
[150, 186]
[150, 185]
[151, 152]
[151, 187]
[151, 186]
[152, 153]
[152, 118]
[152, 188]
[152, 187]
[153, 154]
[153, 119]
[153, 188]
[154, 155]
[154, 120]
[155, 156]
[155, 121]
[155, 191]
[156, 122]
[156, 192]
[156, 191]
[162, 128]
[164, 165]
[164, 199]
[165, 201]
[167, 133]
[170, 171]
[170, 136]
[170, 206]
[170, 205]
[171, 172]
[171, 207]
[171, 206]
[172, 173]
[172, 138]
[172, 208]
[172, 207]
[173, 174]
[173, 209]
[173, 208]
[174, 209]
[176, 142]
[182, 183]
[182, 148]
[182, 218]
[182, 217]
[183, 219]
[183, 218]
[185, 186]
[185, 151]
[186, 187]
[186, 152]
[186, 222]
[187, 188]
[187, 153]
[187, 223]
[187, 222]
[188, 154]
[188, 223]
[191, 192]
[191, 227]
[191, 226]
[192, 228]
[192, 227]
[195, 230]
[199, 165]
[199, 235]
[201, 167]
[201, 236]
[204, 205]
[204, 170]
[205, 206]
[205, 171]
[205, 241]
[206, 207]
[206, 172]
[206, 242]
[206, 241]
[207, 208]
[207, 173]
[207, 242]
[208, 209]
[208, 174]
[208, 244]
[209, 244]
[213, 214]
[217, 218]
[217, 183]
[218, 219]
[219, 185]
[222, 223]
[222, 188]
[225, 226]
[225, 191]
[226, 227]
[226, 192]
[227, 228]
[228, 229]
[229, 230]
[229, 195]
[233, 199]
[235, 236]
[235, 201]
[241, 242]
[241, 207]
[242, 208]
