[0, 1]
[0, 35]
[1, 2]
[2, 3]
[3, 39]
[5, 6]
[5, 41]
[6, 7]
[6, 42]
[6, 41]
[7, 8]
[7, 43]
[7, 42]
[8, 9]
[8, 44]
[8, 43]
[9, 10]
[9, 45]
[9, 44]
[10, 11]
[10, 45]
[16, 52]
[16, 51]
[18, 19]
[18, 53]
[19, 55]
[21, 22]
[21, 57]
[21, 56]
[22, 23]
[22, 58]
[22, 57]
[23, 58]
[25, 26]
[25, 61]
[26, 61]
[30, 66]
[30, 65]
[34, 69]
[35, 1]
[35, 71]
[39, 5]
[39, 75]
[39, 74]
[41, 42]
[41, 7]
[41, 77]
[41, 76]
[42, 43]
[42, 8]
[42, 78]
[42, 77]
[43, 44]
[43, 9]
[43, 78]
[44, 45]
[44, 10]
[45, 11]
[45, 81]
[50, 51]
[50, 16]
[50, 86]
[50, 85]
[51, 52]
[51, 86]
[52, 53]
[52, 18]
[52, 88]
[53, 19]
[53, 88]
[55, 56]
[55, 21]
[56, 57]
[56, 22]
[56, 92]
[57, 58]
[57, 23]
[57, 93]
[57, 92]
[58, 94]
[58, 93]
[61, 96]
[63, 99]
[65, 66]
[65, 101]
[65, 100]
[66, 102]
[66, 101]
[68, 69]
[68, 34]
[68, 103]
[71, 107]
[74, 75]
[75, 76]
[75, 41]
[76, 77]
[76, 42]
[76, 112]
[77, 78]
[77, 43]
[77, 113]
[77, 112]
[78, 44]
[78, 114]
[78, 113]
[81, 82]
[81, 116]
[82, 83]
[83, 84]
[84, 85]
[84, 50]
[84, 120]
[85, 86]
[85, 51]
[85, 121]
[85, 120]
[86, 52]
[86, 121]
[88, 123]
[92, 93]
[92, 58]
[93, 94]
[94, 95]
[95, 96]
[95, 61]
[96, 132]
[99, 100]
[99, 65]
[100, 101]
[100, 66]
[100, 136]
[101, 102]
[101, 137]
[101, 136]
[102, 103]
[102, 68]
[102, 137]
[103, 69]
[105, 71]
[107, 108]
[107, 143]
[108, 74]
[108, 143]
[112, 113]
[112, 78]
[113, 114]
[116, 82]
[116, 152]
[120, 121]
[120, 86]
[120, 156]
[120, 155]
[121, 157]
[121, 156]
[123, 159]
[132, 133]
[132, 168]
[133, 99]
[133, 169]
[133, 168]
[136, 137]
[136, 102]
[136, 172]
[137, 103]
[137, 173]
[137, 172]
[143, 178]
[152, 153]
[152, 188]
[153, 154]
[153, 189]
[153, 188]
[154, 155]
[154, 120]
[154, 190]
[154, 189]
[155, 156]
[155, 121]
[155, 191]
[155, 190]
[156, 157]
[156, 192]
[156, 191]
[157, 123]
[157, 192]
[159, 160]
[159, 195]
[160, 195]
[163, 198]
[166, 132]
[166, 201]
[168, 169]
[168, 203]
[169, 170]
[170, 136]
[170, 206]
[172, 173]
[172, 208]
[173, 174]
[173, 209]
[173, 208]
[174, 209]
[175, 176]
[176, 177]
[176, 212]
[177, 178]
[177, 143]
[177, 213]
[177, 212]
[178, 214]
[178, 213]
[186, 152]
[186, 222]
[186, 221]
[188, 189]
[188, 154]
[188, 224]
[188, 223]
[189, 190]
[189, 155]
[189, 224]
[190, 191]
[190, 156]
[191, 192]
[191, 157]
[192, 228]
[195, 231]
[198, 234]
[198, 233]
[201, 236]
[203, 169]
[206, 172]
[208, 209]
[208, 174]
[208, 243]
[212, 213]
[212, 178]
[213, 214]
[214, 215]
[217, 218]
[218, 219]
[219, 220]
[220, 221]
[220, 186]
[221, 222]
[222, 223]
[222, 188]
[223, 224]
[223, 189]
[224, 190]
[231, 232]
[232, 233]
[232, 198]
[233, 234]
[234, 235]
[235, 236]
[235, 201]
[240, 206]
[243, 209]
