[4, 5]
[4, 40]
[4, 39]
[5, 6]
[5, 41]
[5, 40]
[6, 7]
[6, 41]
[15, 51]
[23, 58]
[25, 61]
[25, 60]
[29, 65]
[31, 32]
[31, 66]
[32, 68]
[36, 37]
[36, 72]
[36, 71]
[37, 73]
[37, 72]
[39, 40]
[39, 5]
[39, 74]
[40, 41]
[40, 6]
[40, 76]
[41, 7]
[41, 76]
[45, 46]
[45, 81]
[45, 80]
[46, 47]
[46, 81]
[47, 13]
[51, 17]
[51, 87]
[55, 56]
[55, 91]
[55, 90]
[56, 57]
[56, 91]
[57, 58]
[57, 23]
[58, 94]
[60, 61]
[60, 96]
[60, 95]
[61, 97]
[61, 96]
[65, 66]
[65, 31]
[65, 100]
[66, 32]
[68, 34]
[71, 72]
[71, 37]
[71, 107]
[71, 106]
[72, 73]
[72, 108]
[72, 107]
[73, 74]
[73, 39]
[73, 108]
[74, 40]
[74, 110]
[76, 111]
[78, 114]
[80, 81]
[80, 46]
[81, 47]
[84, 85]
[85, 51]
[85, 121]
[87, 123]
[90, 91]
[90, 56]
[90, 125]
[91, 57]
[91, 127]
[94, 95]
[94, 60]
[95, 96]
[95, 61]
[96, 97]
[97, 133]
[100, 66]
[100, 136]
[100, 135]
[106, 107]
[106, 72]
[106, 142]
[107, 108]
[107, 73]
[107, 142]
[108, 74]
[108, 144]
[110, 111]
[110, 76]
[110, 146]
[111, 146]
[114, 80]
[118, 84]
[118, 153]
[121, 87]
[121, 156]
[123, 159]
[123, 158]
[125, 91]
[125, 161]
[125, 160]
[127, 163]
[127, 162]
[133, 169]
[135, 136]
[136, 172]
[140, 106]
[140, 175]
[142, 108]
[142, 178]
[142, 177]
[144, 110]
[146, 181]
[148, 114]
[148, 183]
[152, 153]
[152, 118]
[152, 188]
[152, 187]
[153, 189]
[153, 188]
[156, 191]
[158, 159]
[158, 193]
[159, 160]
[159, 125]
[159, 195]
[160, 161]
[160, 195]
[161, 162]
[161, 127]
[162, 163]
[162, 198]
[163, 198]
[167, 133]
[169, 135]
[169, 204]
[172, 173]
[172, 208]
[172, 207]
[173, 209]
[173, 208]
[175, 211]
[175, 210]
[177, 178]
[177, 212]
[178, 144]
[183, 219]
[185, 186]
[185, 221]
[186, 187]
[186, 152]
[186, 222]
[186, 221]
[187, 188]
[187, 153]
[187, 223]
[187, 222]
[188, 189]
[188, 223]
[189, 190]
[190, 191]
[190, 156]
[193, 159]
[193, 228]
[195, 161]
[195, 231]
[204, 239]
[207, 208]
[207, 173]
[208, 209]
[210, 211]
[211, 212]
[211, 177]
[212, 178]
[219, 185]
[221, 222]
[221, 187]
[222, 223]
[222, 188]
[223, 189]
[231, 232]
[232, 198]
[235, 236]
[236, 237]
[237, 238]
[238, 239]
[238, 204]
[241, 207]
