[4, 5]
[4, 40]
[5, 41]
[5, 40]
[7, 8]
[7, 43]
[7, 42]
[8, 9]
[8, 44]
[8, 43]
[9, 10]
[9, 44]
[14, 15]
[14, 50]
[14, 49]
[15, 16]
[15, 51]
[15, 50]
[16, 52]
[16, 51]
[18, 19]
[18, 54]
[19, 20]
[19, 54]
[20, 56]
[22, 23]
[22, 58]
[22, 57]
[23, 24]
[23, 58]
[29, 30]
[29, 65]
[29, 64]
[30, 31]
[30, 66]
[30, 65]
[31, 66]
[34, 69]
[40, 41]
[40, 76]
[40, 75]
[41, 42]
[41, 7]
[41, 77]
[41, 76]
[42, 43]
[42, 8]
[42, 77]
[43, 44]
[43, 9]
[44, 10]
[44, 80]
[49, 50]
[49, 15]
[49, 85]
[49, 84]
[50, 51]
[50, 16]
[50, 86]
[50, 85]
[51, 52]
[51, 87]
[51, 86]
[52, 18]
[52, 88]
[52, 87]
[54, 20]
[54, 90]
[56, 57]
[56, 22]
[56, 91]
[57, 58]
[57, 23]
[57, 93]
[58, 24]
[58, 94]
[58, 93]
[64, 65]
[64, 30]
[64, 99]
[65, 66]
[65, 31]
[66, 102]
[69, 104]
[71, 106]
[73, 74]
[74, 75]
[74, 40]
[74, 110]
[75, 76]
[75, 41]
[75, 111]
[75, 110]
[76, 77]
[76, 42]
[76, 112]
[76, 111]
[77, 43]
[77, 112]
[80, 116]
[80, 115]
[84, 85]
[84, 50]
[84, 120]
[84, 119]
[85, 86]
[85, 51]
[85, 121]
[85, 120]
[86, 87]
[86, 52]
[86, 121]
[87, 88]
[88, 54]
[88, 124]
[90, 91]
[90, 56]
[90, 126]
[90, 125]
[91, 57]
[91, 127]
[91, 126]
[93, 94]
[94, 95]
[94, 130]
[95, 130]
[97, 98]
[97, 132]
[98, 99]
[98, 64]
[99, 65]
[102, 103]
[102, 138]
[102, 137]
[103, 104]
[103, 69]
[103, 138]
[106, 142]
[106, 141]
[110, 111]
[110, 76]
[111, 112]
[111, 77]
[112, 148]
[115, 116]
[115, 151]
[116, 117]
[116, 152]
[116, 151]
[117, 153]
[117, 152]
[119, 120]
[119, 85]
[119, 155]
[119, 154]
[120, 121]
[120, 86]
[120, 156]
[120, 155]
[121, 87]
[121, 157]
[121, 156]
[124, 125]
[124, 90]
[124, 160]
[124, 159]
[125, 126]
[125, 91]
[125, 160]
[126, 127]
[126, 162]
[127, 93]
[127, 162]
[132, 98]
[132, 168]
[132, 167]
[136, 137]
[136, 102]
[136, 172]
[136, 171]
[137, 138]
[137, 103]
[137, 173]
[137, 172]
[138, 104]
[138, 174]
[138, 173]
[141, 142]
[141, 177]
[142, 143]
[142, 177]
[143, 144]
[144, 110]
[144, 180]
[148, 149]
[148, 184]
[148, 183]
[149, 115]
[149, 185]
[149, 184]
[151, 152]
[151, 117]
[151, 187]
[151, 186]
[152, 153]
[152, 188]
[152, 187]
[153, 154]
[153, 119]
[153, 188]
[154, 155]
[154, 120]
[155, 156]
[155, 121]
[155, 191]
[156, 157]
[156, 191]
[157, 193]
[159, 160]
[159, 125]
[159, 194]
[160, 126]
[160, 196]
[162, 198]
[162, 197]
[167, 168]
[167, 203]
[168, 204]
[168, 203]
[170, 171]
[170, 136]
[171, 172]
[171, 137]
[171, 207]
[172, 173]
[172, 138]
[172, 208]
[172, 207]
[173, 174]
[173, 209]
[173, 208]
[174, 209]
[175, 141]
[175, 211]
[175, 210]
[177, 143]
[177, 212]
[180, 181]
[180, 216]
[180, 215]
[181, 216]
[183, 184]
[183, 149]
[184, 185]
[185, 186]
[185, 151]
[185, 221]
[186, 187]
[186, 152]
[186, 221]
[187, 188]
[187, 153]
[187, 223]
[188, 154]
[188, 224]
[188, 223]
[191, 157]
[191, 226]
[193, 194]
[193, 159]
[193, 229]
[194, 160]
[194, 230]
[194, 229]
[196, 197]
[196, 162]
[197, 198]
[198, 199]
[201, 167]
[201, 237]
[201, 236]
[203, 204]
[203, 238]
[204, 170]
[204, 240]
[207, 208]
[207, 173]
[208, 209]
[208, 174]
[208, 244]
[209, 244]
[210, 211]
[211, 212]
[211, 177]
[215, 216]
[215, 181]
[221, 187]
[223, 224]
[224, 225]
[225, 226]
[225, 191]
[229, 230]
[230, 196]
[236, 237]
[237, 238]
[237, 203]
[238, 204]
[240, 241]
[241, 207]
