[4, 5]
[4, 40]
[4, 39]
[5, 40]
[9, 45]
[9, 44]
[14, 15]
[14, 50]
[14, 49]
[15, 16]
[15, 51]
[15, 50]
[16, 51]
[18, 19]
[21, 57]
[21, 56]
[27, 62]
[30, 66]
[35, 71]
[38, 39]
[38, 4]
[38, 74]
[38, 73]
[39, 40]
[39, 5]
[39, 75]
[39, 74]
[40, 76]
[40, 75]
[44, 45]
[44, 80]
[45, 80]
[48, 49]
[48, 14]
[48, 84]
[48, 83]
[49, 50]
[49, 15]
[49, 85]
[49, 84]
[50, 51]
[50, 16]
[50, 85]
[56, 57]
[57, 23]
[62, 97]
[64, 30]
[66, 102]
[66, 101]
[71, 107]
[73, 74]
[73, 39]
[73, 109]
[73, 108]
[74, 75]
[74, 40]
[74, 109]
[75, 76]
[76, 112]
[80, 116]
[83, 84]
[83, 49]
[83, 119]
[83, 118]
[84, 85]
[84, 50]
[84, 120]
[84, 119]
[85, 51]
[85, 121]
[85, 120]
[90, 56]
[90, 125]
[94, 130]
[101, 102]
[101, 137]
[101, 136]
[102, 103]
[102, 137]
[103, 104]
[103, 139]
[104, 139]
[105, 71]
[107, 108]
[107, 73]
[108, 109]
[108, 74]
[109, 75]
[112, 113]
[112, 148]
[112, 147]
[113, 114]
[113, 148]
[114, 80]
[118, 119]
[118, 84]
[119, 120]
[119, 85]
[119, 155]
[120, 121]
[120, 155]
[121, 122]
[122, 123]
[125, 161]
[128, 94]
[128, 164]
[128, 163]
[130, 131]
[130, 166]
[130, 165]
[131, 97]
[131, 167]
[131, 166]
[136, 137]
[136, 102]
[137, 103]
[139, 174]
[147, 148]
[147, 113]
[148, 114]
[155, 121]
[161, 162]
[161, 196]
[162, 163]
[162, 128]
[163, 164]
[163, 199]
[164, 165]
[164, 130]
[164, 199]
[165, 166]
[165, 131]
[166, 167]
[177, 212]
[181, 147]
[181, 216]
[185, 221]
[188, 189]
[188, 223]
[189, 155]
[193, 194]
[193, 229]
[194, 229]
[196, 162]
[196, 232]
[199, 165]
[206, 207]
[206, 242]
[207, 208]
[207, 242]
[208, 174]
[211, 212]
[211, 177]
[219, 185]
[223, 189]
[232, 233]
[233, 199]
[236, 237]
[237, 238]
[240, 206]
[242, 208]
