[6, 42]
[6, 41]
[8, 9]
[8, 44]
[8, 43]
[9, 10]
[9, 45]
[9, 44]
[10, 11]
[10, 45]
[11, 12]
[11, 47]
[12, 13]
[12, 47]
[13, 14]
[14, 15]
[14, 50]
[15, 50]
[17, 18]
[17, 53]
[18, 19]
[18, 53]
[19, 20]
[19, 55]
[20, 56]
[20, 55]
[25, 26]
[26, 27]
[27, 28]
[30, 66]
[30, 65]
[35, 1]
[35, 71]
[35, 70]
[38, 73]
[41, 42]
[42, 43]
[42, 8]
[42, 78]
[43, 44]
[43, 9]
[43, 78]
[44, 45]
[44, 10]
[45, 11]
[47, 13]
[47, 83]
[50, 86]
[53, 19]
[53, 88]
[55, 56]
[55, 91]
[56, 91]
[65, 66]
[65, 100]
[66, 67]
[67, 103]
[70, 71]
[70, 106]
[71, 107]
[71, 106]
[78, 44]
[78, 114]
[78, 113]
[83, 84]
[83, 118]
[84, 50]
[86, 87]
[86, 121]
[87, 88]
[87, 53]
[87, 123]
[88, 124]
[88, 123]
[91, 127]
[93, 94]
[93, 129]
[94, 129]
[97, 98]
[97, 133]
[97, 132]
[98, 134]
[98, 133]
[100, 66]
[100, 136]
[103, 104]
[103, 139]
[103, 138]
[104, 139]
[106, 107]
[106, 142]
[106, 141]
[107, 73]
[107, 142]
[111, 112]
[111, 147]
[111, 146]
[112, 113]
[112, 78]
[112, 148]
[112, 147]
[113, 114]
[113, 149]
[113, 148]
[114, 115]
[114, 150]
[114, 149]
[115, 150]
[118, 84]
[118, 153]
[121, 87]
[123, 124]
[123, 158]
[127, 93]
[129, 165]
[129, 164]
[132, 133]
[132, 98]
[133, 134]
[133, 169]
[134, 100]
[134, 170]
[134, 169]
[138, 139]
[138, 104]
[141, 142]
[141, 107]
[141, 176]
[142, 178]
[145, 146]
[145, 111]
[145, 180]
[146, 147]
[146, 112]
[147, 148]
[147, 113]
[148, 149]
[148, 114]
[149, 150]
[149, 115]
[150, 186]
[152, 153]
[152, 118]
[152, 188]
[153, 188]
[158, 124]
[158, 194]
[161, 127]
[161, 196]
[164, 165]
[164, 200]
[164, 199]
[165, 201]
[165, 200]
[169, 170]
[170, 136]
[170, 206]
[176, 142]
[176, 212]
[176, 211]
[178, 179]
[178, 214]
[178, 213]
[179, 180]
[179, 145]
[179, 214]
[180, 146]
[180, 216]
[186, 152]
[186, 222]
[186, 221]
[188, 224]
[191, 227]
[194, 230]
[196, 231]
[198, 199]
[198, 164]
[198, 233]
[199, 200]
[199, 165]
[200, 201]
[200, 236]
[201, 236]
[203, 169]
[203, 239]
[206, 241]
[208, 244]
[211, 212]
[212, 213]
[212, 178]
[213, 214]
[213, 179]
[214, 180]
[216, 217]
[217, 218]
[218, 219]
[219, 220]
[220, 221]
[220, 186]
[221, 222]
[222, 188]
[227, 228]
[228, 194]
[230, 231]
[230, 196]
[233, 199]
