[0, 36]
[0, 35]
[3, 4]
[3, 39]
[4, 39]
[6, 42]
[10, 11]
[10, 46]
[11, 47]
[11, 46]
[13, 48]
[16, 51]
[20, 21]
[20, 56]
[20, 55]
[21, 22]
[21, 57]
[21, 56]
[22, 58]
[22, 57]
[25, 61]
[29, 65]
[33, 34]
[33, 68]
[35, 36]
[35, 71]
[35, 70]
[36, 37]
[36, 71]
[37, 3]
[37, 73]
[39, 75]
[42, 43]
[42, 78]
[42, 77]
[43, 79]
[43, 78]
[46, 47]
[46, 81]
[47, 48]
[47, 13]
[47, 83]
[48, 84]
[48, 83]
[50, 51]
[50, 16]
[50, 86]
[50, 85]
[51, 86]
[54, 55]
[54, 20]
[55, 56]
[55, 21]
[56, 57]
[56, 22]
[57, 58]
[58, 59]
[58, 94]
[59, 25]
[59, 94]
[61, 27]
[61, 97]
[65, 100]
[67, 68]
[67, 33]
[67, 102]
[68, 34]
[68, 104]
[70, 71]
[70, 36]
[70, 106]
[71, 37]
[71, 107]
[71, 106]
[73, 39]
[75, 76]
[75, 111]
[75, 110]
[76, 77]
[76, 42]
[76, 111]
[77, 78]
[77, 43]
[78, 79]
[79, 80]
[80, 81]
[80, 46]
[80, 116]
[81, 47]
[81, 117]
[81, 116]
[83, 84]
[83, 119]
[84, 85]
[84, 50]
[84, 120]
[84, 119]
[85, 86]
[85, 51]
[85, 121]
[85, 120]
[86, 122]
[86, 121]
[88, 54]
[88, 124]
[94, 130]
[97, 98]
[97, 133]
[98, 99]
[98, 134]
[98, 133]
[99, 100]
[99, 65]
[99, 135]
[99, 134]
[100, 135]
[102, 68]
[102, 137]
[104, 139]
[106, 107]
[106, 141]
[107, 73]
[110, 111]
[110, 76]
[110, 146]
[111, 77]
[111, 146]
[116, 117]
[116, 152]
[116, 151]
[117, 83]
[117, 153]
[117, 152]
[119, 120]
[119, 85]
[119, 155]
[120, 121]
[120, 86]
[120, 156]
[120, 155]
[121, 122]
[121, 157]
[121, 156]
[122, 88]
[122, 158]
[122, 157]
[124, 125]
[124, 160]
[125, 126]
[125, 160]
[126, 127]
[126, 162]
[127, 128]
[127, 162]
[128, 94]
[128, 164]
[130, 131]
[130, 166]
[130, 165]
[131, 97]
[131, 167]
[131, 166]
[133, 134]
[133, 99]
[133, 169]
[134, 135]
[134, 100]
[134, 170]
[134, 169]
[135, 171]
[135, 170]
[137, 173]
[141, 107]
[141, 177]
[141, 176]
[146, 181]
[150, 151]
[150, 116]
[150, 186]
[151, 152]
[151, 117]
[151, 187]
[151, 186]
[152, 153]
[152, 188]
[152, 187]
[153, 119]
[153, 188]
[155, 156]
[155, 121]
[155, 190]
[156, 157]
[156, 122]
[156, 192]
[157, 158]
[157, 192]
[158, 124]
[158, 194]
[160, 126]
[162, 128]
[162, 198]
[162, 197]
[164, 165]
[164, 130]
[164, 200]
[165, 166]
[165, 131]
[165, 201]
[165, 200]
[166, 167]
[166, 202]
[166, 201]
[167, 133]
[167, 202]
[169, 170]
[169, 135]
[169, 204]
[170, 171]
[171, 137]
[173, 139]
[173, 209]
[173, 208]
[175, 176]
[175, 141]
[175, 211]
[175, 210]
[176, 177]
[176, 212]
[176, 211]
[177, 178]
[177, 213]
[177, 212]
[178, 179]
[178, 214]
[178, 213]
[179, 180]
[179, 215]
[179, 214]
[180, 181]
[180, 146]
[180, 216]
[180, 215]
[181, 217]
[181, 216]
[184, 150]
[184, 220]
[184, 219]
[186, 187]
[186, 152]
[186, 221]
[187, 188]
[187, 153]
[190, 156]
[192, 158]
[192, 228]
[192, 227]
[194, 160]
[194, 230]
[194, 229]
[197, 198]
[197, 232]
[198, 164]
[200, 201]
[200, 166]
[200, 235]
[201, 202]
[201, 167]
[201, 237]
[202, 237]
[204, 170]
[204, 240]
[204, 239]
[208, 209]
[208, 244]
[208, 243]
[209, 244]
[210, 211]
[210, 176]
[211, 212]
[211, 177]
[212, 213]
[212, 178]
[213, 214]
[213, 179]
[214, 215]
[214, 180]
[215, 216]
[215, 181]
[216, 217]
[219, 220]
[220, 221]
[220, 186]
[221, 187]
[227, 228]
[228, 229]
[228, 194]
[229, 230]
[230, 231]
[231, 232]
[231, 197]
[232, 198]
[235, 201]
[239, 240]
[242, 243]
[242, 208]
[243, 244]
[243, 209]
