[0, 36]
[0, 35]
[2, 3]
[2, 38]
[2, 37]
[3, 38]
[12, 13]
[12, 48]
[12, 47]
[13, 14]
[13, 48]
[14, 15]
[14, 50]
[15, 51]
[15, 50]
[17, 18]
[17, 53]
[18, 19]
[18, 54]
[18, 53]
[19, 20]
[19, 54]
[20, 56]
[25, 26]
[25, 61]
[25, 60]
[26, 27]
[26, 62]
[26, 61]
[27, 63]
[27, 62]
[29, 30]
[29, 65]
[30, 31]
[30, 65]
[31, 67]
[35, 36]
[35, 71]
[36, 37]
[36, 2]
[36, 72]
[36, 71]
[37, 38]
[37, 3]
[37, 72]
[38, 74]
[40, 6]
[40, 75]
[44, 79]
[47, 48]
[47, 13]
[48, 14]
[48, 84]
[50, 51]
[50, 86]
[51, 17]
[51, 87]
[51, 86]
[53, 54]
[53, 19]
[53, 89]
[54, 20]
[54, 89]
[56, 91]
[58, 59]
[58, 93]
[59, 60]
[59, 25]
[59, 95]
[60, 61]
[60, 26]
[60, 96]
[60, 95]
[61, 62]
[61, 27]
[61, 97]
[61, 96]
[62, 63]
[62, 97]
[63, 29]
[65, 31]
[65, 100]
[67, 33]
[71, 72]
[71, 37]
[71, 106]
[72, 38]
[74, 75]
[74, 40]
[75, 111]
[78, 79]
[78, 44]
[78, 114]
[78, 113]
[79, 115]
[79, 114]
[81, 47]
[81, 117]
[81, 116]
[84, 50]
[84, 120]
[84, 119]
[86, 87]
[86, 122]
[87, 53]
[87, 123]
[87, 122]
[89, 125]
[89, 124]
[93, 59]
[93, 129]
[93, 128]
[95, 96]
[95, 61]
[96, 97]
[96, 62]
[96, 132]
[97, 63]
[97, 133]
[97, 132]
[100, 136]
[100, 135]
[105, 106]
[105, 71]
[105, 141]
[105, 140]
[106, 72]
[106, 142]
[106, 141]
[111, 112]
[111, 147]
[112, 113]
[112, 78]
[112, 148]
[112, 147]
[113, 114]
[113, 79]
[113, 148]
[114, 115]
[114, 150]
[115, 116]
[115, 81]
[115, 151]
[115, 150]
[116, 117]
[116, 152]
[116, 151]
[117, 118]
[117, 152]
[118, 119]
[118, 84]
[118, 154]
[119, 120]
[119, 154]
[120, 86]
[122, 123]
[122, 157]
[123, 124]
[123, 89]
[123, 159]
[124, 125]
[124, 159]
[125, 91]
[125, 161]
[128, 129]
[128, 163]
[129, 95]
[132, 133]
[133, 169]
[135, 136]
[135, 171]
[136, 172]
[136, 171]
[139, 174]
[140, 141]
[140, 106]
[140, 175]
[141, 142]
[141, 177]
[142, 143]
[142, 177]
[143, 144]
[144, 180]
[147, 148]
[147, 113]
[147, 183]
[147, 182]
[148, 114]
[148, 184]
[148, 183]
[150, 151]
[150, 116]
[151, 152]
[151, 117]
[151, 187]
[152, 118]
[152, 188]
[152, 187]
[154, 120]
[154, 190]
[157, 123]
[157, 193]
[159, 125]
[159, 195]
[161, 197]
[163, 129]
[163, 199]
[163, 198]
[169, 135]
[171, 172]
[171, 207]
[171, 206]
[172, 173]
[172, 208]
[172, 207]
[173, 174]
[173, 139]
[173, 209]
[173, 208]
[174, 209]
[175, 141]
[175, 211]
[177, 143]
[180, 181]
[180, 215]
[181, 182]
[181, 147]
[181, 217]
[182, 183]
[182, 148]
[182, 217]
[183, 184]
[184, 150]
[184, 220]
[187, 188]
[187, 222]
[188, 154]
[188, 224]
[190, 191]
[191, 157]
[193, 159]
[193, 228]
[195, 161]
[195, 231]
[195, 230]
[197, 198]
[197, 163]
[197, 232]
[198, 199]
[199, 200]
[199, 235]
[200, 235]
[203, 169]
[206, 207]
[206, 172]
[207, 208]
[207, 173]
[207, 243]
[208, 209]
[208, 174]
[208, 244]
[208, 243]
[209, 244]
[211, 177]
[214, 215]
[214, 180]
[215, 181]
[217, 183]
[222, 188]
[224, 190]
[230, 231]
[231, 232]
[231, 197]
[232, 198]
[243, 244]
[243, 209]
