[0, 1]
[3, 4]
[3, 39]
[3, 38]
[4, 5]
[4, 39]
[5, 6]
[6, 42]
[10, 46]
[10, 45]
[12, 13]
[12, 47]
[13, 14]
[13, 49]
[14, 15]
[14, 50]
[14, 49]
[15, 51]
[15, 50]
[18, 19]
[18, 53]
[19, 55]
[23, 58]
[25, 60]
[27, 28]
[27, 63]
[28, 64]
[28, 63]
[30, 31]
[30, 66]
[31, 32]
[31, 66]
[32, 68]
[38, 39]
[38, 4]
[38, 74]
[38, 73]
[39, 5]
[39, 74]
[42, 8]
[45, 46]
[45, 80]
[46, 47]
[46, 12]
[47, 13]
[49, 50]
[49, 15]
[50, 51]
[50, 86]
[51, 52]
[51, 87]
[51, 86]
[52, 53]
[52, 18]
[52, 87]
[53, 19]
[55, 91]
[55, 90]
[57, 58]
[57, 23]
[58, 94]
[60, 95]
[63, 64]
[64, 30]
[64, 100]
[66, 32]
[66, 101]
[68, 34]
[71, 107]
[71, 106]
[73, 74]
[73, 39]
[73, 109]
[74, 109]
[76, 42]
[80, 46]
[86, 87]
[86, 52]
[86, 121]
[87, 53]
[90, 91]
[90, 126]
[90, 125]
[91, 57]
[91, 127]
[91, 126]
[94, 95]
[94, 60]
[94, 130]
[94, 129]
[95, 130]
[100, 101]
[100, 66]
[101, 137]
[106, 107]
[106, 141]
[107, 73]
[107, 143]
[109, 145]
[114, 80]
[114, 150]
[117, 118]
[117, 153]
[117, 152]
[118, 154]
[118, 153]
[120, 121]
[120, 86]
[120, 156]
[121, 87]
[121, 157]
[121, 156]
[124, 125]
[124, 90]
[124, 160]
[124, 159]
[125, 126]
[125, 91]
[125, 161]
[125, 160]
[126, 127]
[126, 162]
[126, 161]
[127, 128]
[127, 162]
[128, 129]
[128, 94]
[128, 164]
[129, 130]
[129, 95]
[129, 164]
[137, 138]
[137, 172]
[138, 139]
[141, 107]
[141, 177]
[141, 176]
[143, 109]
[143, 179]
[145, 146]
[145, 181]
[145, 180]
[146, 147]
[146, 181]
[150, 151]
[150, 185]
[151, 152]
[151, 117]
[152, 153]
[152, 118]
[153, 154]
[153, 189]
[154, 120]
[154, 190]
[154, 189]
[156, 157]
[156, 192]
[156, 191]
[157, 158]
[157, 193]
[157, 192]
[158, 159]
[158, 124]
[158, 194]
[158, 193]
[159, 160]
[159, 125]
[159, 195]
[159, 194]
[160, 161]
[160, 126]
[160, 195]
[161, 162]
[161, 127]
[162, 128]
[162, 198]
[164, 130]
[164, 199]
[170, 171]
[171, 172]
[171, 137]
[172, 138]
[172, 208]
[176, 177]
[176, 212]
[177, 143]
[177, 213]
[177, 212]
[179, 180]
[179, 145]
[180, 181]
[180, 146]
[181, 147]
[185, 151]
[185, 221]
[189, 190]
[189, 225]
[190, 191]
[190, 156]
[190, 225]
[191, 192]
[191, 157]
[192, 193]
[192, 158]
[193, 194]
[193, 159]
[193, 229]
[194, 195]
[194, 160]
[194, 229]
[195, 161]
[198, 199]
[198, 164]
[201, 236]
[210, 176]
[212, 213]
[213, 179]
[223, 189]
[225, 191]
[229, 195]
[239, 240]
[240, 241]
