[0, 36]
[0, 35]
[5, 40]
[7, 43]
[11, 12]
[11, 47]
[12, 47]
[15, 50]
[20, 55]
[22, 57]
[29, 30]
[30, 66]
[35, 36]
[35, 71]
[36, 2]
[36, 72]
[36, 71]
[39, 40]
[39, 5]
[39, 75]
[39, 74]
[40, 76]
[40, 75]
[43, 44]
[43, 79]
[43, 78]
[44, 45]
[44, 80]
[44, 79]
[45, 11]
[45, 80]
[47, 83]
[50, 86]
[53, 89]
[55, 90]
[57, 92]
[61, 62]
[61, 97]
[62, 97]
[66, 102]
[66, 101]
[71, 72]
[71, 107]
[71, 106]
[72, 107]
[74, 75]
[74, 40]
[74, 109]
[75, 76]
[76, 77]
[76, 112]
[77, 78]
[77, 43]
[77, 112]
[78, 79]
[78, 44]
[79, 80]
[79, 45]
[80, 116]
[83, 119]
[83, 118]
[86, 121]
[89, 90]
[89, 55]
[90, 126]
[92, 128]
[95, 61]
[95, 131]
[95, 130]
[97, 133]
[97, 132]
[99, 135]
[99, 134]
[101, 102]
[101, 136]
[102, 138]
[106, 107]
[106, 72]
[106, 141]
[109, 75]
[109, 144]
[112, 78]
[112, 147]
[116, 151]
[118, 119]
[119, 120]
[120, 121]
[120, 86]
[120, 156]
[121, 156]
[126, 92]
[126, 161]
[128, 164]
[128, 163]
[130, 131]
[130, 166]
[131, 132]
[131, 97]
[131, 166]
[132, 133]
[133, 134]
[133, 99]
[134, 135]
[134, 170]
[135, 136]
[135, 101]
[135, 170]
[136, 102]
[136, 172]
[138, 104]
[138, 174]
[140, 141]
[140, 106]
[141, 107]
[144, 179]
[146, 147]
[146, 112]
[146, 182]
[147, 183]
[147, 182]
[149, 185]
[149, 184]
[156, 192]
[156, 191]
[159, 195]
[163, 164]
[163, 199]
[163, 198]
[164, 130]
[164, 199]
[166, 132]
[170, 136]
[170, 206]
[172, 138]
[172, 208]
[178, 179]
[178, 144]
[178, 214]
[179, 215]
[179, 214]
[182, 183]
[183, 184]
[183, 149]
[184, 185]
[184, 220]
[185, 151]
[185, 221]
[185, 220]
[188, 224]
[188, 223]
[191, 192]
[191, 226]
[192, 193]
[192, 228]
[193, 159]
[193, 228]
[195, 161]
[195, 230]
[198, 199]
[198, 164]
[198, 233]
[203, 204]
[204, 170]
[204, 240]
[206, 172]
[206, 242]
[208, 174]
[208, 243]
[214, 215]
[220, 221]
[221, 222]
[222, 223]
[222, 188]
[223, 224]
[226, 192]
[233, 199]
[237, 203]
[240, 206]
[242, 243]
[242, 208]
