[0, 36]
[0, 35]
[2, 38]
[2, 37]
[4, 40]
[4, 39]
[8, 9]
[8, 44]
[9, 45]
[9, 44]
[11, 12]
[11, 47]
[11, 46]
[12, 13]
[12, 47]
[13, 49]
[15, 16]
[16, 52]
[19, 20]
[19, 54]
[20, 21]
[20, 56]
[21, 22]
[21, 57]
[21, 56]
[22, 58]
[22, 57]
[24, 25]
[24, 60]
[24, 59]
[25, 26]
[25, 60]
[26, 27]
[27, 28]
[30, 65]
[33, 34]
[33, 69]
[33, 68]
[34, 69]
[35, 36]
[36, 37]
[36, 2]
[37, 38]
[37, 73]
[38, 39]
[38, 4]
[38, 73]
[39, 40]
[39, 75]
[40, 41]
[40, 75]
[41, 42]
[42, 8]
[42, 78]
[44, 45]
[44, 80]
[44, 79]
[45, 46]
[45, 11]
[45, 80]
[46, 47]
[46, 12]
[47, 13]
[49, 15]
[49, 85]
[49, 84]
[52, 53]
[52, 87]
[53, 54]
[53, 19]
[53, 89]
[54, 20]
[54, 90]
[54, 89]
[56, 57]
[56, 22]
[56, 92]
[57, 58]
[57, 92]
[58, 59]
[58, 24]
[58, 94]
[59, 60]
[59, 25]
[59, 95]
[59, 94]
[60, 26]
[60, 96]
[60, 95]
[68, 69]
[68, 34]
[68, 103]
[73, 39]
[75, 41]
[75, 111]
[75, 110]
[78, 79]
[78, 44]
[78, 114]
[79, 80]
[79, 45]
[79, 115]
[79, 114]
[80, 46]
[80, 116]
[80, 115]
[84, 85]
[84, 120]
[84, 119]
[85, 120]
[87, 53]
[87, 123]
[89, 90]
[89, 124]
[90, 56]
[90, 126]
[92, 58]
[92, 127]
[94, 95]
[94, 60]
[95, 96]
[95, 131]
[96, 97]
[96, 132]
[96, 131]
[97, 98]
[97, 132]
[98, 134]
[102, 103]
[102, 68]
[102, 138]
[102, 137]
[103, 69]
[103, 139]
[103, 138]
[105, 141]
[105, 140]
[110, 111]
[110, 146]
[111, 112]
[111, 147]
[111, 146]
[112, 78]
[112, 147]
[114, 115]
[114, 80]
[114, 149]
[115, 116]
[116, 117]
[116, 152]
[117, 118]
[117, 153]
[117, 152]
[118, 119]
[118, 84]
[118, 153]
[119, 120]
[119, 85]
[120, 156]
[123, 124]
[123, 89]
[124, 90]
[124, 160]
[126, 127]
[126, 92]
[126, 162]
[126, 161]
[127, 163]
[127, 162]
[131, 132]
[131, 97]
[131, 167]
[131, 166]
[132, 98]
[132, 167]
[134, 169]
[136, 137]
[136, 102]
[136, 172]
[137, 138]
[137, 103]
[137, 173]
[137, 172]
[138, 139]
[138, 173]
[140, 141]
[140, 175]
[141, 142]
[141, 177]
[142, 178]
[142, 177]
[144, 110]
[144, 180]
[144, 179]
[146, 147]
[146, 112]
[149, 115]
[152, 153]
[152, 118]
[152, 188]
[152, 187]
[153, 119]
[153, 189]
[153, 188]
[156, 157]
[156, 191]
[157, 123]
[157, 193]
[160, 161]
[160, 126]
[160, 196]
[160, 195]
[161, 162]
[161, 127]
[161, 196]
[162, 163]
[166, 167]
[166, 132]
[166, 202]
[166, 201]
[167, 203]
[167, 202]
[169, 205]
[169, 204]
[172, 173]
[172, 138]
[172, 208]
[172, 207]
[173, 139]
[173, 208]
[175, 141]
[177, 178]
[177, 213]
[177, 212]
[178, 179]
[178, 144]
[178, 214]
[178, 213]
[179, 180]
[179, 214]
[180, 146]
[186, 187]
[186, 152]
[186, 222]
[186, 221]
[187, 188]
[187, 153]
[187, 223]
[187, 222]
[188, 189]
[188, 224]
[188, 223]
[189, 225]
[189, 224]
[191, 157]
[191, 227]
[193, 194]
[193, 229]
[194, 195]
[194, 160]
[194, 230]
[194, 229]
[195, 196]
[195, 161]
[195, 231]
[195, 230]
[196, 162]
[196, 232]
[196, 231]
[200, 201]
[200, 166]
[200, 236]
[200, 235]
[201, 202]
[201, 167]
[201, 236]
[202, 203]
[202, 238]
[203, 204]
[203, 169]
[203, 239]
[203, 238]
[204, 205]
[204, 239]
[205, 206]
[205, 241]
[206, 207]
[206, 172]
[206, 242]
[206, 241]
[207, 208]
[207, 173]
[207, 243]
[207, 242]
[208, 244]
[208, 243]
[212, 213]
[212, 178]
[213, 214]
[213, 179]
[214, 180]
[219, 220]
[220, 221]
[220, 186]
[221, 222]
[221, 187]
[222, 223]
[222, 188]
[223, 224]
[223, 189]
[224, 225]
[225, 191]
[227, 193]
[229, 230]
[229, 195]
[230, 231]
[230, 196]
[231, 232]
[232, 233]
[235, 236]
[235, 201]
[236, 202]
[238, 239]
[238, 204]
[239, 205]
[241, 242]
[241, 207]
[242, 243]
[242, 208]
[243, 244]
