[3, 4]
[3, 39]
[3, 38]
[4, 39]
[8, 44]
[8, 43]
[10, 11]
[10, 46]
[11, 47]
[11, 46]
[16, 17]
[16, 52]
[16, 51]
[17, 18]
[17, 53]
[17, 52]
[18, 19]
[18, 53]
[19, 20]
[20, 56]
[22, 23]
[22, 58]
[23, 58]
[26, 27]
[26, 61]
[27, 28]
[27, 63]
[28, 64]
[28, 63]
[32, 68]
[32, 67]
[35, 71]
[38, 39]
[38, 4]
[38, 73]
[43, 44]
[43, 78]
[44, 10]
[44, 80]
[46, 47]
[46, 81]
[50, 51]
[50, 16]
[50, 85]
[51, 52]
[51, 17]
[51, 87]
[52, 53]
[52, 18]
[52, 88]
[52, 87]
[53, 19]
[53, 88]
[56, 22]
[56, 92]
[58, 94]
[61, 27]
[61, 96]
[63, 64]
[63, 99]
[63, 98]
[64, 65]
[64, 100]
[64, 99]
[65, 100]
[67, 68]
[67, 103]
[68, 34]
[68, 103]
[71, 107]
[73, 39]
[73, 109]
[78, 44]
[78, 114]
[78, 113]
[80, 81]
[80, 46]
[80, 116]
[81, 47]
[81, 116]
[84, 85]
[84, 50]
[84, 120]
[84, 119]
[85, 51]
[85, 120]
[87, 88]
[87, 53]
[87, 123]
[87, 122]
[88, 123]
[90, 56]
[90, 126]
[92, 58]
[92, 127]
[94, 95]
[95, 96]
[95, 61]
[96, 132]
[98, 99]
[98, 64]
[99, 100]
[99, 65]
[103, 139]
[105, 71]
[105, 140]
[107, 73]
[107, 143]
[109, 110]
[109, 144]
[112, 113]
[112, 78]
[112, 148]
[112, 147]
[113, 114]
[113, 149]
[113, 148]
[114, 80]
[114, 150]
[114, 149]
[116, 151]
[118, 119]
[118, 84]
[118, 154]
[118, 153]
[119, 120]
[119, 85]
[119, 154]
[120, 156]
[122, 123]
[122, 88]
[122, 158]
[123, 158]
[126, 127]
[126, 92]
[132, 98]
[139, 174]
[143, 144]
[143, 109]
[144, 110]
[147, 148]
[147, 113]
[148, 149]
[148, 114]
[148, 184]
[149, 150]
[149, 185]
[149, 184]
[150, 151]
[150, 116]
[150, 186]
[150, 185]
[151, 186]
[153, 154]
[153, 119]
[153, 189]
[154, 120]
[154, 189]
[156, 122]
[158, 194]
[164, 200]
[164, 199]
[166, 132]
[170, 171]
[170, 206]
[170, 205]
[171, 172]
[171, 207]
[171, 206]
[172, 173]
[172, 207]
[173, 174]
[173, 139]
[177, 143]
[177, 213]
[177, 212]
[184, 185]
[184, 150]
[185, 186]
[185, 151]
[185, 221]
[186, 222]
[186, 221]
[189, 225]
[189, 224]
[194, 195]
[194, 229]
[199, 200]
[199, 235]
[200, 166]
[200, 236]
[200, 235]
[205, 206]
[205, 171]
[206, 207]
[206, 172]
[206, 242]
[207, 173]
[207, 243]
[207, 242]
[212, 213]
[213, 214]
[214, 215]
[215, 216]
[221, 222]
[224, 225]
[228, 229]
[228, 194]
[229, 195]
[235, 236]
[242, 243]
