[4, 40]
[4, 39]
[7, 8]
[7, 42]
[10, 45]
[12, 13]
[12, 48]
[13, 49]
[13, 48]
[15, 51]
[19, 55]
[19, 54]
[21, 57]
[23, 24]
[23, 59]
[23, 58]
[24, 60]
[24, 59]
[26, 27]
[26, 62]
[27, 63]
[27, 62]
[30, 31]
[30, 66]
[30, 65]
[31, 67]
[31, 66]
[33, 68]
[39, 40]
[39, 75]
[40, 76]
[40, 75]
[42, 8]
[42, 78]
[42, 77]
[45, 81]
[45, 80]
[48, 49]
[48, 84]
[49, 15]
[49, 85]
[49, 84]
[51, 87]
[51, 86]
[53, 54]
[53, 19]
[53, 89]
[53, 88]
[54, 55]
[54, 89]
[55, 21]
[55, 91]
[57, 58]
[57, 23]
[58, 59]
[58, 24]
[58, 94]
[59, 60]
[59, 94]
[60, 26]
[60, 96]
[62, 63]
[63, 64]
[63, 99]
[64, 65]
[64, 30]
[64, 99]
[65, 66]
[65, 31]
[65, 101]
[66, 67]
[66, 102]
[66, 101]
[67, 68]
[67, 33]
[67, 103]
[67, 102]
[68, 103]
[70, 106]
[70, 105]
[72, 108]
[75, 76]
[76, 77]
[76, 42]
[77, 78]
[78, 79]
[78, 114]
[79, 80]
[79, 45]
[79, 115]
[79, 114]
[80, 81]
[80, 115]
[81, 117]
[84, 85]
[85, 86]
[85, 51]
[86, 87]
[87, 88]
[87, 53]
[87, 123]
[88, 89]
[88, 54]
[88, 124]
[88, 123]
[89, 55]
[89, 125]
[89, 124]
[91, 57]
[91, 127]
[91, 126]
[94, 60]
[94, 130]
[96, 62]
[96, 132]
[96, 131]
[99, 65]
[101, 102]
[101, 67]
[101, 137]
[102, 103]
[102, 68]
[102, 137]
[105, 106]
[106, 72]
[106, 142]
[108, 144]
[108, 143]
[114, 115]
[114, 80]
[114, 150]
[115, 81]
[115, 151]
[115, 150]
[117, 118]
[117, 153]
[118, 84]
[118, 154]
[118, 153]
[123, 124]
[123, 89]
[123, 158]
[124, 125]
[125, 126]
[125, 91]
[126, 127]
[126, 162]
[127, 128]
[127, 162]
[128, 94]
[128, 164]
[130, 131]
[130, 96]
[130, 166]
[130, 165]
[131, 132]
[131, 167]
[131, 166]
[132, 133]
[132, 168]
[132, 167]
[133, 99]
[133, 169]
[133, 168]
[137, 103]
[137, 173]
[137, 172]
[142, 143]
[142, 108]
[143, 144]
[144, 145]
[147, 183]
[150, 151]
[150, 186]
[150, 185]
[151, 117]
[151, 187]
[151, 186]
[153, 154]
[153, 189]
[153, 188]
[154, 155]
[154, 190]
[154, 189]
[155, 156]
[155, 191]
[155, 190]
[156, 192]
[156, 191]
[158, 124]
[158, 194]
[158, 193]
[162, 128]
[164, 165]
[164, 130]
[165, 166]
[165, 131]
[166, 167]
[166, 132]
[166, 202]
[167, 168]
[167, 133]
[167, 202]
[168, 169]
[172, 173]
[172, 208]
[172, 207]
[173, 209]
[173, 208]
[176, 142]
[176, 211]
[183, 184]
[183, 219]
[184, 185]
[184, 150]
[184, 219]
[185, 186]
[185, 151]
[186, 187]
[186, 222]
[187, 188]
[187, 153]
[187, 223]
[187, 222]
[188, 189]
[188, 154]
[188, 223]
[189, 190]
[189, 155]
[190, 191]
[190, 156]
[191, 192]
[191, 227]
[192, 193]
[192, 158]
[192, 227]
[193, 194]
[193, 229]
[194, 230]
[194, 229]
[202, 168]
[202, 238]
[206, 207]
[206, 172]
[206, 241]
[207, 208]
[207, 173]
[207, 243]
[208, 209]
[208, 243]
[210, 211]
[210, 176]
[215, 216]
[216, 217]
[217, 183]
[219, 185]
[222, 223]
[222, 188]
[223, 189]
[227, 193]
[229, 230]
[230, 231]
[231, 232]
[240, 241]
[240, 206]
[241, 207]
[243, 209]
