[0, 1]
[0, 36]
[1, 2]
[1, 36]
[4, 40]
[4, 39]
[6, 42]
[9, 44]
[11, 47]
[14, 15]
[15, 16]
[16, 17]
[17, 18]
[18, 54]
[21, 57]
[23, 58]
[25, 26]
[25, 60]
[26, 27]
[26, 62]
[27, 63]
[27, 62]
[32, 33]
[32, 68]
[32, 67]
[33, 68]
[36, 2]
[36, 72]
[39, 40]
[39, 74]
[40, 6]
[42, 43]
[43, 44]
[43, 9]
[43, 79]
[44, 80]
[44, 79]
[47, 83]
[54, 55]
[54, 90]
[54, 89]
[55, 21]
[55, 90]
[57, 58]
[57, 23]
[57, 93]
[58, 94]
[58, 93]
[60, 26]
[60, 96]
[62, 63]
[62, 98]
[63, 99]
[63, 98]
[65, 101]
[65, 100]
[67, 68]
[67, 33]
[67, 103]
[68, 103]
[72, 73]
[73, 74]
[73, 39]
[74, 40]
[74, 110]
[79, 80]
[79, 115]
[80, 81]
[80, 116]
[80, 115]
[81, 47]
[81, 116]
[87, 88]
[88, 89]
[88, 54]
[88, 124]
[89, 90]
[89, 55]
[89, 124]
[93, 94]
[93, 129]
[93, 128]
[94, 60]
[94, 129]
[96, 62]
[96, 131]
[98, 99]
[98, 133]
[99, 100]
[99, 65]
[99, 135]
[100, 101]
[100, 136]
[100, 135]
[101, 67]
[101, 137]
[101, 136]
[106, 72]
[106, 142]
[106, 141]
[110, 146]
[110, 145]
[112, 113]
[113, 79]
[115, 116]
[115, 81]
[115, 151]
[116, 152]
[116, 151]
[124, 90]
[124, 160]
[124, 159]
[127, 128]
[127, 93]
[127, 163]
[127, 162]
[128, 129]
[128, 94]
[128, 163]
[129, 165]
[131, 167]
[131, 166]
[133, 99]
[133, 169]
[135, 136]
[135, 101]
[136, 137]
[136, 172]
[137, 103]
[137, 173]
[137, 172]
[141, 142]
[141, 177]
[142, 143]
[142, 177]
[145, 146]
[145, 181]
[146, 112]
[146, 181]
[151, 152]
[151, 187]
[152, 187]
[155, 156]
[156, 192]
[159, 160]
[159, 194]
[160, 161]
[161, 162]
[161, 127]
[162, 163]
[162, 128]
[163, 129]
[165, 166]
[165, 131]
[165, 201]
[166, 167]
[166, 201]
[167, 133]
[167, 203]
[169, 135]
[172, 173]
[172, 208]
[172, 207]
[173, 208]
[177, 143]
[177, 213]
[181, 217]
[181, 216]
[185, 151]
[187, 222]
[189, 155]
[189, 224]
[194, 160]
[201, 167]
[201, 237]
[203, 169]
[203, 239]
[203, 238]
[206, 207]
[206, 172]
[206, 241]
[207, 208]
[207, 173]
[210, 211]
[211, 177]
[216, 217]
[219, 185]
[234, 235]
[235, 201]
[237, 238]
[237, 203]
[238, 239]
[241, 207]
