[17, 18]
[17, 53]
[17, 52]
[18, 54]
[18, 53]
[25, 60]
[28, 64]
[32, 33]
[32, 68]
[32, 67]
[33, 34]
[33, 69]
[33, 68]
[34, 69]
[39, 74]
[43, 44]
[44, 45]
[44, 80]
[45, 46]
[45, 80]
[46, 47]
[47, 48]
[47, 83]
[48, 83]
[50, 51]
[50, 85]
[51, 52]
[51, 17]
[52, 53]
[52, 18]
[53, 54]
[56, 57]
[56, 92]
[57, 92]
[60, 96]
[60, 95]
[64, 99]
[67, 68]
[67, 33]
[67, 102]
[68, 69]
[68, 34]
[68, 104]
[69, 104]
[70, 71]
[70, 106]
[70, 105]
[71, 72]
[71, 107]
[71, 106]
[72, 73]
[72, 108]
[72, 107]
[73, 74]
[73, 39]
[73, 108]
[77, 43]
[80, 46]
[85, 51]
[85, 121]
[85, 120]
[95, 96]
[95, 131]
[96, 132]
[96, 131]
[99, 134]
[102, 68]
[102, 138]
[102, 137]
[105, 106]
[105, 71]
[105, 140]
[106, 107]
[106, 72]
[107, 108]
[107, 73]
[107, 143]
[108, 74]
[108, 144]
[108, 143]
[120, 121]
[120, 155]
[121, 122]
[121, 157]
[122, 123]
[122, 157]
[123, 124]
[123, 159]
[124, 125]
[124, 159]
[125, 126]
[126, 92]
[131, 132]
[131, 167]
[131, 166]
[132, 167]
[137, 138]
[137, 172]
[138, 104]
[140, 106]
[140, 176]
[143, 144]
[143, 178]
[146, 147]
[146, 182]
[147, 182]
[149, 150]
[149, 184]
[150, 151]
[150, 186]
[151, 186]
[155, 121]
[155, 191]
[157, 123]
[157, 193]
[157, 192]
[159, 125]
[166, 167]
[166, 132]
[166, 201]
[172, 138]
[172, 208]
[172, 207]
[176, 177]
[177, 178]
[177, 143]
[177, 213]
[178, 144]
[178, 214]
[178, 213]
[182, 218]
[182, 217]
[184, 150]
[184, 220]
[186, 221]
[191, 192]
[191, 157]
[192, 193]
[192, 228]
[193, 159]
[193, 228]
[196, 197]
[200, 201]
[200, 166]
[200, 235]
[201, 167]
[204, 205]
[207, 208]
[207, 243]
[208, 243]
[210, 176]
[213, 214]
[217, 218]
[218, 184]
[220, 221]
[220, 186]
[235, 201]
