[1, 2]
[1, 37]
[2, 3]
[2, 38]
[2, 37]
[3, 38]
[8, 44]
[17, 52]
[21, 22]
[21, 57]
[22, 58]
[22, 57]
[26, 61]
[28, 64]
[28, 63]
[31, 67]
[37, 38]
[37, 3]
[37, 73]
[38, 74]
[38, 73]
[40, 41]
[40, 75]
[41, 77]
[44, 45]
[44, 79]
[45, 11]
[52, 88]
[52, 87]
[57, 58]
[57, 92]
[58, 59]
[58, 94]
[59, 60]
[59, 94]
[60, 61]
[60, 26]
[61, 97]
[63, 64]
[63, 99]
[64, 99]
[67, 68]
[67, 103]
[68, 104]
[68, 103]
[70, 105]
[73, 74]
[74, 75]
[74, 40]
[75, 41]
[77, 113]
[79, 45]
[87, 88]
[87, 123]
[87, 122]
[88, 89]
[88, 123]
[89, 90]
[90, 126]
[92, 58]
[92, 128]
[92, 127]
[94, 60]
[94, 130]
[94, 129]
[97, 63]
[99, 135]
[99, 134]
[101, 67]
[101, 136]
[103, 104]
[103, 139]
[103, 138]
[104, 139]
[107, 73]
[107, 143]
[107, 142]
[113, 79]
[113, 149]
[113, 148]
[118, 154]
[118, 153]
[122, 123]
[122, 88]
[122, 158]
[123, 89]
[123, 158]
[126, 127]
[126, 92]
[127, 128]
[128, 129]
[128, 94]
[129, 130]
[129, 165]
[130, 165]
[134, 135]
[134, 170]
[135, 136]
[135, 101]
[135, 170]
[136, 172]
[138, 139]
[138, 104]
[138, 173]
[142, 143]
[142, 178]
[142, 177]
[143, 179]
[143, 178]
[146, 147]
[147, 148]
[147, 113]
[148, 149]
[148, 184]
[149, 150]
[149, 185]
[149, 184]
[150, 186]
[150, 185]
[153, 154]
[153, 188]
[154, 155]
[155, 156]
[155, 191]
[156, 122]
[156, 191]
[165, 200]
[168, 134]
[170, 136]
[172, 173]
[172, 138]
[172, 208]
[172, 207]
[173, 139]
[173, 208]
[175, 176]
[176, 177]
[176, 142]
[176, 212]
[177, 178]
[177, 143]
[177, 212]
[178, 179]
[178, 214]
[179, 215]
[179, 214]
[184, 185]
[184, 150]
[184, 220]
[185, 186]
[185, 220]
[186, 187]
[187, 188]
[187, 153]
[187, 223]
[188, 154]
[188, 223]
[191, 226]
[195, 196]
[198, 199]
[198, 233]
[199, 200]
[199, 165]
[207, 208]
[207, 173]
[207, 243]
[207, 242]
[208, 243]
[212, 178]
[214, 215]
[217, 218]
[218, 184]
[220, 186]
[233, 199]
[238, 239]
[242, 243]
[242, 208]
