[0, 1]
[0, 35]
[1, 2]
[1, 37]
[2, 3]
[2, 38]
[2, 37]
[3, 39]
[3, 38]
[5, 40]
[8, 43]
[10, 11]
[10, 46]
[10, 45]
[11, 12]
[11, 47]
[11, 46]
[12, 47]
[14, 50]
[14, 49]
[16, 51]
[18, 19]
[19, 55]
[21, 22]
[22, 23]
[23, 24]
[23, 59]
[24, 59]
[26, 27]
[27, 28]
[28, 29]
[28, 64]
[29, 64]
[32, 33]
[33, 34]
[33, 69]
[34, 69]
[35, 1]
[35, 71]
[35, 70]
[37, 38]
[37, 3]
[38, 39]
[39, 40]
[39, 5]
[43, 79]
[43, 78]
[45, 46]
[45, 11]
[45, 81]
[45, 80]
[46, 47]
[46, 12]
[46, 81]
[49, 50]
[49, 84]
[50, 51]
[50, 16]
[50, 86]
[51, 87]
[51, 86]
[55, 21]
[55, 90]
[59, 95]
[59, 94]
[64, 100]
[66, 32]
[69, 104]
[70, 71]
[70, 105]
[71, 37]
[71, 107]
[78, 79]
[78, 113]
[79, 80]
[79, 45]
[80, 81]
[80, 46]
[80, 116]
[81, 47]
[81, 117]
[81, 116]
[84, 50]
[86, 87]
[87, 88]
[87, 123]
[88, 89]
[88, 123]
[89, 90]
[89, 55]
[90, 126]
[94, 95]
[94, 130]
[95, 130]
[100, 66]
[100, 135]
[105, 71]
[107, 142]
[109, 110]
[109, 144]
[113, 79]
[113, 149]
[116, 117]
[116, 152]
[116, 151]
[117, 118]
[117, 152]
[118, 84]
[118, 154]
[123, 89]
[126, 161]
[133, 169]
[133, 168]
[142, 177]
[144, 110]
[144, 180]
[144, 179]
[149, 185]
[151, 152]
[151, 117]
[152, 118]
[152, 188]
[154, 155]
[154, 190]
[155, 191]
[155, 190]
[157, 123]
[161, 196]
[167, 168]
[167, 133]
[167, 203]
[167, 202]
[168, 169]
[168, 203]
[169, 135]
[169, 205]
[175, 211]
[177, 212]
[179, 180]
[179, 215]
[179, 214]
[180, 181]
[180, 215]
[183, 149]
[183, 218]
[185, 151]
[185, 221]
[188, 154]
[188, 224]
[190, 191]
[191, 157]
[191, 227]
[194, 230]
[194, 229]
[196, 232]
[198, 234]
[198, 233]
[200, 236]
[200, 235]
[202, 203]
[202, 168]
[203, 169]
[211, 212]
[211, 177]
[214, 215]
[214, 180]
[215, 181]
[221, 222]
[222, 188]
[224, 190]
[229, 230]
[230, 196]
[232, 233]
[232, 198]
[233, 234]
[234, 235]
[234, 200]
[235, 236]
[236, 202]
[243, 244]
