[0, 1]
[0, 36]
[0, 35]
[1, 37]
[1, 36]
[3, 4]
[4, 40]
[7, 42]
[12, 13]
[12, 48]
[13, 14]
[13, 49]
[13, 48]
[14, 15]
[14, 50]
[14, 49]
[15, 50]
[17, 53]
[17, 52]
[19, 55]
[19, 54]
[23, 59]
[29, 30]
[29, 64]
[30, 31]
[31, 32]
[31, 67]
[32, 33]
[32, 67]
[33, 34]
[33, 69]
[34, 69]
[35, 36]
[35, 1]
[35, 71]
[36, 37]
[36, 71]
[37, 3]
[37, 73]
[40, 76]
[40, 75]
[42, 78]
[42, 77]
[44, 80]
[46, 12]
[46, 82]
[46, 81]
[48, 49]
[48, 14]
[49, 50]
[49, 15]
[49, 85]
[50, 85]
[52, 53]
[53, 54]
[53, 19]
[54, 55]
[54, 90]
[55, 56]
[55, 90]
[59, 95]
[59, 94]
[61, 97]
[64, 30]
[64, 100]
[67, 33]
[67, 103]
[67, 102]
[69, 104]
[71, 37]
[71, 107]
[75, 76]
[75, 111]
[76, 77]
[76, 42]
[76, 112]
[76, 111]
[77, 78]
[77, 113]
[77, 112]
[78, 44]
[78, 113]
[80, 81]
[80, 46]
[80, 115]
[81, 82]
[82, 48]
[90, 56]
[93, 94]
[93, 59]
[94, 95]
[94, 130]
[95, 61]
[95, 130]
[97, 98]
[97, 132]
[98, 64]
[98, 134]
[100, 101]
[100, 136]
[101, 102]
[101, 67]
[101, 136]
[102, 103]
[102, 138]
[103, 104]
[103, 69]
[103, 138]
[107, 73]
[111, 112]
[111, 77]
[112, 113]
[112, 78]
[115, 81]
[115, 151]
[122, 123]
[122, 157]
[130, 165]
[132, 98]
[132, 168]
[132, 167]
[134, 100]
[134, 169]
[136, 102]
[136, 172]
[136, 171]
[138, 104]
[138, 174]
[140, 175]
[145, 111]
[145, 180]
[151, 186]
[155, 156]
[155, 191]
[155, 190]
[156, 157]
[156, 122]
[156, 191]
[157, 123]
[162, 163]
[162, 198]
[162, 197]
[163, 198]
[167, 168]
[167, 202]
[168, 169]
[168, 134]
[168, 204]
[169, 205]
[169, 204]
[171, 172]
[171, 206]
[172, 138]
[172, 208]
[175, 210]
[177, 213]
[177, 212]
[182, 217]
[186, 222]
[186, 221]
[188, 189]
[188, 224]
[189, 190]
[189, 155]
[189, 225]
[189, 224]
[190, 191]
[190, 156]
[190, 225]
[191, 157]
[191, 227]
[196, 197]
[196, 162]
[196, 232]
[196, 231]
[197, 198]
[197, 163]
[197, 233]
[197, 232]
[198, 234]
[198, 233]
[202, 168]
[202, 237]
[204, 205]
[204, 240]
[204, 239]
[205, 206]
[205, 171]
[205, 241]
[205, 240]
[206, 172]
[206, 241]
[208, 174]
[208, 244]
[208, 243]
[212, 213]
[213, 214]
[214, 180]
[219, 220]
[220, 221]
[220, 186]
[221, 222]
[222, 188]
[224, 225]
[224, 190]
[225, 191]
[227, 228]
[230, 231]
[230, 196]
[231, 232]
[231, 197]
[232, 233]
[232, 198]
[233, 234]
[239, 240]
[239, 205]
[240, 241]
[240, 206]
[243, 244]
