[0, 1]
[0, 36]
[0, 35]
[1, 2]
[1, 36]
[2, 3]
[2, 38]
[3, 39]
[3, 38]
[5, 6]
[6, 7]
[6, 42]
[7, 43]
[7, 42]
[9, 10]
[10, 11]
[21, 56]
[26, 27]
[26, 61]
[27, 28]
[27, 63]
[28, 29]
[28, 63]
[32, 68]
[32, 67]
[35, 36]
[35, 1]
[35, 70]
[36, 2]
[38, 39]
[38, 73]
[39, 5]
[42, 43]
[42, 77]
[43, 9]
[43, 79]
[48, 49]
[48, 84]
[48, 83]
[49, 50]
[49, 85]
[49, 84]
[50, 85]
[58, 94]
[60, 61]
[60, 26]
[60, 96]
[61, 27]
[61, 97]
[61, 96]
[63, 29]
[66, 67]
[66, 32]
[66, 101]
[67, 68]
[67, 103]
[68, 34]
[68, 103]
[70, 36]
[70, 106]
[73, 39]
[73, 108]
[77, 43]
[77, 113]
[79, 115]
[81, 82]
[81, 117]
[81, 116]
[82, 83]
[82, 48]
[82, 118]
[82, 117]
[83, 84]
[83, 49]
[83, 118]
[84, 85]
[84, 50]
[84, 120]
[85, 120]
[87, 123]
[89, 125]
[89, 124]
[94, 60]
[94, 130]
[94, 129]
[96, 97]
[96, 132]
[97, 63]
[97, 133]
[97, 132]
[101, 67]
[103, 139]
[108, 144]
[110, 111]
[110, 146]
[110, 145]
[111, 77]
[111, 146]
[113, 79]
[115, 116]
[115, 81]
[116, 117]
[116, 82]
[116, 152]
[117, 118]
[117, 83]
[117, 152]
[118, 84]
[120, 156]
[123, 124]
[123, 89]
[124, 125]
[125, 126]
[125, 161]
[126, 161]
[129, 130]
[129, 164]
[130, 96]
[130, 166]
[132, 133]
[132, 167]
[139, 174]
[144, 145]
[144, 110]
[144, 180]
[144, 179]
[145, 146]
[145, 111]
[145, 180]
[152, 118]
[156, 191]
[161, 197]
[164, 130]
[164, 200]
[166, 167]
[166, 132]
[166, 202]
[166, 201]
[167, 133]
[167, 202]
[175, 176]
[175, 210]
[176, 177]
[179, 180]
[179, 145]
[179, 214]
[180, 146]
[184, 185]
[185, 186]
[186, 152]
[186, 222]
[189, 225]
[189, 224]
[191, 227]
[191, 226]
[197, 198]
[197, 233]
[197, 232]
[198, 164]
[198, 234]
[198, 233]
[200, 201]
[200, 166]
[200, 236]
[200, 235]
[201, 202]
[201, 167]
[201, 237]
[201, 236]
[202, 238]
[202, 237]
[204, 205]
[204, 240]
[204, 239]
[205, 241]
[205, 240]
[207, 208]
[207, 242]
[208, 174]
[210, 176]
[214, 180]
[217, 218]
[218, 184]
[222, 223]
[223, 224]
[223, 189]
[224, 225]
[225, 226]
[225, 191]
[226, 227]
[227, 228]
[228, 194]
[232, 233]
[232, 198]
[233, 234]
[234, 235]
[234, 200]
[235, 236]
[235, 201]
[236, 237]
[236, 202]
[237, 238]
[238, 239]
[238, 204]
[239, 240]
[239, 205]
[240, 241]
[241, 242]
[241, 207]
[242, 208]
