[7, 8]
[7, 43]
[8, 44]
[8, 43]
[11, 47]
[19, 20]
[19, 55]
[20, 55]
[26, 27]
[26, 61]
[31, 66]
[36, 2]
[36, 72]
[36, 71]
[43, 44]
[44, 45]
[44, 80]
[45, 11]
[45, 81]
[45, 80]
[47, 48]
[47, 82]
[52, 88]
[55, 91]
[55, 90]
[59, 94]
[61, 27]
[66, 102]
[68, 34]
[68, 103]
[70, 71]
[70, 36]
[70, 106]
[71, 72]
[71, 106]
[72, 73]
[72, 108]
[73, 74]
[73, 108]
[74, 75]
[75, 76]
[76, 112]
[80, 81]
[81, 82]
[81, 47]
[82, 48]
[82, 118]
[88, 124]
[90, 91]
[90, 126]
[91, 126]
[94, 129]
[99, 134]
[102, 103]
[102, 68]
[106, 72]
[106, 142]
[108, 74]
[108, 144]
[112, 113]
[112, 147]
[113, 149]
[118, 119]
[118, 153]
[119, 120]
[120, 121]
[120, 156]
[121, 156]
[124, 90]
[126, 162]
[126, 161]
[131, 166]
[134, 169]
[142, 108]
[144, 145]
[147, 113]
[147, 183]
[147, 182]
[149, 185]
[149, 184]
[153, 119]
[153, 188]
[156, 191]
[161, 162]
[161, 197]
[161, 196]
[162, 163]
[162, 198]
[162, 197]
[163, 129]
[163, 199]
[163, 198]
[182, 183]
[183, 184]
[183, 149]
[183, 219]
[184, 185]
[184, 220]
[184, 219]
[185, 186]
[185, 220]
[188, 224]
[188, 223]
[190, 191]
[190, 156]
[196, 197]
[196, 162]
[196, 232]
[196, 231]
[197, 198]
[197, 163]
[197, 232]
[198, 199]
[198, 234]
[199, 234]
[203, 169]
[203, 239]
[212, 213]
[213, 214]
[216, 182]
[219, 220]
[219, 185]
[220, 186]
[223, 224]
[224, 190]
[231, 232]
[231, 197]
[232, 198]
