[1, 2]
[1, 37]
[2, 37]
[7, 8]
[12, 48]
[12, 47]
[16, 52]
[18, 53]
[20, 21]
[23, 24]
[24, 60]
[29, 30]
[29, 65]
[30, 31]
[30, 65]
[31, 67]
[33, 34]
[33, 69]
[33, 68]
[34, 69]
[35, 1]
[35, 71]
[37, 73]
[37, 72]
[39, 5]
[39, 74]
[47, 48]
[47, 82]
[48, 84]
[52, 53]
[52, 18]
[53, 89]
[63, 29]
[63, 99]
[65, 31]
[65, 100]
[67, 68]
[67, 33]
[67, 102]
[68, 69]
[68, 34]
[68, 104]
[69, 104]
[71, 72]
[71, 37]
[72, 73]
[73, 74]
[73, 39]
[73, 109]
[74, 109]
[78, 79]
[78, 114]
[78, 113]
[79, 80]
[79, 114]
[80, 116]
[82, 48]
[82, 118]
[84, 85]
[84, 120]
[84, 119]
[85, 120]
[91, 126]
[99, 100]
[99, 65]
[99, 135]
[99, 134]
[100, 135]
[102, 68]
[102, 138]
[102, 137]
[113, 114]
[113, 79]
[114, 80]
[114, 150]
[116, 82]
[118, 119]
[118, 84]
[118, 154]
[119, 120]
[119, 85]
[119, 154]
[120, 156]
[123, 89]
[123, 158]
[126, 161]
[132, 167]
[134, 135]
[134, 100]
[134, 170]
[135, 170]
[137, 138]
[137, 173]
[137, 172]
[138, 104]
[138, 173]
[141, 142]
[142, 143]
[142, 178]
[143, 109]
[143, 178]
[150, 116]
[154, 120]
[154, 190]
[156, 157]
[156, 191]
[157, 158]
[157, 123]
[160, 161]
[160, 126]
[161, 197]
[167, 203]
[170, 206]
[172, 173]
[172, 138]
[172, 208]
[172, 207]
[173, 208]
[175, 141]
[175, 211]
[175, 210]
[184, 150]
[184, 220]
[188, 154]
[188, 224]
[188, 223]
[190, 191]
[190, 156]
[190, 225]
[191, 157]
[191, 227]
[197, 198]
[197, 233]
[197, 232]
[198, 234]
[198, 233]
[203, 204]
[204, 170]
[206, 207]
[206, 172]
[206, 241]
[207, 208]
[207, 173]
[210, 211]
[211, 212]
[212, 178]
[220, 221]
[223, 224]
[224, 225]
[224, 190]
[225, 191]
[231, 232]
[231, 197]
[232, 233]
[232, 198]
[233, 234]
[234, 200]
[241, 207]
