[1, 2]
[1, 37]
[1, 36]
[2, 3]
[2, 37]
[3, 4]
[4, 40]
[6, 7]
[7, 8]
[8, 9]
[9, 10]
[10, 11]
[10, 46]
[11, 47]
[11, 46]
[16, 52]
[27, 63]
[30, 31]
[30, 66]
[30, 65]
[31, 66]
[34, 69]
[35, 36]
[35, 1]
[35, 71]
[36, 37]
[36, 2]
[36, 71]
[37, 3]
[40, 6]
[40, 76]
[40, 75]
[46, 47]
[46, 82]
[47, 83]
[47, 82]
[49, 84]
[52, 87]
[54, 90]
[54, 89]
[56, 57]
[56, 92]
[57, 58]
[57, 93]
[57, 92]
[58, 59]
[58, 93]
[59, 60]
[63, 99]
[63, 98]
[65, 66]
[65, 31]
[65, 101]
[65, 100]
[66, 102]
[66, 101]
[68, 69]
[68, 34]
[68, 103]
[71, 37]
[71, 107]
[75, 76]
[76, 77]
[76, 112]
[77, 78]
[77, 112]
[78, 79]
[78, 114]
[79, 80]
[79, 114]
[80, 46]
[80, 116]
[82, 83]
[83, 84]
[83, 49]
[87, 123]
[87, 122]
[89, 90]
[89, 124]
[90, 56]
[90, 126]
[92, 93]
[92, 58]
[92, 128]
[92, 127]
[93, 59]
[93, 129]
[93, 128]
[97, 98]
[97, 63]
[97, 132]
[98, 99]
[98, 134]
[99, 100]
[99, 65]
[99, 134]
[100, 101]
[100, 66]
[100, 136]
[101, 102]
[101, 136]
[102, 103]
[102, 68]
[103, 69]
[107, 143]
[109, 75]
[112, 78]
[114, 80]
[114, 150]
[116, 82]
[116, 152]
[122, 123]
[123, 124]
[123, 89]
[123, 159]
[124, 90]
[124, 160]
[124, 159]
[126, 127]
[126, 92]
[126, 162]
[127, 128]
[127, 93]
[127, 163]
[127, 162]
[128, 129]
[128, 163]
[129, 130]
[132, 98]
[134, 100]
[134, 169]
[136, 102]
[136, 172]
[141, 107]
[141, 177]
[141, 176]
[143, 109]
[150, 116]
[150, 186]
[150, 185]
[152, 153]
[152, 188]
[153, 154]
[153, 188]
[154, 190]
[159, 160]
[160, 126]
[162, 163]
[162, 128]
[162, 197]
[163, 129]
[169, 205]
[175, 176]
[175, 141]
[175, 210]
[176, 177]
[177, 143]
[180, 215]
[184, 185]
[184, 150]
[185, 186]
[186, 152]
[188, 154]
[188, 224]
[192, 228]
[197, 163]
[197, 233]
[197, 232]
[200, 236]
[200, 235]
[202, 203]
[203, 169]
[205, 206]
[205, 241]
[206, 172]
[206, 242]
[206, 241]
[210, 176]
[214, 215]
[214, 180]
[224, 190]
[232, 233]
[233, 234]
[234, 235]
[234, 200]
[235, 236]
[236, 202]
[241, 242]
[242, 243]
[243, 244]
