[0, 1]
[0, 36]
[1, 2]
[1, 37]
[1, 36]
[2, 38]
[2, 37]
[4, 39]
[6, 41]
[8, 9]
[9, 45]
[11, 12]
[12, 13]
[12, 48]
[13, 49]
[13, 48]
[16, 17]
[16, 52]
[16, 51]
[17, 18]
[17, 52]
[20, 56]
[20, 55]
[22, 23]
[22, 57]
[23, 24]
[23, 59]
[24, 59]
[29, 65]
[32, 67]
[36, 37]
[36, 2]
[36, 72]
[37, 38]
[37, 72]
[38, 39]
[38, 4]
[45, 11]
[45, 81]
[48, 49]
[48, 84]
[49, 84]
[51, 52]
[51, 17]
[51, 86]
[52, 18]
[52, 88]
[55, 56]
[55, 91]
[56, 57]
[56, 22]
[56, 91]
[57, 23]
[59, 95]
[59, 94]
[65, 101]
[67, 102]
[70, 36]
[70, 105]
[72, 38]
[72, 108]
[72, 107]
[81, 82]
[82, 48]
[84, 120]
[86, 52]
[86, 121]
[91, 57]
[91, 127]
[94, 95]
[97, 133]
[99, 65]
[99, 135]
[101, 102]
[101, 67]
[101, 137]
[102, 137]
[105, 141]
[107, 108]
[107, 142]
[108, 144]
[111, 147]
[111, 146]
[115, 81]
[115, 151]
[115, 150]
[120, 121]
[120, 86]
[120, 156]
[121, 157]
[121, 156]
[125, 91]
[127, 128]
[127, 162]
[128, 94]
[128, 164]
[133, 99]
[133, 168]
[135, 101]
[135, 170]
[137, 173]
[141, 142]
[141, 107]
[141, 177]
[142, 108]
[142, 177]
[144, 145]
[144, 180]
[145, 146]
[145, 111]
[145, 180]
[146, 147]
[146, 182]
[147, 182]
[150, 151]
[150, 186]
[150, 185]
[151, 152]
[151, 187]
[151, 186]
[152, 188]
[152, 187]
[156, 157]
[156, 192]
[156, 191]
[157, 192]
[159, 125]
[159, 195]
[159, 194]
[162, 128]
[162, 198]
[162, 197]
[164, 165]
[164, 200]
[165, 201]
[165, 200]
[167, 168]
[167, 133]
[173, 174]
[173, 208]
[175, 141]
[175, 210]
[177, 213]
[177, 212]
[180, 146]
[180, 215]
[182, 218]
[184, 185]
[184, 150]
[185, 186]
[185, 151]
[186, 187]
[186, 152]
[187, 188]
[190, 191]
[190, 156]
[191, 192]
[191, 157]
[191, 227]
[192, 227]
[194, 195]
[194, 230]
[195, 196]
[195, 230]
[196, 197]
[196, 162]
[197, 198]
[197, 233]
[198, 164]
[198, 234]
[198, 233]
[200, 201]
[201, 167]
[208, 174]
[208, 244]
[212, 213]
[218, 184]
[230, 196]
[233, 234]
[234, 200]
