[2, 38]
[2, 37]
[6, 7]
[6, 42]
[6, 41]
[7, 43]
[7, 42]
[10, 11]
[10, 46]
[10, 45]
[11, 12]
[11, 47]
[11, 46]
[12, 47]
[23, 59]
[23, 58]
[29, 30]
[29, 64]
[37, 38]
[37, 72]
[38, 39]
[38, 74]
[39, 40]
[39, 74]
[40, 41]
[40, 6]
[41, 42]
[41, 7]
[42, 43]
[43, 44]
[44, 45]
[44, 10]
[44, 80]
[45, 46]
[45, 11]
[45, 81]
[45, 80]
[46, 47]
[46, 12]
[46, 82]
[46, 81]
[47, 82]
[49, 84]
[56, 91]
[58, 59]
[59, 60]
[59, 95]
[60, 95]
[64, 30]
[64, 99]
[69, 104]
[71, 72]
[71, 37]
[71, 107]
[71, 106]
[72, 38]
[72, 107]
[74, 40]
[80, 81]
[80, 46]
[80, 116]
[81, 82]
[81, 47]
[81, 117]
[81, 116]
[82, 118]
[82, 117]
[84, 120]
[88, 124]
[91, 127]
[95, 130]
[106, 107]
[106, 72]
[106, 141]
[116, 117]
[116, 82]
[116, 151]
[117, 118]
[118, 84]
[118, 154]
[120, 121]
[120, 156]
[121, 122]
[121, 156]
[122, 88]
[122, 158]
[129, 130]
[129, 95]
[129, 165]
[129, 164]
[130, 166]
[130, 165]
[136, 102]
[136, 171]
[141, 107]
[141, 177]
[141, 176]
[151, 117]
[151, 187]
[154, 120]
[154, 190]
[156, 122]
[158, 124]
[164, 165]
[164, 130]
[165, 166]
[168, 169]
[168, 204]
[168, 203]
[169, 204]
[173, 209]
[175, 176]
[175, 141]
[176, 177]
[177, 178]
[178, 144]
[178, 214]
[181, 182]
[182, 218]
[187, 188]
[188, 154]
[188, 224]
[190, 156]
[195, 196]
[196, 197]
[203, 204]
[203, 169]
[209, 244]
[218, 219]
[219, 220]
[224, 190]
[236, 237]
[237, 203]
