[0, 1]
[0, 36]
[1, 2]
[1, 37]
[1, 36]
[2, 3]
[2, 37]
[3, 4]
[4, 5]
[5, 6]
[5, 41]
[6, 41]
[8, 9]
[8, 44]
[9, 10]
[9, 45]
[9, 44]
[10, 11]
[10, 45]
[11, 12]
[11, 47]
[12, 48]
[12, 47]
[14, 15]
[14, 49]
[17, 53]
[23, 24]
[23, 59]
[23, 58]
[24, 25]
[24, 59]
[25, 26]
[26, 62]
[36, 37]
[36, 2]
[36, 72]
[37, 3]
[37, 72]
[41, 77]
[44, 45]
[44, 10]
[45, 11]
[45, 81]
[47, 48]
[47, 83]
[48, 49]
[48, 14]
[48, 83]
[49, 15]
[55, 21]
[58, 59]
[58, 24]
[58, 94]
[58, 93]
[59, 25]
[59, 95]
[59, 94]
[62, 63]
[63, 64]
[70, 36]
[72, 107]
[74, 75]
[74, 110]
[75, 41]
[75, 110]
[77, 112]
[81, 47]
[81, 117]
[83, 49]
[83, 119]
[93, 94]
[93, 59]
[93, 129]
[93, 128]
[94, 95]
[94, 129]
[95, 96]
[95, 131]
[96, 62]
[96, 131]
[102, 103]
[107, 143]
[107, 142]
[110, 146]
[112, 148]
[117, 83]
[119, 120]
[119, 155]
[119, 154]
[120, 121]
[120, 155]
[123, 124]
[124, 160]
[126, 127]
[126, 162]
[126, 161]
[127, 128]
[127, 93]
[127, 163]
[127, 162]
[128, 129]
[128, 94]
[128, 164]
[128, 163]
[129, 95]
[129, 165]
[129, 164]
[131, 167]
[131, 166]
[133, 169]
[140, 141]
[141, 142]
[141, 107]
[141, 177]
[142, 143]
[142, 178]
[142, 177]
[143, 144]
[143, 179]
[143, 178]
[144, 110]
[144, 180]
[144, 179]
[146, 112]
[148, 114]
[148, 184]
[154, 155]
[154, 120]
[154, 189]
[155, 121]
[160, 161]
[160, 126]
[160, 196]
[161, 162]
[161, 127]
[161, 197]
[161, 196]
[162, 163]
[162, 128]
[162, 197]
[163, 164]
[163, 129]
[163, 199]
[164, 165]
[164, 199]
[165, 166]
[165, 131]
[165, 201]
[166, 167]
[166, 201]
[167, 133]
[167, 203]
[169, 170]
[177, 178]
[177, 143]
[178, 179]
[178, 144]
[179, 180]
[179, 215]
[180, 146]
[180, 216]
[180, 215]
[184, 219]
[189, 155]
[192, 193]
[192, 227]
[193, 229]
[196, 197]
[196, 162]
[196, 231]
[197, 163]
[197, 233]
[199, 165]
[201, 167]
[201, 236]
[203, 169]
[203, 239]
[215, 216]
[218, 219]
[218, 184]
[227, 193]
[231, 197]
[233, 199]
