[2, 3]
[2, 37]
[3, 4]
[3, 39]
[4, 39]
[8, 9]
[8, 43]
[11, 12]
[11, 47]
[12, 47]
[14, 15]
[14, 50]
[15, 16]
[15, 51]
[15, 50]
[16, 52]
[16, 51]
[21, 57]
[21, 56]
[23, 24]
[23, 58]
[24, 60]
[27, 28]
[27, 63]
[27, 62]
[28, 63]
[30, 66]
[32, 68]
[32, 67]
[34, 69]
[36, 37]
[36, 2]
[36, 71]
[37, 3]
[39, 75]
[39, 74]
[43, 9]
[43, 79]
[50, 51]
[50, 16]
[51, 52]
[54, 55]
[55, 56]
[55, 21]
[55, 91]
[56, 57]
[56, 92]
[56, 91]
[57, 58]
[57, 23]
[57, 92]
[58, 24]
[58, 94]
[60, 61]
[61, 62]
[61, 27]
[62, 63]
[62, 28]
[62, 98]
[63, 98]
[66, 67]
[66, 32]
[66, 101]
[67, 68]
[67, 103]
[68, 69]
[68, 34]
[68, 104]
[68, 103]
[69, 104]
[71, 37]
[71, 107]
[71, 106]
[74, 75]
[74, 110]
[74, 109]
[75, 110]
[77, 43]
[77, 113]
[77, 112]
[79, 80]
[79, 114]
[80, 81]
[80, 116]
[81, 47]
[81, 116]
[84, 50]
[84, 119]
[91, 92]
[91, 57]
[92, 58]
[92, 128]
[94, 60]
[94, 130]
[100, 101]
[100, 66]
[100, 136]
[100, 135]
[101, 67]
[101, 136]
[103, 104]
[103, 69]
[103, 139]
[103, 138]
[104, 139]
[105, 106]
[105, 71]
[105, 141]
[106, 107]
[106, 142]
[106, 141]
[107, 108]
[107, 142]
[108, 109]
[108, 74]
[108, 144]
[109, 110]
[109, 75]
[109, 144]
[112, 113]
[112, 148]
[113, 114]
[113, 79]
[113, 149]
[113, 148]
[114, 80]
[114, 150]
[114, 149]
[116, 152]
[116, 151]
[118, 119]
[118, 84]
[118, 153]
[119, 155]
[125, 91]
[125, 161]
[125, 160]
[128, 94]
[128, 164]
[130, 166]
[130, 165]
[135, 136]
[135, 101]
[135, 171]
[135, 170]
[136, 172]
[136, 171]
[138, 139]
[138, 104]
[138, 174]
[138, 173]
[139, 174]
[141, 142]
[141, 107]
[141, 177]
[142, 108]
[142, 178]
[142, 177]
[144, 110]
[148, 149]
[148, 114]
[148, 184]
[148, 183]
[149, 150]
[149, 185]
[149, 184]
[150, 151]
[150, 116]
[150, 185]
[151, 152]
[151, 187]
[152, 153]
[152, 118]
[152, 188]
[152, 187]
[153, 119]
[153, 189]
[153, 188]
[155, 190]
[159, 160]
[159, 125]
[159, 194]
[160, 161]
[160, 196]
[161, 162]
[161, 196]
[162, 128]
[162, 198]
[164, 165]
[164, 130]
[165, 166]
[166, 167]
[166, 202]
[167, 168]
[167, 203]
[167, 202]
[168, 203]
[170, 171]
[170, 136]
[170, 205]
[171, 172]
[171, 207]
[172, 173]
[172, 138]
[172, 207]
[173, 174]
[173, 139]
[173, 209]
[174, 209]
[175, 141]
[175, 211]
[175, 210]
[177, 178]
[177, 213]
[177, 212]
[178, 144]
[178, 214]
[178, 213]
[181, 217]
[183, 184]
[183, 149]
[183, 218]
[184, 185]
[184, 150]
[185, 151]
[187, 188]
[187, 153]
[188, 189]
[188, 224]
[189, 190]
[189, 155]
[189, 225]
[189, 224]
[190, 226]
[190, 225]
[192, 228]
[194, 160]
[194, 229]
[196, 162]
[196, 232]
[198, 164]
[198, 233]
[202, 203]
[202, 168]
[205, 171]
[205, 241]
[207, 173]
[207, 242]
[210, 211]
[211, 212]
[211, 177]
[212, 213]
[212, 178]
[213, 214]
[214, 215]
[215, 181]
[217, 218]
[217, 183]
[218, 184]
[224, 225]
[224, 190]
[225, 226]
[226, 192]
[228, 229]
[228, 194]
[232, 233]
[232, 198]
[241, 242]
[241, 207]
