[13, 49]
[13, 48]
[20, 55]
[22, 58]
[22, 57]
[25, 26]
[26, 27]
[26, 62]
[27, 28]
[27, 63]
[27, 62]
[28, 63]
[33, 34]
[33, 68]
[36, 71]
[41, 42]
[41, 77]
[42, 43]
[42, 77]
[43, 79]
[46, 82]
[48, 49]
[48, 84]
[49, 85]
[49, 84]
[55, 90]
[57, 58]
[62, 63]
[62, 28]
[62, 98]
[62, 97]
[63, 99]
[63, 98]
[67, 68]
[67, 33]
[67, 103]
[68, 34]
[68, 104]
[68, 103]
[70, 71]
[70, 36]
[71, 107]
[74, 110]
[77, 43]
[79, 80]
[79, 115]
[80, 46]
[80, 115]
[82, 48]
[84, 85]
[84, 120]
[84, 119]
[85, 121]
[85, 120]
[89, 90]
[89, 55]
[89, 125]
[90, 126]
[90, 125]
[95, 131]
[95, 130]
[97, 98]
[97, 63]
[98, 99]
[98, 134]
[99, 100]
[99, 135]
[99, 134]
[100, 135]
[103, 104]
[107, 108]
[107, 143]
[108, 74]
[108, 143]
[115, 150]
[119, 120]
[119, 85]
[120, 121]
[125, 126]
[125, 161]
[126, 162]
[126, 161]
[128, 129]
[129, 130]
[129, 95]
[129, 165]
[130, 131]
[130, 166]
[130, 165]
[131, 97]
[131, 166]
[134, 135]
[134, 100]
[135, 171]
[137, 103]
[140, 175]
[143, 179]
[148, 184]
[148, 183]
[150, 185]
[158, 159]
[158, 194]
[158, 193]
[159, 125]
[159, 195]
[159, 194]
[161, 162]
[162, 128]
[165, 166]
[165, 131]
[166, 202]
[171, 137]
[175, 210]
[177, 143]
[177, 213]
[177, 212]
[179, 215]
[181, 216]
[183, 184]
[183, 219]
[184, 185]
[184, 150]
[184, 220]
[184, 219]
[185, 220]
[190, 225]
[193, 194]
[193, 159]
[193, 229]
[193, 228]
[194, 195]
[194, 229]
[195, 161]
[212, 213]
[213, 179]
[215, 216]
[215, 181]
[219, 220]
[219, 185]
[228, 229]
[228, 194]
[229, 195]
