[0, 36]
[0, 35]
[3, 4]
[3, 39]
[4, 39]
[6, 7]
[6, 42]
[7, 43]
[7, 42]
[10, 11]
[10, 45]
[19, 20]
[19, 55]
[20, 56]
[20, 55]
[33, 34]
[33, 68]
[35, 36]
[35, 71]
[36, 72]
[36, 71]
[42, 43]
[43, 44]
[44, 45]
[44, 10]
[44, 80]
[45, 11]
[45, 80]
[55, 56]
[55, 91]
[56, 22]
[56, 91]
[59, 94]
[67, 68]
[67, 33]
[67, 103]
[68, 34]
[68, 103]
[71, 72]
[71, 107]
[71, 106]
[72, 108]
[72, 107]
[76, 42]
[76, 112]
[88, 89]
[88, 124]
[89, 55]
[89, 124]
[91, 127]
[94, 129]
[101, 67]
[101, 136]
[103, 138]
[106, 107]
[106, 72]
[106, 141]
[107, 108]
[108, 109]
[112, 148]
[112, 147]
[122, 88]
[127, 128]
[128, 129]
[128, 94]
[141, 107]
[141, 177]
[146, 147]
[146, 112]
[147, 148]
[156, 122]
[156, 191]
[161, 127]
[161, 197]
[161, 196]
[180, 146]
[180, 216]
[186, 222]
[186, 221]
[190, 191]
[190, 156]
[190, 225]
[191, 227]
[196, 197]
[196, 232]
[197, 233]
[197, 232]
[201, 236]
[211, 177]
[221, 222]
[224, 225]
[224, 190]
[225, 191]
[227, 193]
[232, 233]
