[0, 1]
[0, 35]
[16, 17]
[17, 53]
[23, 58]
[26, 62]
[30, 31]
[31, 32]
[32, 33]
[32, 68]
[33, 69]
[33, 68]
[35, 1]
[39, 5]
[47, 83]
[57, 58]
[57, 23]
[60, 26]
[60, 96]
[62, 63]
[62, 97]
[63, 99]
[68, 69]
[68, 103]
[83, 119]
[86, 122]
[96, 97]
[96, 62]
[96, 132]
[97, 63]
[97, 133]
[97, 132]
[99, 100]
[100, 101]
[101, 102]
[101, 137]
[102, 103]
[102, 68]
[102, 137]
[103, 69]
[103, 139]
[106, 141]
[108, 109]
[109, 110]
[110, 111]
[110, 146]
[111, 77]
[111, 147]
[111, 146]
[114, 115]
[114, 150]
[114, 149]
[115, 151]
[115, 150]
[117, 83]
[117, 153]
[117, 152]
[119, 120]
[119, 155]
[119, 154]
[120, 86]
[120, 155]
[126, 127]
[127, 128]
[127, 163]
[128, 129]
[128, 164]
[128, 163]
[129, 130]
[129, 165]
[129, 164]
[130, 96]
[130, 165]
[132, 133]
[132, 168]
[132, 167]
[133, 99]
[133, 168]
[137, 103]
[139, 174]
[141, 177]
[146, 147]
[146, 181]
[149, 150]
[149, 115]
[149, 184]
[150, 151]
[151, 152]
[151, 117]
[152, 153]
[152, 188]
[153, 154]
[153, 119]
[153, 188]
[154, 155]
[154, 120]
[160, 126]
[163, 164]
[163, 129]
[163, 199]
[163, 198]
[164, 165]
[164, 130]
[164, 199]
[165, 201]
[167, 168]
[167, 133]
[167, 202]
[174, 209]
[175, 141]
[175, 211]
[177, 212]
[181, 147]
[181, 217]
[184, 150]
[184, 220]
[184, 219]
[188, 154]
[188, 224]
[188, 223]
[194, 160]
[197, 198]
[197, 163]
[197, 232]
[198, 199]
[198, 164]
[198, 234]
[199, 165]
[199, 235]
[199, 234]
[201, 202]
[201, 167]
[202, 168]
[202, 238]
[211, 212]
[211, 177]
[219, 220]
[220, 221]
[223, 224]
[224, 225]
[228, 194]
[231, 232]
[231, 197]
[232, 198]
[234, 235]
[235, 201]
[242, 243]
[243, 209]
