[1, 37]
[1, 36]
[4, 5]
[8, 9]
[8, 44]
[8, 43]
[9, 10]
[9, 44]
[10, 11]
[10, 46]
[11, 46]
[15, 51]
[24, 59]
[26, 62]
[26, 61]
[28, 29]
[28, 63]
[34, 69]
[36, 37]
[37, 73]
[43, 44]
[43, 9]
[44, 10]
[51, 17]
[51, 87]
[51, 86]
[54, 20]
[54, 90]
[59, 95]
[61, 62]
[62, 63]
[62, 28]
[63, 29]
[66, 67]
[66, 102]
[66, 101]
[67, 103]
[67, 102]
[69, 104]
[70, 36]
[73, 109]
[73, 108]
[83, 84]
[83, 119]
[84, 85]
[84, 119]
[85, 86]
[85, 51]
[85, 121]
[86, 87]
[86, 122]
[86, 121]
[87, 123]
[87, 122]
[90, 91]
[91, 92]
[91, 127]
[92, 93]
[92, 127]
[93, 59]
[93, 129]
[95, 61]
[95, 131]
[100, 101]
[100, 66]
[100, 136]
[100, 135]
[101, 102]
[101, 67]
[101, 137]
[101, 136]
[102, 103]
[102, 137]
[103, 104]
[103, 69]
[103, 139]
[104, 139]
[107, 108]
[107, 73]
[107, 143]
[108, 109]
[108, 144]
[108, 143]
[109, 75]
[109, 145]
[109, 144]
[112, 113]
[112, 148]
[113, 114]
[113, 148]
[114, 150]
[119, 85]
[119, 154]
[121, 122]
[121, 87]
[121, 157]
[121, 156]
[122, 123]
[122, 157]
[127, 93]
[127, 163]
[129, 95]
[129, 165]
[131, 132]
[131, 166]
[135, 136]
[135, 101]
[136, 137]
[136, 102]
[136, 172]
[137, 103]
[137, 173]
[137, 172]
[143, 144]
[143, 109]
[143, 178]
[144, 145]
[148, 114]
[150, 151]
[150, 186]
[151, 152]
[151, 186]
[152, 153]
[152, 188]
[153, 154]
[153, 119]
[153, 188]
[156, 157]
[156, 122]
[157, 123]
[157, 193]
[160, 196]
[163, 129]
[165, 166]
[165, 131]
[165, 200]
[166, 132]
[172, 173]
[173, 139]
[177, 178]
[177, 143]
[177, 213]
[177, 212]
[178, 144]
[178, 213]
[186, 152]
[186, 222]
[188, 154]
[188, 224]
[193, 229]
[196, 197]
[196, 232]
[197, 163]
[197, 232]
[200, 166]
[200, 235]
[205, 241]
[205, 240]
[211, 212]
[211, 177]
[212, 213]
[212, 178]
[216, 217]
[220, 186]
[222, 188]
[226, 227]
[227, 193]
[229, 230]
[230, 196]
[234, 235]
[234, 200]
[238, 239]
[239, 240]
[239, 205]
[240, 241]
[243, 244]
