[0, 1]
[0, 36]
[1, 2]
[1, 36]
[2, 38]
[4, 5]
[7, 8]
[7, 42]
[8, 9]
[12, 13]
[12, 48]
[13, 49]
[13, 48]
[17, 53]
[19, 20]
[20, 56]
[22, 23]
[22, 57]
[23, 24]
[23, 59]
[24, 25]
[24, 60]
[24, 59]
[25, 61]
[25, 60]
[28, 29]
[28, 64]
[28, 63]
[29, 30]
[29, 64]
[30, 66]
[32, 68]
[32, 67]
[36, 2]
[36, 72]
[38, 4]
[38, 74]
[42, 8]
[42, 77]
[48, 49]
[51, 17]
[51, 87]
[53, 19]
[53, 89]
[53, 88]
[56, 57]
[56, 22]
[56, 91]
[57, 23]
[57, 93]
[59, 60]
[59, 25]
[59, 94]
[60, 61]
[60, 96]
[61, 96]
[63, 64]
[63, 29]
[63, 99]
[63, 98]
[64, 30]
[64, 99]
[66, 67]
[66, 32]
[67, 68]
[68, 69]
[72, 38]
[72, 108]
[72, 107]
[74, 75]
[74, 110]
[74, 109]
[75, 111]
[75, 110]
[79, 80]
[87, 88]
[87, 53]
[87, 123]
[88, 89]
[88, 123]
[89, 125]
[91, 57]
[91, 126]
[93, 94]
[93, 59]
[93, 129]
[93, 128]
[94, 60]
[94, 130]
[94, 129]
[96, 132]
[98, 99]
[98, 64]
[98, 134]
[98, 133]
[99, 134]
[106, 107]
[106, 72]
[106, 141]
[107, 108]
[108, 109]
[108, 74]
[108, 144]
[109, 110]
[109, 75]
[109, 144]
[110, 111]
[111, 77]
[111, 147]
[117, 152]
[120, 121]
[120, 155]
[121, 87]
[121, 157]
[123, 89]
[123, 159]
[125, 126]
[125, 91]
[126, 162]
[128, 129]
[128, 94]
[128, 163]
[129, 130]
[129, 165]
[130, 96]
[130, 165]
[132, 133]
[132, 98]
[132, 168]
[132, 167]
[133, 134]
[133, 99]
[133, 169]
[133, 168]
[134, 169]
[141, 107]
[141, 177]
[141, 176]
[144, 110]
[144, 180]
[144, 179]
[147, 182]
[151, 152]
[151, 117]
[152, 188]
[155, 121]
[157, 123]
[157, 193]
[159, 125]
[162, 163]
[162, 128]
[163, 129]
[163, 199]
[165, 200]
[167, 168]
[167, 133]
[167, 202]
[168, 169]
[168, 134]
[168, 204]
[169, 205]
[169, 204]
[171, 172]
[172, 173]
[173, 174]
[173, 209]
[174, 209]
[175, 176]
[175, 141]
[176, 177]
[179, 180]
[179, 214]
[180, 181]
[181, 182]
[181, 147]
[182, 218]
[188, 189]
[189, 155]
[193, 159]
[199, 200]
[199, 165]
[199, 235]
[200, 236]
[200, 235]
[202, 168]
[202, 238]
[202, 237]
[204, 205]
[205, 171]
[209, 244]
[214, 180]
[218, 219]
[226, 227]
[227, 193]
[233, 199]
[235, 236]
[236, 237]
[236, 202]
[237, 238]
[238, 204]
