[4, 5]
[4, 40]
[4, 39]
[5, 41]
[5, 40]
[8, 44]
[8, 43]
[10, 46]
[10, 45]
[14, 49]
[17, 18]
[24, 25]
[25, 61]
[31, 67]
[34, 69]
[35, 71]
[35, 70]
[39, 40]
[39, 5]
[39, 75]
[39, 74]
[40, 41]
[40, 76]
[40, 75]
[41, 42]
[41, 76]
[42, 43]
[42, 8]
[43, 44]
[44, 45]
[44, 10]
[44, 80]
[45, 46]
[45, 81]
[45, 80]
[46, 82]
[46, 81]
[55, 56]
[55, 91]
[56, 57]
[56, 91]
[57, 58]
[57, 93]
[58, 24]
[58, 94]
[58, 93]
[61, 62]
[61, 97]
[61, 96]
[62, 97]
[64, 65]
[65, 31]
[67, 68]
[67, 103]
[67, 102]
[68, 69]
[68, 34]
[68, 104]
[68, 103]
[69, 104]
[70, 71]
[70, 106]
[70, 105]
[71, 106]
[73, 74]
[73, 39]
[74, 75]
[74, 40]
[75, 76]
[75, 41]
[75, 111]
[76, 42]
[76, 111]
[80, 81]
[80, 46]
[81, 82]
[86, 87]
[91, 57]
[91, 127]
[91, 126]
[93, 94]
[96, 97]
[96, 62]
[96, 132]
[97, 133]
[97, 132]
[102, 103]
[102, 68]
[103, 104]
[103, 69]
[105, 106]
[105, 71]
[113, 114]
[114, 80]
[119, 120]
[119, 155]
[120, 86]
[120, 156]
[120, 155]
[126, 127]
[126, 162]
[126, 161]
[127, 93]
[127, 162]
[132, 133]
[132, 168]
[133, 169]
[133, 168]
[135, 170]
[144, 145]
[144, 180]
[144, 179]
[145, 111]
[145, 180]
[155, 156]
[155, 190]
[156, 157]
[156, 192]
[157, 158]
[157, 192]
[158, 159]
[159, 160]
[160, 161]
[160, 126]
[161, 162]
[161, 127]
[162, 198]
[164, 200]
[166, 132]
[166, 202]
[168, 169]
[168, 204]
[168, 203]
[169, 170]
[169, 135]
[169, 204]
[173, 174]
[175, 176]
[176, 177]
[177, 213]
[179, 180]
[179, 145]
[179, 214]
[185, 221]
[185, 220]
[190, 156]
[192, 158]
[198, 164]
[198, 234]
[200, 166]
[200, 236]
[200, 235]
[202, 203]
[202, 168]
[202, 237]
[203, 204]
[203, 169]
[204, 170]
[207, 173]
[207, 242]
[213, 214]
[213, 179]
[214, 180]
[220, 221]
[221, 222]
[222, 223]
[234, 235]
[234, 200]
[235, 236]
[236, 237]
[236, 202]
[237, 203]
