[1, 2]
[1, 36]
[2, 38]
[4, 39]
[8, 9]
[8, 44]
[8, 43]
[9, 45]
[9, 44]
[11, 12]
[12, 13]
[12, 48]
[13, 14]
[13, 48]
[14, 15]
[15, 16]
[19, 20]
[19, 55]
[20, 21]
[20, 56]
[20, 55]
[21, 22]
[21, 56]
[25, 61]
[29, 30]
[29, 65]
[30, 31]
[30, 65]
[31, 67]
[33, 68]
[35, 36]
[35, 1]
[35, 71]
[36, 2]
[36, 71]
[38, 39]
[38, 4]
[42, 43]
[42, 8]
[43, 44]
[43, 9]
[43, 79]
[44, 45]
[44, 80]
[44, 79]
[45, 11]
[45, 81]
[45, 80]
[48, 14]
[48, 84]
[53, 19]
[53, 89]
[53, 88]
[55, 56]
[55, 21]
[55, 91]
[55, 90]
[56, 22]
[56, 91]
[61, 97]
[61, 96]
[63, 29]
[63, 99]
[63, 98]
[65, 31]
[65, 100]
[67, 68]
[67, 33]
[67, 103]
[67, 102]
[68, 104]
[68, 103]
[76, 42]
[79, 80]
[79, 45]
[79, 114]
[80, 81]
[81, 82]
[82, 48]
[82, 118]
[84, 120]
[84, 119]
[87, 88]
[87, 53]
[87, 123]
[88, 89]
[88, 123]
[89, 90]
[89, 55]
[89, 125]
[90, 91]
[90, 56]
[90, 125]
[91, 127]
[93, 94]
[94, 130]
[96, 97]
[96, 132]
[96, 131]
[97, 98]
[97, 63]
[97, 133]
[97, 132]
[98, 99]
[98, 134]
[98, 133]
[99, 100]
[99, 65]
[99, 135]
[99, 134]
[100, 136]
[100, 135]
[102, 103]
[102, 68]
[102, 138]
[103, 104]
[103, 138]
[110, 76]
[110, 146]
[113, 114]
[113, 79]
[113, 148]
[114, 80]
[118, 119]
[118, 84]
[119, 120]
[119, 155]
[120, 156]
[120, 155]
[123, 89]
[123, 159]
[123, 158]
[125, 91]
[125, 160]
[127, 93]
[127, 162]
[130, 131]
[130, 96]
[130, 166]
[130, 165]
[131, 132]
[131, 97]
[131, 166]
[132, 133]
[132, 98]
[132, 168]
[133, 134]
[133, 99]
[133, 169]
[133, 168]
[134, 135]
[134, 100]
[134, 169]
[135, 136]
[135, 171]
[136, 102]
[136, 172]
[136, 171]
[138, 104]
[138, 174]
[140, 141]
[141, 142]
[141, 177]
[142, 143]
[142, 177]
[143, 144]
[144, 110]
[146, 182]
[146, 181]
[148, 114]
[148, 184]
[148, 183]
[152, 118]
[152, 188]
[155, 156]
[155, 191]
[155, 190]
[156, 192]
[156, 191]
[158, 159]
[158, 194]
[159, 160]
[159, 125]
[159, 194]
[162, 198]
[165, 166]
[165, 131]
[165, 200]
[166, 132]
[166, 202]
[168, 169]
[168, 134]
[168, 204]
[169, 135]
[169, 204]
[171, 172]
[171, 207]
[171, 206]
[172, 138]
[172, 207]
[177, 143]
[181, 182]
[181, 217]
[182, 183]
[182, 148]
[182, 218]
[182, 217]
[183, 184]
[183, 219]
[183, 218]
[184, 219]
[188, 224]
[190, 191]
[190, 156]
[190, 226]
[190, 225]
[191, 192]
[191, 227]
[191, 226]
[192, 158]
[192, 227]
[194, 160]
[194, 230]
[194, 229]
[198, 233]
[200, 166]
[202, 168]
[202, 238]
[202, 237]
[204, 240]
[206, 207]
[206, 172]
[210, 211]
[211, 177]
[217, 218]
[217, 183]
[218, 219]
[218, 184]
[224, 225]
[224, 190]
[225, 226]
[225, 191]
[226, 227]
[226, 192]
[229, 230]
[230, 231]
[237, 238]
[238, 204]
[240, 206]
