[1, 2]
[1, 37]
[1, 36]
[2, 38]
[2, 37]
[4, 5]
[5, 41]
[7, 8]
[10, 46]
[12, 13]
[13, 49]
[15, 50]
[18, 19]
[19, 20]
[19, 55]
[20, 21]
[20, 55]
[21, 57]
[23, 24]
[23, 59]
[23, 58]
[24, 59]
[26, 27]
[27, 28]
[27, 63]
[28, 63]
[32, 33]
[33, 34]
[33, 69]
[34, 69]
[36, 37]
[36, 2]
[37, 38]
[37, 73]
[38, 4]
[38, 74]
[38, 73]
[41, 7]
[41, 77]
[46, 12]
[46, 82]
[46, 81]
[49, 50]
[49, 15]
[49, 84]
[55, 21]
[57, 58]
[57, 23]
[58, 59]
[58, 24]
[58, 94]
[59, 94]
[66, 32]
[66, 102]
[73, 74]
[73, 109]
[74, 75]
[74, 109]
[75, 41]
[75, 111]
[77, 112]
[81, 82]
[81, 117]
[82, 118]
[82, 117]
[84, 50]
[84, 119]
[89, 55]
[94, 130]
[96, 97]
[97, 63]
[100, 66]
[102, 138]
[105, 141]
[105, 140]
[109, 75]
[111, 112]
[111, 77]
[111, 146]
[112, 148]
[117, 118]
[117, 153]
[118, 119]
[118, 84]
[118, 154]
[118, 153]
[119, 155]
[119, 154]
[121, 157]
[128, 94]
[128, 164]
[130, 96]
[130, 166]
[130, 165]
[140, 141]
[140, 176]
[140, 175]
[141, 177]
[141, 176]
[146, 112]
[148, 149]
[148, 184]
[148, 183]
[149, 150]
[149, 184]
[153, 154]
[153, 119]
[154, 155]
[155, 121]
[155, 191]
[157, 192]
[159, 160]
[160, 161]
[161, 197]
[164, 165]
[164, 130]
[165, 166]
[165, 201]
[166, 202]
[166, 201]
[168, 169]
[169, 170]
[169, 205]
[170, 171]
[170, 205]
[171, 207]
[175, 176]
[175, 141]
[176, 177]
[176, 212]
[177, 178]
[177, 212]
[178, 214]
[183, 184]
[183, 149]
[183, 219]
[184, 150]
[184, 220]
[184, 219]
[191, 192]
[191, 157]
[191, 227]
[192, 227]
[197, 198]
[197, 232]
[198, 164]
[198, 234]
[201, 202]
[202, 168]
[202, 238]
[205, 171]
[212, 178]
[214, 215]
[215, 216]
[216, 217]
[217, 183]
[219, 220]
[220, 221]
[221, 222]
[231, 232]
[231, 197]
[232, 198]
[234, 235]
[235, 201]
