[3, 4]
[3, 38]
[4, 5]
[9, 45]
[11, 46]
[17, 18]
[18, 19]
[18, 54]
[19, 54]
[21, 22]
[22, 23]
[23, 24]
[24, 60]
[28, 29]
[29, 65]
[34, 69]
[38, 4]
[45, 46]
[45, 11]
[54, 90]
[60, 61]
[61, 62]
[62, 28]
[65, 101]
[69, 104]
[72, 38]
[87, 122]
[90, 91]
[91, 127]
[94, 60]
[94, 129]
[101, 102]
[102, 138]
[105, 141]
[109, 145]
[109, 144]
[111, 77]
[111, 147]
[115, 151]
[118, 119]
[119, 85]
[122, 158]
[124, 90]
[127, 128]
[127, 163]
[127, 162]
[128, 129]
[128, 94]
[128, 163]
[133, 134]
[134, 135]
[134, 170]
[135, 101]
[135, 171]
[135, 170]
[138, 104]
[138, 174]
[138, 173]
[141, 142]
[142, 143]
[143, 144]
[143, 109]
[144, 145]
[145, 111]
[147, 183]
[151, 187]
[156, 122]
[156, 192]
[156, 191]
[158, 124]
[158, 194]
[161, 162]
[161, 127]
[161, 197]
[162, 163]
[162, 128]
[162, 197]
[163, 129]
[166, 167]
[167, 133]
[167, 203]
[170, 171]
[173, 174]
[173, 209]
[174, 209]
[175, 141]
[175, 210]
[183, 219]
[183, 218]
[189, 190]
[189, 225]
[189, 224]
[190, 191]
[190, 156]
[190, 226]
[190, 225]
[191, 192]
[191, 226]
[192, 158]
[197, 163]
[197, 233]
[197, 232]
[203, 239]
[209, 244]
[212, 213]
[218, 219]
[219, 220]
[224, 225]
[224, 190]
[225, 226]
[225, 191]
[226, 192]
[231, 232]
[231, 197]
[232, 233]
[233, 234]
[234, 235]
[235, 236]
[239, 240]
[243, 244]
[243, 209]
