[5, 41]
[5, 40]
[7, 43]
[7, 42]
[9, 10]
[9, 45]
[9, 44]
[10, 11]
[10, 46]
[10, 45]
[11, 46]
[13, 49]
[13, 48]
[17, 18]
[17, 53]
[17, 52]
[18, 19]
[18, 53]
[19, 20]
[19, 55]
[20, 21]
[20, 55]
[21, 22]
[21, 57]
[22, 23]
[22, 58]
[22, 57]
[23, 58]
[26, 27]
[26, 61]
[27, 28]
[35, 36]
[35, 70]
[36, 37]
[37, 38]
[37, 73]
[38, 73]
[40, 41]
[41, 42]
[41, 7]
[42, 43]
[43, 44]
[43, 9]
[43, 79]
[44, 45]
[44, 10]
[44, 79]
[45, 46]
[45, 11]
[45, 81]
[46, 81]
[48, 49]
[48, 84]
[48, 83]
[49, 50]
[49, 84]
[52, 53]
[52, 18]
[53, 19]
[53, 89]
[55, 21]
[57, 58]
[57, 23]
[58, 94]
[60, 61]
[60, 26]
[60, 96]
[60, 95]
[61, 27]
[61, 96]
[68, 69]
[68, 104]
[69, 104]
[70, 36]
[70, 105]
[73, 109]
[73, 108]
[79, 45]
[79, 115]
[81, 117]
[83, 84]
[83, 49]
[83, 119]
[83, 118]
[84, 50]
[84, 120]
[84, 119]
[89, 55]
[89, 124]
[94, 95]
[94, 60]
[95, 96]
[95, 61]
[95, 131]
[96, 132]
[96, 131]
[101, 102]
[101, 136]
[102, 68]
[102, 138]
[107, 108]
[107, 73]
[108, 109]
[111, 146]
[115, 81]
[115, 150]
[117, 118]
[117, 83]
[117, 153]
[117, 152]
[118, 119]
[118, 84]
[118, 154]
[118, 153]
[119, 120]
[119, 155]
[119, 154]
[120, 156]
[120, 155]
[124, 159]
[127, 162]
[131, 132]
[131, 167]
[132, 133]
[132, 167]
[133, 134]
[133, 169]
[134, 135]
[134, 170]
[134, 169]
[135, 136]
[135, 101]
[135, 170]
[136, 102]
[138, 104]
[138, 174]
[148, 149]
[148, 184]
[148, 183]
[149, 150]
[149, 115]
[149, 185]
[149, 184]
[150, 186]
[150, 185]
[152, 153]
[152, 118]
[153, 154]
[153, 119]
[154, 155]
[154, 120]
[155, 156]
[156, 122]
[156, 192]
[159, 195]
[162, 198]
[165, 131]
[165, 201]
[165, 200]
[167, 133]
[169, 170]
[169, 135]
[169, 205]
[169, 204]
[170, 136]
[170, 205]
[175, 176]
[175, 211]
[176, 177]
[176, 211]
[177, 178]
[177, 213]
[178, 213]
[180, 146]
[180, 216]
[180, 215]
[183, 184]
[183, 149]
[183, 219]
[183, 218]
[184, 185]
[184, 150]
[184, 220]
[184, 219]
[185, 186]
[185, 221]
[185, 220]
[186, 152]
[186, 221]
[192, 228]
[192, 227]
[195, 196]
[195, 231]
[196, 162]
[196, 232]
[196, 231]
[198, 199]
[199, 200]
[199, 165]
[200, 201]
[201, 167]
[201, 237]
[204, 205]
[204, 170]
[204, 240]
[205, 241]
[205, 240]
[207, 208]
[208, 174]
[208, 244]
[211, 177]
[215, 216]
[218, 219]
[218, 184]
[219, 220]
[219, 185]
[220, 221]
[220, 186]
[227, 228]
[231, 232]
[232, 198]
[240, 241]
[241, 207]
