[2, 3]
[2, 37]
[3, 4]
[3, 39]
[4, 5]
[4, 39]
[5, 6]
[6, 7]
[7, 8]
[7, 43]
[8, 9]
[8, 43]
[9, 10]
[9, 45]
[10, 45]
[13, 14]
[13, 49]
[14, 50]
[14, 49]
[16, 17]
[16, 52]
[17, 18]
[17, 53]
[17, 52]
[18, 53]
[20, 21]
[20, 55]
[21, 57]
[26, 27]
[26, 62]
[27, 63]
[27, 62]
[29, 30]
[29, 64]
[30, 31]
[31, 67]
[33, 69]
[37, 3]
[37, 73]
[39, 5]
[39, 75]
[39, 74]
[43, 9]
[43, 79]
[43, 78]
[45, 80]
[49, 50]
[49, 85]
[50, 16]
[50, 86]
[50, 85]
[52, 53]
[52, 18]
[52, 88]
[53, 89]
[53, 88]
[55, 21]
[55, 90]
[57, 58]
[57, 92]
[58, 59]
[59, 60]
[60, 26]
[62, 63]
[62, 98]
[63, 64]
[63, 29]
[63, 98]
[64, 30]
[64, 100]
[67, 33]
[67, 102]
[71, 37]
[73, 74]
[73, 39]
[73, 108]
[74, 75]
[75, 76]
[76, 77]
[77, 78]
[77, 43]
[78, 79]
[78, 114]
[79, 80]
[79, 45]
[79, 115]
[79, 114]
[80, 116]
[80, 115]
[85, 86]
[85, 121]
[86, 52]
[86, 121]
[88, 89]
[89, 90]
[89, 55]
[90, 126]
[92, 58]
[92, 128]
[92, 127]
[98, 64]
[98, 133]
[100, 101]
[100, 136]
[101, 102]
[101, 67]
[101, 136]
[102, 138]
[105, 71]
[108, 74]
[108, 144]
[114, 115]
[114, 80]
[114, 150]
[115, 116]
[115, 150]
[116, 82]
[119, 85]
[119, 154]
[126, 127]
[126, 92]
[127, 128]
[128, 129]
[131, 166]
[133, 169]
[136, 102]
[136, 171]
[138, 174]
[142, 108]
[144, 180]
[147, 183]
[150, 116]
[154, 190]
[159, 160]
[160, 126]
[160, 196]
[166, 202]
[166, 201]
[169, 170]
[169, 204]
[170, 171]
[170, 136]
[170, 206]
[171, 206]
[174, 209]
[180, 181]
[180, 215]
[181, 147]
[183, 218]
[188, 154]
[188, 223]
[196, 197]
[196, 231]
[200, 201]
[200, 166]
[201, 202]
[202, 203]
[202, 238]
[203, 204]
[203, 169]
[203, 239]
[203, 238]
[204, 170]
[204, 239]
[206, 242]
[208, 209]
[208, 174]
[208, 244]
[208, 243]
[209, 244]
[215, 181]
[222, 223]
[222, 188]
[229, 230]
[230, 231]
[230, 196]
[231, 197]
[238, 239]
[238, 204]
[242, 243]
[242, 208]
[243, 244]
[243, 209]
