[0, 1]
[0, 36]
[0, 35]
[1, 37]
[1, 36]
[3, 4]
[3, 38]
[4, 40]
[8, 44]
[13, 14]
[13, 48]
[14, 50]
[16, 17]
[16, 51]
[17, 53]
[20, 21]
[21, 57]
[23, 58]
[29, 30]
[30, 31]
[33, 68]
[35, 36]
[35, 1]
[36, 37]
[37, 38]
[37, 3]
[38, 4]
[38, 74]
[40, 41]
[40, 76]
[41, 76]
[44, 80]
[46, 82]
[46, 81]
[48, 14]
[48, 83]
[50, 51]
[50, 16]
[51, 17]
[51, 87]
[53, 88]
[57, 58]
[57, 23]
[57, 92]
[68, 104]
[74, 40]
[74, 110]
[74, 109]
[76, 111]
[80, 81]
[80, 46]
[80, 116]
[81, 82]
[81, 116]
[82, 83]
[82, 48]
[82, 118]
[83, 119]
[83, 118]
[87, 88]
[87, 53]
[88, 124]
[90, 126]
[92, 58]
[92, 128]
[92, 127]
[97, 98]
[98, 99]
[98, 134]
[99, 135]
[99, 134]
[101, 137]
[104, 139]
[106, 142]
[106, 141]
[108, 109]
[108, 74]
[109, 110]
[110, 111]
[110, 76]
[110, 146]
[111, 146]
[114, 80]
[116, 82]
[116, 151]
[118, 119]
[118, 153]
[119, 155]
[121, 87]
[121, 156]
[124, 90]
[126, 127]
[126, 92]
[126, 162]
[127, 128]
[127, 162]
[130, 166]
[130, 165]
[134, 135]
[134, 169]
[135, 101]
[135, 171]
[137, 138]
[138, 139]
[138, 104]
[138, 174]
[139, 174]
[141, 142]
[141, 177]
[141, 176]
[142, 108]
[142, 177]
[146, 181]
[151, 186]
[153, 119]
[153, 188]
[155, 156]
[155, 121]
[156, 192]
[158, 124]
[158, 194]
[158, 193]
[162, 128]
[162, 198]
[165, 166]
[165, 201]
[165, 200]
[166, 201]
[168, 169]
[168, 134]
[168, 204]
[169, 135]
[169, 205]
[169, 204]
[171, 137]
[171, 206]
[175, 176]
[175, 141]
[175, 211]
[176, 177]
[176, 142]
[176, 211]
[177, 213]
[181, 216]
[183, 184]
[186, 222]
[186, 221]
[188, 224]
[188, 223]
[192, 193]
[192, 158]
[192, 228]
[193, 194]
[193, 228]
[194, 195]
[195, 196]
[195, 231]
[196, 162]
[196, 232]
[196, 231]
[200, 201]
[200, 166]
[204, 205]
[204, 240]
[204, 239]
[205, 206]
[205, 171]
[205, 241]
[205, 240]
[206, 242]
[206, 241]
[208, 174]
[208, 244]
[208, 243]
[211, 177]
[213, 179]
[221, 222]
[222, 223]
[222, 188]
[223, 224]
[224, 225]
[225, 226]
[226, 192]
[228, 194]
[231, 232]
[232, 198]
[239, 240]
[239, 205]
[240, 241]
[240, 206]
[241, 242]
[242, 243]
[242, 208]
[243, 244]
