[0, 36]
[0, 35]
[4, 5]
[4, 40]
[4, 39]
[5, 6]
[5, 40]
[9, 44]
[12, 13]
[12, 48]
[13, 14]
[13, 48]
[14, 15]
[15, 51]
[17, 53]
[20, 55]
[22, 23]
[22, 58]
[23, 24]
[23, 58]
[24, 60]
[27, 62]
[30, 31]
[30, 66]
[30, 65]
[31, 67]
[31, 66]
[34, 69]
[35, 36]
[36, 37]
[39, 40]
[39, 5]
[39, 75]
[39, 74]
[40, 6]
[40, 75]
[44, 79]
[46, 12]
[46, 81]
[48, 14]
[48, 84]
[51, 17]
[51, 86]
[53, 89]
[55, 91]
[55, 90]
[58, 24]
[58, 93]
[60, 95]
[65, 66]
[65, 31]
[65, 101]
[65, 100]
[66, 67]
[66, 101]
[67, 103]
[74, 75]
[74, 40]
[75, 111]
[79, 115]
[81, 116]
[84, 85]
[84, 119]
[85, 86]
[85, 51]
[89, 90]
[89, 55]
[89, 125]
[89, 124]
[90, 91]
[90, 126]
[90, 125]
[91, 126]
[93, 129]
[100, 101]
[100, 66]
[100, 136]
[100, 135]
[101, 67]
[101, 136]
[103, 69]
[107, 108]
[108, 74]
[113, 79]
[113, 148]
[115, 116]
[115, 81]
[115, 151]
[115, 150]
[116, 152]
[116, 151]
[119, 85]
[119, 155]
[123, 124]
[123, 89]
[123, 159]
[123, 158]
[124, 125]
[124, 90]
[124, 160]
[124, 159]
[125, 126]
[125, 91]
[125, 160]
[126, 162]
[129, 95]
[129, 165]
[132, 133]
[133, 169]
[135, 136]
[135, 101]
[135, 170]
[136, 172]
[140, 141]
[140, 176]
[141, 107]
[141, 177]
[141, 176]
[145, 111]
[150, 151]
[150, 116]
[150, 186]
[151, 152]
[151, 187]
[151, 186]
[152, 153]
[152, 188]
[152, 187]
[153, 119]
[153, 188]
[155, 156]
[155, 191]
[156, 191]
[158, 159]
[158, 124]
[159, 160]
[159, 125]
[160, 126]
[162, 163]
[162, 197]
[163, 129]
[165, 166]
[165, 201]
[165, 200]
[166, 132]
[166, 201]
[169, 170]
[169, 135]
[169, 204]
[170, 136]
[170, 206]
[176, 177]
[177, 178]
[177, 213]
[178, 179]
[178, 213]
[179, 145]
[179, 215]
[186, 187]
[186, 152]
[187, 188]
[187, 153]
[187, 223]
[188, 224]
[188, 223]
[197, 163]
[200, 201]
[200, 166]
[201, 237]
[203, 204]
[203, 169]
[204, 170]
[206, 172]
[206, 242]
[210, 176]
[213, 179]
[217, 218]
[218, 219]
[223, 224]
[231, 197]
[237, 203]
[242, 243]
[243, 244]
