[2, 38]
[2, 37]
[4, 40]
[6, 7]
[6, 42]
[7, 8]
[7, 42]
[8, 44]
[10, 45]
[14, 15]
[19, 54]
[24, 60]
[24, 59]
[27, 28]
[33, 34]
[33, 69]
[34, 69]
[37, 38]
[37, 72]
[38, 4]
[38, 74]
[40, 6]
[40, 75]
[42, 8]
[42, 78]
[42, 77]
[44, 45]
[44, 10]
[52, 53]
[52, 88]
[52, 87]
[53, 54]
[53, 19]
[53, 89]
[53, 88]
[54, 89]
[59, 60]
[59, 94]
[60, 96]
[67, 33]
[67, 103]
[67, 102]
[69, 104]
[72, 38]
[72, 107]
[74, 75]
[74, 40]
[74, 109]
[77, 78]
[77, 112]
[78, 44]
[82, 83]
[82, 117]
[83, 119]
[85, 86]
[86, 87]
[86, 52]
[86, 122]
[87, 88]
[87, 53]
[87, 123]
[87, 122]
[88, 89]
[88, 54]
[88, 123]
[89, 125]
[94, 60]
[94, 130]
[94, 129]
[98, 134]
[100, 136]
[102, 103]
[102, 137]
[103, 104]
[103, 69]
[103, 139]
[104, 139]
[107, 142]
[109, 75]
[112, 78]
[116, 117]
[116, 82]
[117, 83]
[119, 85]
[119, 154]
[122, 123]
[122, 88]
[122, 158]
[123, 89]
[123, 159]
[123, 158]
[125, 161]
[127, 163]
[129, 130]
[130, 96]
[134, 100]
[134, 169]
[136, 137]
[136, 102]
[137, 103]
[137, 173]
[149, 184]
[154, 190]
[156, 122]
[156, 191]
[158, 159]
[158, 194]
[158, 193]
[159, 125]
[159, 194]
[161, 127]
[161, 197]
[163, 129]
[167, 168]
[167, 203]
[168, 169]
[168, 134]
[168, 204]
[168, 203]
[169, 204]
[173, 139]
[175, 176]
[175, 211]
[176, 142]
[176, 211]
[179, 180]
[179, 215]
[179, 214]
[180, 215]
[182, 183]
[182, 217]
[183, 184]
[183, 149]
[183, 219]
[184, 220]
[184, 219]
[190, 191]
[190, 156]
[190, 226]
[191, 227]
[191, 226]
[193, 194]
[193, 159]
[193, 229]
[193, 228]
[194, 230]
[194, 229]
[197, 163]
[197, 233]
[203, 204]
[203, 169]
[203, 239]
[204, 239]
[214, 215]
[214, 180]
[217, 183]
[219, 220]
[220, 221]
[221, 187]
[226, 227]
[227, 228]
[227, 193]
[228, 229]
[228, 194]
[229, 230]
[233, 234]
[234, 235]
[241, 242]
[242, 243]
