[0, 36]
[0, 35]
[4, 39]
[8, 44]
[10, 46]
[16, 17]
[16, 51]
[17, 53]
[22, 23]
[23, 59]
[32, 33]
[32, 68]
[33, 68]
[35, 36]
[35, 71]
[35, 70]
[36, 72]
[36, 71]
[38, 39]
[38, 4]
[42, 8]
[42, 78]
[42, 77]
[44, 10]
[44, 80]
[46, 81]
[50, 51]
[50, 16]
[51, 17]
[55, 56]
[56, 22]
[59, 95]
[59, 94]
[68, 103]
[70, 71]
[70, 36]
[70, 106]
[70, 105]
[71, 72]
[71, 106]
[72, 38]
[72, 108]
[76, 77]
[76, 42]
[77, 78]
[78, 44]
[80, 81]
[80, 46]
[80, 116]
[81, 117]
[81, 116]
[93, 94]
[93, 59]
[93, 129]
[94, 95]
[94, 130]
[94, 129]
[95, 96]
[95, 130]
[96, 97]
[97, 133]
[99, 100]
[103, 138]
[105, 106]
[105, 71]
[105, 141]
[106, 72]
[106, 141]
[108, 143]
[110, 76]
[110, 146]
[116, 117]
[120, 156]
[120, 155]
[129, 130]
[129, 95]
[130, 96]
[130, 166]
[133, 99]
[138, 174]
[143, 178]
[146, 147]
[146, 181]
[147, 148]
[154, 155]
[154, 120]
[154, 190]
[154, 189]
[155, 156]
[155, 190]
[156, 192]
[158, 159]
[158, 194]
[159, 160]
[159, 195]
[159, 194]
[160, 196]
[160, 195]
[163, 129]
[163, 199]
[163, 198]
[170, 205]
[178, 213]
[181, 147]
[188, 189]
[188, 154]
[188, 223]
[189, 190]
[189, 155]
[190, 156]
[192, 158]
[194, 195]
[194, 160]
[194, 230]
[195, 196]
[195, 230]
[196, 197]
[197, 198]
[197, 163]
[197, 233]
[198, 199]
[198, 233]
[205, 240]
[208, 174]
[208, 244]
[208, 243]
[223, 189]
[230, 196]
[233, 199]
[236, 237]
[237, 238]
[238, 239]
[239, 240]
[239, 205]
[243, 244]
