[2, 3]
[2, 38]
[3, 4]
[3, 39]
[3, 38]
[4, 39]
[6, 42]
[6, 41]
[8, 9]
[8, 44]
[9, 45]
[9, 44]
[13, 14]
[13, 49]
[14, 15]
[14, 50]
[14, 49]
[15, 51]
[15, 50]
[19, 20]
[19, 55]
[19, 54]
[20, 55]
[23, 59]
[26, 62]
[26, 61]
[29, 30]
[30, 31]
[33, 69]
[33, 68]
[38, 39]
[38, 4]
[41, 42]
[42, 8]
[44, 45]
[44, 79]
[45, 81]
[47, 13]
[47, 83]
[47, 82]
[49, 50]
[49, 15]
[49, 84]
[50, 51]
[51, 52]
[51, 87]
[52, 87]
[54, 55]
[54, 20]
[61, 62]
[61, 97]
[62, 97]
[68, 69]
[79, 45]
[81, 82]
[81, 47]
[81, 117]
[81, 116]
[82, 83]
[82, 118]
[82, 117]
[83, 84]
[83, 49]
[83, 118]
[84, 50]
[84, 120]
[87, 122]
[99, 100]
[99, 135]
[99, 134]
[100, 135]
[106, 107]
[109, 145]
[116, 117]
[116, 82]
[117, 118]
[117, 83]
[117, 153]
[118, 84]
[118, 153]
[120, 121]
[120, 155]
[121, 122]
[121, 87]
[121, 157]
[122, 157]
[124, 159]
[127, 163]
[134, 135]
[134, 100]
[134, 170]
[134, 169]
[135, 171]
[135, 170]
[137, 138]
[137, 173]
[138, 173]
[140, 106]
[140, 175]
[145, 181]
[150, 116]
[153, 189]
[155, 121]
[155, 190]
[159, 195]
[163, 164]
[163, 198]
[169, 170]
[169, 135]
[169, 205]
[170, 171]
[170, 206]
[170, 205]
[171, 137]
[171, 206]
[173, 209]
[175, 210]
[181, 217]
[181, 216]
[189, 190]
[189, 155]
[190, 226]
[198, 164]
[198, 234]
[202, 203]
[202, 238]
[203, 169]
[203, 238]
[205, 206]
[205, 171]
[205, 241]
[206, 241]
[216, 217]
[223, 189]
[229, 195]
[232, 198]
[236, 202]
[243, 209]
