[1, 37]
[1, 36]
[4, 5]
[5, 6]
[9, 44]
[11, 47]
[13, 14]
[13, 49]
[13, 48]
[14, 15]
[14, 49]
[15, 51]
[18, 19]
[18, 53]
[22, 23]
[23, 59]
[25, 26]
[25, 61]
[25, 60]
[26, 27]
[26, 61]
[27, 28]
[28, 64]
[31, 66]
[34, 69]
[36, 37]
[36, 72]
[36, 71]
[37, 38]
[37, 73]
[37, 72]
[38, 4]
[38, 74]
[38, 73]
[44, 80]
[47, 48]
[47, 13]
[47, 82]
[48, 49]
[48, 14]
[49, 15]
[51, 52]
[51, 87]
[51, 86]
[52, 53]
[52, 18]
[52, 88]
[52, 87]
[53, 19]
[53, 88]
[59, 60]
[59, 25]
[59, 94]
[60, 61]
[60, 26]
[61, 27]
[61, 97]
[64, 65]
[65, 66]
[65, 31]
[66, 102]
[68, 69]
[68, 34]
[68, 104]
[68, 103]
[69, 104]
[71, 72]
[71, 37]
[71, 107]
[72, 73]
[72, 38]
[72, 108]
[72, 107]
[73, 74]
[73, 109]
[73, 108]
[74, 75]
[74, 109]
[75, 111]
[77, 78]
[77, 112]
[78, 44]
[78, 114]
[80, 116]
[80, 115]
[82, 48]
[86, 87]
[86, 52]
[86, 121]
[87, 88]
[87, 53]
[87, 123]
[88, 124]
[88, 123]
[90, 126]
[92, 93]
[92, 128]
[92, 127]
[93, 94]
[93, 59]
[93, 128]
[94, 60]
[94, 130]
[97, 98]
[97, 132]
[98, 64]
[98, 134]
[102, 103]
[102, 68]
[102, 138]
[102, 137]
[103, 104]
[103, 69]
[103, 139]
[103, 138]
[104, 139]
[107, 108]
[107, 73]
[107, 142]
[108, 109]
[108, 74]
[108, 144]
[109, 75]
[109, 145]
[109, 144]
[111, 112]
[111, 77]
[111, 147]
[112, 78]
[112, 148]
[112, 147]
[114, 115]
[114, 80]
[114, 149]
[115, 116]
[115, 151]
[116, 82]
[116, 152]
[116, 151]
[119, 155]
[121, 87]
[121, 157]
[121, 156]
[123, 124]
[124, 90]
[124, 160]
[126, 127]
[126, 92]
[126, 162]
[127, 128]
[127, 93]
[127, 163]
[127, 162]
[128, 94]
[128, 163]
[130, 165]
[132, 98]
[132, 168]
[132, 167]
[134, 135]
[134, 169]
[137, 138]
[137, 103]
[138, 139]
[138, 104]
[140, 175]
[142, 108]
[142, 178]
[142, 177]
[144, 145]
[144, 180]
[145, 111]
[145, 180]
[147, 148]
[147, 183]
[148, 149]
[148, 114]
[148, 183]
[149, 115]
[151, 152]
[155, 156]
[155, 121]
[155, 191]
[156, 157]
[156, 192]
[156, 191]
[157, 123]
[157, 193]
[157, 192]
[160, 126]
[162, 163]
[162, 128]
[163, 199]
[167, 168]
[167, 202]
[168, 169]
[168, 134]
[168, 204]
[169, 135]
[169, 205]
[169, 204]
[175, 211]
[177, 178]
[177, 213]
[178, 144]
[178, 214]
[178, 213]
[180, 216]
[180, 215]
[183, 149]
[191, 192]
[191, 157]
[191, 227]
[191, 226]
[192, 193]
[192, 227]
[193, 194]
[193, 229]
[194, 160]
[194, 229]
[199, 165]
[199, 235]
[199, 234]
[202, 168]
[202, 238]
[202, 237]
[204, 205]
[204, 239]
[205, 206]
[205, 241]
[206, 241]
[208, 243]
[211, 177]
[213, 214]
[214, 215]
[214, 180]
[215, 216]
[220, 221]
[225, 226]
[225, 191]
[226, 227]
[226, 192]
[227, 193]
[233, 234]
[233, 199]
[234, 235]
[235, 236]
[236, 237]
[236, 202]
[237, 238]
[238, 239]
[238, 204]
[239, 205]
