[0, 1]
[0, 36]
[1, 37]
[1, 36]
[8, 9]
[9, 45]
[11, 12]
[16, 17]
[16, 52]
[17, 18]
[17, 53]
[17, 52]
[18, 53]
[22, 58]
[22, 57]
[29, 30]
[29, 65]
[29, 64]
[30, 31]
[30, 66]
[30, 65]
[31, 32]
[31, 66]
[32, 33]
[32, 68]
[33, 69]
[33, 68]
[36, 37]
[36, 72]
[36, 71]
[37, 38]
[37, 72]
[38, 39]
[39, 75]
[41, 42]
[41, 76]
[42, 8]
[45, 11]
[52, 53]
[52, 18]
[52, 87]
[57, 58]
[62, 63]
[63, 64]
[63, 29]
[63, 99]
[64, 65]
[64, 30]
[64, 99]
[65, 66]
[65, 31]
[66, 32]
[66, 102]
[68, 69]
[70, 71]
[70, 36]
[70, 106]
[71, 72]
[71, 37]
[71, 107]
[71, 106]
[72, 38]
[72, 108]
[72, 107]
[75, 76]
[75, 41]
[75, 110]
[76, 42]
[76, 112]
[79, 45]
[83, 119]
[85, 86]
[86, 87]
[86, 52]
[86, 122]
[87, 53]
[87, 123]
[87, 122]
[90, 91]
[90, 126]
[91, 57]
[91, 126]
[99, 65]
[99, 134]
[102, 68]
[106, 107]
[106, 72]
[106, 142]
[107, 108]
[107, 142]
[108, 109]
[108, 144]
[109, 110]
[109, 75]
[109, 144]
[110, 76]
[110, 146]
[112, 113]
[112, 148]
[112, 147]
[113, 79]
[113, 149]
[113, 148]
[117, 83]
[117, 153]
[119, 85]
[122, 123]
[123, 159]
[126, 162]
[126, 161]
[128, 129]
[128, 164]
[128, 163]
[129, 95]
[129, 165]
[129, 164]
[132, 133]
[132, 167]
[133, 134]
[133, 99]
[133, 169]
[134, 170]
[134, 169]
[136, 102]
[136, 172]
[140, 106]
[140, 175]
[142, 108]
[144, 110]
[146, 147]
[146, 112]
[146, 182]
[147, 148]
[147, 113]
[147, 183]
[147, 182]
[148, 149]
[148, 184]
[148, 183]
[149, 150]
[149, 185]
[149, 184]
[150, 185]
[153, 119]
[159, 194]
[161, 162]
[161, 197]
[162, 163]
[162, 128]
[162, 197]
[163, 164]
[163, 129]
[163, 199]
[164, 165]
[164, 200]
[164, 199]
[165, 166]
[165, 200]
[166, 167]
[166, 132]
[167, 133]
[169, 170]
[170, 136]
[172, 207]
[175, 210]
[182, 183]
[182, 148]
[183, 184]
[183, 149]
[184, 185]
[184, 150]
[184, 220]
[185, 221]
[185, 220]
[187, 153]
[187, 222]
[194, 230]
[197, 163]
[199, 200]
[199, 165]
[200, 166]
[200, 236]
[209, 244]
[216, 182]
[220, 221]
[221, 222]
[221, 187]
[224, 225]
[230, 231]
[231, 197]
[241, 207]
