[0, 1]
[0, 36]
[1, 37]
[1, 36]
[3, 39]
[3, 38]
[5, 41]
[12, 48]
[14, 15]
[14, 50]
[15, 51]
[15, 50]
[17, 18]
[17, 53]
[17, 52]
[18, 19]
[18, 53]
[19, 55]
[21, 57]
[27, 28]
[28, 29]
[28, 64]
[29, 64]
[33, 69]
[36, 37]
[37, 38]
[37, 3]
[37, 73]
[38, 39]
[38, 73]
[39, 5]
[39, 75]
[41, 77]
[46, 12]
[48, 14]
[48, 83]
[50, 51]
[50, 86]
[50, 85]
[51, 52]
[51, 17]
[51, 86]
[52, 53]
[52, 18]
[53, 19]
[55, 21]
[57, 58]
[57, 92]
[64, 99]
[69, 104]
[73, 39]
[73, 109]
[75, 41]
[75, 111]
[77, 78]
[77, 113]
[78, 79]
[78, 114]
[78, 113]
[79, 80]
[79, 115]
[79, 114]
[80, 46]
[80, 116]
[80, 115]
[83, 119]
[85, 86]
[85, 51]
[85, 121]
[85, 120]
[86, 52]
[86, 122]
[86, 121]
[92, 58]
[99, 135]
[101, 102]
[101, 136]
[109, 75]
[109, 145]
[111, 77]
[111, 146]
[113, 114]
[113, 79]
[114, 115]
[114, 80]
[114, 150]
[115, 116]
[115, 150]
[116, 117]
[116, 152]
[117, 83]
[117, 152]
[119, 120]
[119, 85]
[119, 155]
[120, 121]
[120, 86]
[120, 155]
[121, 122]
[121, 157]
[122, 158]
[122, 157]
[126, 92]
[129, 130]
[129, 164]
[130, 131]
[130, 166]
[131, 132]
[131, 166]
[132, 168]
[135, 136]
[135, 101]
[135, 170]
[136, 102]
[136, 172]
[140, 141]
[141, 177]
[145, 146]
[145, 111]
[145, 181]
[146, 182]
[146, 181]
[150, 116]
[150, 185]
[152, 187]
[155, 121]
[157, 158]
[157, 193]
[158, 194]
[158, 193]
[163, 164]
[163, 129]
[163, 198]
[164, 130]
[164, 200]
[166, 132]
[168, 203]
[170, 136]
[170, 205]
[172, 173]
[172, 207]
[173, 174]
[173, 209]
[174, 209]
[181, 182]
[181, 216]
[182, 183]
[182, 218]
[183, 218]
[185, 220]
[193, 194]
[193, 229]
[194, 229]
[198, 164]
[198, 234]
[200, 166]
[203, 239]
[205, 240]
[207, 173]
[207, 243]
[211, 177]
[216, 182]
[227, 193]
[234, 200]
[237, 203]
[239, 240]
[239, 205]
[243, 209]
