[0, 1]
[0, 35]
[8, 9]
[8, 44]
[8, 43]
[9, 10]
[9, 44]
[17, 52]
[25, 60]
[28, 29]
[29, 65]
[33, 68]
[35, 1]
[40, 76]
[40, 75]
[43, 44]
[43, 9]
[44, 10]
[44, 80]
[47, 83]
[47, 82]
[50, 51]
[50, 86]
[51, 52]
[51, 17]
[51, 87]
[51, 86]
[52, 87]
[57, 92]
[59, 60]
[59, 25]
[59, 95]
[59, 94]
[60, 95]
[62, 28]
[62, 98]
[62, 97]
[65, 31]
[65, 101]
[65, 100]
[68, 103]
[73, 108]
[75, 76]
[75, 111]
[75, 110]
[76, 77]
[76, 112]
[76, 111]
[77, 43]
[77, 112]
[80, 116]
[80, 115]
[82, 83]
[82, 118]
[83, 84]
[83, 118]
[84, 50]
[86, 87]
[86, 52]
[86, 122]
[86, 121]
[87, 122]
[92, 128]
[94, 95]
[94, 60]
[94, 129]
[97, 98]
[97, 133]
[98, 134]
[98, 133]
[100, 101]
[100, 136]
[100, 135]
[101, 136]
[103, 139]
[108, 143]
[110, 111]
[110, 76]
[111, 112]
[111, 77]
[111, 147]
[112, 147]
[115, 116]
[116, 82]
[118, 84]
[121, 122]
[121, 87]
[128, 129]
[128, 94]
[128, 164]
[129, 95]
[129, 164]
[133, 134]
[133, 169]
[133, 168]
[134, 135]
[134, 100]
[134, 170]
[134, 169]
[135, 136]
[135, 101]
[135, 170]
[143, 178]
[147, 182]
[161, 196]
[164, 200]
[168, 169]
[168, 134]
[168, 204]
[169, 170]
[169, 135]
[169, 205]
[169, 204]
[170, 136]
[170, 205]
[173, 139]
[175, 211]
[175, 210]
[178, 213]
[181, 182]
[181, 147]
[181, 217]
[181, 216]
[182, 217]
[185, 221]
[185, 220]
[192, 193]
[192, 228]
[193, 194]
[193, 228]
[194, 195]
[195, 196]
[195, 161]
[195, 231]
[196, 231]
[200, 166]
[200, 236]
[204, 205]
[204, 170]
[204, 240]
[205, 240]
[210, 211]
[216, 217]
[216, 182]
[220, 221]
[221, 222]
[226, 192]
[228, 194]
