[0, 1]
[0, 36]
[0, 35]
[1, 37]
[1, 36]
[3, 4]
[3, 39]
[3, 38]
[4, 40]
[4, 39]
[6, 7]
[6, 42]
[6, 41]
[7, 8]
[7, 43]
[7, 42]
[8, 9]
[8, 44]
[8, 43]
[9, 10]
[9, 45]
[9, 44]
[10, 45]
[16, 52]
[16, 51]
[18, 54]
[20, 21]
[20, 56]
[21, 22]
[21, 56]
[22, 58]
[26, 27]
[26, 61]
[27, 28]
[27, 63]
[28, 29]
[28, 63]
[33, 34]
[33, 68]
[35, 36]
[35, 1]
[35, 71]
[36, 37]
[36, 72]
[36, 71]
[37, 38]
[37, 3]
[37, 73]
[37, 72]
[38, 39]
[38, 4]
[38, 73]
[39, 40]
[40, 41]
[40, 6]
[41, 42]
[41, 7]
[42, 43]
[42, 8]
[43, 44]
[43, 9]
[44, 45]
[44, 10]
[44, 80]
[45, 81]
[45, 80]
[51, 52]
[51, 86]
[52, 18]
[52, 88]
[54, 20]
[54, 90]
[54, 89]
[56, 22]
[56, 91]
[61, 27]
[61, 97]
[63, 29]
[63, 99]
[63, 98]
[68, 34]
[68, 104]
[68, 103]
[71, 72]
[71, 37]
[71, 106]
[72, 73]
[72, 38]
[72, 108]
[73, 39]
[73, 108]
[80, 81]
[80, 115]
[81, 82]
[81, 117]
[82, 117]
[84, 85]
[85, 86]
[85, 51]
[85, 121]
[86, 52]
[86, 122]
[86, 121]
[88, 89]
[88, 54]
[88, 124]
[88, 123]
[89, 90]
[89, 124]
[90, 91]
[90, 56]
[90, 126]
[91, 127]
[91, 126]
[95, 61]
[95, 131]
[95, 130]
[97, 98]
[97, 63]
[97, 133]
[97, 132]
[98, 99]
[98, 134]
[98, 133]
[99, 100]
[99, 135]
[99, 134]
[100, 101]
[100, 136]
[100, 135]
[101, 102]
[101, 136]
[102, 103]
[102, 68]
[102, 138]
[103, 104]
[103, 138]
[106, 72]
[106, 141]
[108, 144]
[108, 143]
[110, 111]
[110, 146]
[110, 145]
[111, 112]
[111, 146]
[112, 148]
[115, 81]
[115, 151]
[121, 122]
[121, 157]
[121, 156]
[122, 123]
[122, 88]
[122, 157]
[123, 124]
[123, 89]
[123, 159]
[124, 90]
[124, 160]
[124, 159]
[126, 127]
[126, 161]
[127, 163]
[129, 130]
[129, 95]
[129, 165]
[130, 131]
[130, 165]
[131, 132]
[131, 97]
[131, 167]
[132, 133]
[132, 98]
[132, 168]
[132, 167]
[133, 134]
[133, 99]
[133, 169]
[133, 168]
[134, 135]
[134, 100]
[134, 170]
[134, 169]
[135, 136]
[135, 101]
[135, 171]
[135, 170]
[136, 102]
[136, 171]
[138, 104]
[140, 141]
[140, 106]
[140, 175]
[143, 144]
[144, 145]
[144, 110]
[144, 180]
[145, 146]
[145, 111]
[145, 181]
[145, 180]
[146, 112]
[146, 182]
[146, 181]
[148, 149]
[148, 184]
[148, 183]
[149, 115]
[149, 185]
[149, 184]
[151, 117]
[151, 187]
[154, 189]
[156, 157]
[156, 122]
[156, 192]
[157, 123]
[157, 193]
[157, 192]
[159, 160]
[159, 195]
[160, 161]
[160, 126]
[160, 196]
[160, 195]
[161, 127]
[161, 196]
[163, 129]
[163, 199]
[165, 131]
[165, 201]
[167, 168]
[167, 133]
[167, 203]
[167, 202]
[168, 169]
[168, 134]
[168, 204]
[168, 203]
[169, 170]
[169, 135]
[169, 205]
[169, 204]
[170, 171]
[170, 136]
[170, 205]
[175, 141]
[175, 211]
[180, 181]
[180, 146]
[180, 216]
[181, 182]
[181, 217]
[181, 216]
[182, 183]
[182, 148]
[182, 218]
[182, 217]
[183, 184]
[183, 149]
[183, 218]
[184, 185]
[185, 151]
[187, 188]
[187, 223]
[187, 222]
[188, 189]
[188, 154]
[188, 223]
[192, 193]
[193, 159]
[193, 229]
[195, 196]
[195, 161]
[195, 231]
[195, 230]
[196, 231]
[199, 165]
[199, 234]
[201, 202]
[201, 167]
[202, 203]
[202, 168]
[202, 238]
[203, 204]
[203, 169]
[203, 239]
[203, 238]
[204, 205]
[204, 170]
[204, 240]
[204, 239]
[205, 171]
[205, 241]
[205, 240]
[208, 243]
[211, 212]
[216, 217]
[216, 182]
[217, 218]
[217, 183]
[218, 184]
[222, 223]
[222, 188]
[223, 189]
[226, 192]
[229, 230]
[229, 195]
[230, 231]
[230, 196]
[233, 234]
[233, 199]
[238, 239]
[238, 204]
[239, 240]
[239, 205]
[240, 241]
[241, 242]
[242, 243]
[242, 208]
