[0, 1]
[0, 35]
[1, 2]
[2, 3]
[3, 39]
[8, 44]
[8, 43]
[11, 12]
[11, 47]
[11, 46]
[12, 47]
[16, 17]
[16, 51]
[17, 53]
[22, 23]
[22, 58]
[23, 59]
[23, 58]
[28, 29]
[28, 64]
[28, 63]
[29, 65]
[29, 64]
[33, 69]
[35, 1]
[35, 71]
[39, 40]
[39, 75]
[40, 6]
[40, 75]
[43, 44]
[43, 79]
[44, 80]
[44, 79]
[46, 47]
[46, 12]
[46, 82]
[47, 82]
[50, 51]
[50, 16]
[50, 86]
[50, 85]
[51, 17]
[51, 86]
[56, 22]
[56, 92]
[58, 59]
[58, 94]
[58, 93]
[59, 25]
[59, 94]
[63, 64]
[63, 29]
[64, 65]
[64, 100]
[65, 101]
[65, 100]
[71, 72]
[71, 106]
[75, 111]
[77, 43]
[77, 112]
[79, 80]
[79, 114]
[80, 46]
[80, 116]
[82, 118]
[82, 117]
[85, 86]
[85, 51]
[85, 121]
[85, 120]
[86, 121]
[90, 56]
[90, 125]
[92, 93]
[92, 58]
[92, 127]
[93, 94]
[93, 59]
[97, 63]
[97, 133]
[97, 132]
[100, 101]
[100, 136]
[101, 136]
[105, 106]
[105, 71]
[105, 141]
[105, 140]
[106, 72]
[106, 142]
[106, 141]
[109, 75]
[109, 145]
[111, 112]
[111, 77]
[111, 147]
[112, 147]
[114, 80]
[114, 149]
[116, 117]
[116, 82]
[116, 152]
[117, 118]
[117, 152]
[118, 119]
[118, 154]
[119, 120]
[119, 85]
[119, 155]
[119, 154]
[120, 121]
[120, 86]
[120, 155]
[121, 157]
[125, 161]
[127, 93]
[127, 162]
[132, 133]
[132, 168]
[133, 169]
[133, 168]
[136, 172]
[136, 171]
[140, 141]
[140, 106]
[141, 142]
[142, 178]
[145, 111]
[145, 181]
[149, 184]
[152, 118]
[154, 155]
[154, 120]
[154, 190]
[155, 121]
[155, 191]
[155, 190]
[157, 158]
[157, 193]
[158, 159]
[158, 193]
[159, 125]
[159, 195]
[161, 162]
[161, 127]
[161, 196]
[165, 200]
[168, 169]
[168, 203]
[169, 205]
[171, 172]
[171, 206]
[178, 213]
[181, 147]
[181, 217]
[190, 191]
[191, 157]
[193, 159]
[193, 228]
[195, 196]
[195, 161]
[195, 231]
[195, 230]
[196, 162]
[196, 231]
[200, 236]
[200, 235]
[203, 169]
[203, 239]
[205, 206]
[205, 171]
[206, 172]
[206, 242]
[217, 218]
[218, 184]
[224, 190]
[230, 231]
[230, 196]
[234, 235]
[234, 200]
[235, 236]
[239, 205]
[242, 243]
