[0, 1]
[0, 36]
[0, 35]
[1, 2]
[1, 36]
[2, 3]
[3, 39]
[6, 7]
[6, 42]
[6, 41]
[7, 42]
[11, 12]
[12, 13]
[13, 49]
[15, 50]
[20, 21]
[24, 59]
[26, 62]
[26, 61]
[30, 66]
[30, 65]
[35, 36]
[35, 1]
[35, 71]
[36, 2]
[36, 71]
[39, 75]
[39, 74]
[41, 42]
[41, 7]
[49, 50]
[49, 15]
[49, 84]
[58, 59]
[58, 24]
[58, 94]
[59, 95]
[59, 94]
[61, 62]
[64, 65]
[64, 30]
[64, 100]
[64, 99]
[65, 66]
[65, 100]
[66, 102]
[71, 107]
[74, 75]
[74, 110]
[74, 109]
[75, 41]
[75, 111]
[75, 110]
[84, 50]
[91, 126]
[94, 95]
[94, 129]
[95, 61]
[95, 131]
[99, 100]
[99, 65]
[99, 135]
[99, 134]
[100, 66]
[100, 136]
[100, 135]
[102, 137]
[107, 108]
[107, 142]
[108, 109]
[108, 74]
[109, 110]
[109, 75]
[109, 145]
[110, 111]
[110, 146]
[110, 145]
[111, 147]
[111, 146]
[114, 80]
[117, 118]
[118, 84]
[121, 122]
[121, 157]
[122, 157]
[126, 162]
[128, 129]
[128, 94]
[128, 163]
[129, 95]
[129, 165]
[134, 135]
[134, 100]
[134, 170]
[135, 136]
[135, 170]
[136, 137]
[136, 102]
[136, 172]
[137, 173]
[137, 172]
[141, 142]
[141, 107]
[142, 108]
[145, 146]
[145, 111]
[145, 180]
[146, 147]
[146, 182]
[147, 183]
[147, 182]
[151, 117]
[151, 187]
[157, 192]
[159, 195]
[159, 194]
[162, 163]
[162, 128]
[162, 198]
[163, 129]
[163, 198]
[165, 131]
[165, 201]
[165, 200]
[170, 136]
[170, 206]
[170, 205]
[172, 173]
[172, 208]
[172, 207]
[173, 174]
[173, 208]
[179, 180]
[179, 145]
[179, 214]
[180, 146]
[180, 216]
[182, 183]
[182, 218]
[183, 218]
[185, 151]
[185, 221]
[190, 225]
[192, 228]
[192, 227]
[194, 195]
[194, 230]
[195, 230]
[198, 234]
[198, 233]
[200, 201]
[201, 202]
[202, 203]
[202, 238]
[203, 238]
[205, 206]
[206, 207]
[206, 172]
[206, 242]
[207, 208]
[207, 173]
[207, 243]
[207, 242]
[208, 174]
[208, 243]
[214, 180]
[216, 182]
[221, 187]
[227, 228]
[228, 194]
[233, 234]
[234, 200]
[242, 243]
[242, 208]
