[4, 5]
[4, 39]
[8, 9]
[8, 44]
[8, 43]
[9, 45]
[9, 44]
[11, 12]
[14, 15]
[26, 62]
[31, 32]
[31, 67]
[31, 66]
[32, 67]
[34, 69]
[35, 36]
[36, 2]
[39, 5]
[39, 75]
[39, 74]
[42, 43]
[42, 8]
[43, 44]
[43, 9]
[44, 45]
[44, 80]
[45, 11]
[45, 80]
[52, 87]
[55, 56]
[55, 91]
[55, 90]
[56, 57]
[56, 91]
[57, 58]
[57, 93]
[58, 94]
[58, 93]
[62, 98]
[64, 65]
[65, 66]
[65, 31]
[66, 67]
[66, 32]
[74, 75]
[74, 109]
[75, 111]
[82, 83]
[83, 84]
[83, 119]
[84, 85]
[84, 120]
[84, 119]
[85, 86]
[85, 120]
[86, 87]
[86, 52]
[90, 91]
[90, 56]
[90, 126]
[91, 57]
[91, 126]
[93, 94]
[98, 64]
[105, 140]
[109, 75]
[111, 112]
[111, 146]
[112, 113]
[112, 148]
[113, 148]
[119, 120]
[119, 85]
[119, 155]
[120, 86]
[120, 155]
[124, 90]
[124, 159]
[126, 161]
[135, 170]
[140, 176]
[140, 175]
[146, 112]
[148, 184]
[155, 191]
[158, 159]
[158, 124]
[158, 193]
[159, 195]
[161, 197]
[168, 169]
[168, 204]
[169, 170]
[169, 135]
[169, 204]
[170, 206]
[172, 173]
[175, 176]
[176, 177]
[179, 180]
[179, 215]
[180, 146]
[180, 215]
[184, 185]
[184, 220]
[184, 219]
[185, 221]
[185, 220]
[187, 188]
[191, 227]
[191, 226]
[193, 159]
[193, 228]
[195, 161]
[195, 230]
[197, 163]
[197, 232]
[200, 201]
[201, 202]
[202, 168]
[202, 238]
[204, 170]
[204, 240]
[204, 239]
[206, 172]
[206, 242]
[219, 220]
[219, 185]
[220, 221]
[221, 187]
[226, 227]
[227, 228]
[227, 193]
[234, 200]
[238, 239]
[238, 204]
[239, 240]
[240, 206]
