[3, 4]
[3, 38]
[4, 5]
[4, 40]
[5, 6]
[5, 40]
[6, 7]
[7, 8]
[8, 9]
[9, 10]
[10, 46]
[12, 48]
[15, 16]
[15, 51]
[16, 17]
[16, 51]
[17, 53]
[19, 54]
[23, 24]
[24, 60]
[26, 27]
[26, 62]
[27, 28]
[27, 62]
[28, 29]
[33, 34]
[38, 4]
[38, 74]
[40, 6]
[40, 76]
[46, 12]
[48, 84]
[48, 83]
[51, 17]
[51, 86]
[53, 54]
[53, 19]
[53, 89]
[53, 88]
[54, 89]
[56, 91]
[60, 26]
[60, 95]
[62, 28]
[62, 98]
[74, 40]
[76, 111]
[78, 79]
[83, 84]
[84, 85]
[84, 120]
[85, 86]
[85, 51]
[85, 120]
[88, 89]
[88, 54]
[91, 127]
[95, 130]
[98, 134]
[98, 133]
[101, 102]
[101, 137]
[101, 136]
[102, 137]
[104, 139]
[117, 83]
[117, 153]
[120, 86]
[120, 156]
[127, 93]
[127, 163]
[127, 162]
[130, 166]
[130, 165]
[133, 134]
[133, 169]
[134, 169]
[136, 137]
[136, 102]
[136, 172]
[136, 171]
[137, 172]
[139, 174]
[140, 106]
[140, 175]
[143, 178]
[158, 159]
[158, 193]
[159, 160]
[160, 161]
[161, 162]
[161, 127]
[161, 197]
[162, 163]
[162, 197]
[163, 199]
[165, 166]
[165, 200]
[166, 167]
[167, 133]
[167, 203]
[169, 204]
[171, 172]
[171, 137]
[171, 207]
[172, 208]
[172, 207]
[174, 209]
[178, 214]
[187, 153]
[190, 156]
[190, 225]
[193, 159]
[193, 229]
[193, 228]
[197, 163]
[197, 233]
[197, 232]
[199, 200]
[199, 165]
[199, 235]
[199, 234]
[200, 166]
[200, 235]
[203, 204]
[203, 169]
[207, 208]
[207, 243]
[208, 209]
[208, 174]
[208, 243]
[212, 178]
[217, 183]
[227, 228]
[227, 193]
[228, 229]
[229, 230]
[232, 233]
[233, 234]
[233, 199]
[234, 235]
[234, 200]
[237, 203]
[243, 209]
