[1, 2]
[1, 36]
[2, 38]
[4, 40]
[4, 39]
[6, 7]
[6, 42]
[6, 41]
[7, 8]
[7, 42]
[8, 44]
[10, 45]
[13, 14]
[13, 48]
[16, 17]
[16, 52]
[16, 51]
[17, 18]
[17, 52]
[18, 19]
[21, 22]
[21, 56]
[22, 58]
[25, 60]
[31, 32]
[31, 66]
[36, 2]
[38, 39]
[38, 4]
[38, 73]
[39, 40]
[39, 75]
[40, 41]
[40, 6]
[40, 75]
[41, 42]
[41, 7]
[42, 8]
[42, 78]
[44, 45]
[44, 10]
[44, 80]
[44, 79]
[45, 81]
[45, 80]
[47, 48]
[47, 13]
[47, 83]
[47, 82]
[48, 14]
[48, 83]
[51, 52]
[51, 17]
[51, 86]
[52, 18]
[56, 22]
[58, 59]
[59, 60]
[59, 25]
[59, 95]
[60, 95]
[65, 66]
[65, 31]
[65, 101]
[65, 100]
[66, 32]
[66, 102]
[66, 101]
[69, 104]
[73, 39]
[73, 108]
[75, 41]
[75, 111]
[78, 79]
[78, 44]
[79, 80]
[79, 45]
[79, 115]
[80, 81]
[80, 115]
[81, 82]
[81, 47]
[82, 83]
[82, 48]
[82, 118]
[83, 118]
[85, 86]
[85, 51]
[85, 120]
[86, 52]
[86, 122]
[89, 90]
[89, 125]
[90, 56]
[90, 125]
[98, 99]
[98, 134]
[99, 100]
[99, 65]
[99, 135]
[99, 134]
[100, 101]
[100, 66]
[100, 135]
[101, 102]
[105, 106]
[105, 140]
[106, 107]
[106, 142]
[107, 108]
[107, 73]
[107, 142]
[108, 144]
[111, 112]
[111, 146]
[112, 78]
[115, 81]
[115, 151]
[115, 150]
[118, 154]
[120, 86]
[125, 161]
[125, 160]
[127, 128]
[134, 135]
[134, 100]
[134, 170]
[134, 169]
[135, 101]
[135, 170]
[140, 106]
[140, 175]
[142, 108]
[142, 178]
[144, 145]
[144, 179]
[145, 146]
[145, 111]
[145, 181]
[146, 112]
[146, 182]
[146, 181]
[149, 150]
[149, 115]
[149, 185]
[150, 151]
[150, 186]
[150, 185]
[151, 152]
[151, 186]
[152, 118]
[152, 188]
[154, 120]
[154, 190]
[160, 161]
[160, 196]
[160, 195]
[161, 127]
[161, 196]
[169, 170]
[169, 135]
[169, 205]
[169, 204]
[170, 205]
[172, 208]
[175, 210]
[178, 179]
[178, 144]
[178, 214]
[179, 145]
[179, 215]
[179, 214]
[181, 182]
[181, 217]
[182, 183]
[182, 217]
[183, 149]
[185, 186]
[185, 151]
[185, 221]
[185, 220]
[186, 152]
[186, 222]
[186, 221]
[188, 154]
[190, 226]
[190, 225]
[193, 194]
[194, 195]
[194, 160]
[195, 196]
[195, 161]
[195, 231]
[196, 232]
[196, 231]
[203, 204]
[203, 169]
[203, 238]
[204, 205]
[204, 170]
[204, 240]
[205, 241]
[205, 240]
[208, 174]
[208, 244]
[214, 215]
[215, 181]
[217, 183]
[220, 221]
[220, 186]
[221, 222]
[222, 188]
[225, 226]
[231, 232]
[232, 233]
[233, 199]
[238, 204]
[240, 241]
