[0, 1]
[0, 35]
[1, 2]
[2, 3]
[2, 38]
[3, 39]
[3, 38]
[10, 46]
[10, 45]
[14, 15]
[14, 50]
[14, 49]
[15, 51]
[15, 50]
[18, 19]
[21, 56]
[23, 58]
[28, 29]
[28, 64]
[29, 30]
[29, 64]
[30, 31]
[30, 66]
[31, 32]
[31, 67]
[31, 66]
[32, 67]
[35, 1]
[35, 71]
[35, 70]
[38, 39]
[38, 74]
[39, 74]
[42, 8]
[42, 78]
[45, 46]
[45, 80]
[46, 47]
[46, 82]
[47, 82]
[49, 50]
[49, 15]
[49, 84]
[50, 51]
[50, 86]
[51, 52]
[51, 87]
[51, 86]
[52, 18]
[52, 88]
[52, 87]
[56, 92]
[60, 95]
[64, 30]
[64, 99]
[66, 67]
[66, 32]
[66, 102]
[66, 101]
[67, 102]
[70, 71]
[70, 106]
[70, 105]
[71, 72]
[71, 107]
[71, 106]
[72, 38]
[72, 107]
[74, 109]
[78, 79]
[78, 114]
[79, 80]
[79, 45]
[79, 114]
[80, 46]
[82, 118]
[84, 50]
[86, 87]
[86, 52]
[86, 122]
[86, 121]
[87, 88]
[87, 122]
[88, 89]
[88, 124]
[89, 125]
[89, 124]
[92, 58]
[95, 130]
[97, 132]
[101, 102]
[101, 67]
[104, 139]
[105, 106]
[105, 71]
[106, 107]
[106, 72]
[109, 145]
[109, 144]
[114, 80]
[114, 150]
[114, 149]
[118, 84]
[121, 122]
[121, 87]
[121, 157]
[122, 88]
[122, 157]
[124, 125]
[124, 159]
[125, 161]
[130, 165]
[139, 174]
[144, 145]
[144, 180]
[144, 179]
[145, 180]
[149, 150]
[150, 151]
[151, 187]
[155, 121]
[155, 191]
[155, 190]
[159, 125]
[159, 194]
[161, 162]
[162, 198]
[164, 165]
[164, 130]
[164, 200]
[165, 201]
[165, 200]
[169, 205]
[173, 174]
[173, 139]
[173, 209]
[173, 208]
[174, 209]
[177, 178]
[177, 213]
[178, 179]
[178, 144]
[178, 214]
[178, 213]
[179, 180]
[179, 145]
[179, 214]
[183, 149]
[183, 218]
[187, 223]
[189, 190]
[189, 155]
[190, 191]
[191, 157]
[198, 164]
[198, 233]
[200, 201]
[205, 171]
[205, 241]
[208, 209]
[208, 174]
[210, 211]
[211, 177]
[213, 214]
[213, 179]
[214, 180]
[217, 218]
[217, 183]
[220, 221]
[221, 187]
[223, 189]
[232, 233]
[232, 198]
[238, 239]
[239, 205]
[241, 242]
[242, 208]
