[0, 36]
[0, 35]
[2, 3]
[2, 38]
[2, 37]
[3, 39]
[3, 38]
[7, 8]
[7, 43]
[8, 44]
[8, 43]
[14, 15]
[14, 49]
[15, 51]
[17, 18]
[17, 53]
[17, 52]
[18, 19]
[18, 54]
[18, 53]
[19, 55]
[19, 54]
[30, 31]
[31, 32]
[32, 33]
[35, 36]
[35, 71]
[35, 70]
[36, 37]
[36, 2]
[36, 72]
[36, 71]
[37, 38]
[37, 3]
[37, 72]
[38, 39]
[41, 7]
[41, 76]
[43, 44]
[44, 45]
[45, 46]
[49, 15]
[49, 85]
[51, 52]
[51, 17]
[51, 87]
[51, 86]
[52, 53]
[52, 18]
[52, 88]
[52, 87]
[53, 54]
[53, 19]
[53, 88]
[54, 55]
[57, 23]
[57, 92]
[62, 63]
[62, 97]
[70, 71]
[70, 36]
[70, 105]
[71, 72]
[71, 37]
[71, 107]
[72, 38]
[72, 108]
[72, 107]
[76, 112]
[83, 49]
[83, 119]
[85, 86]
[85, 51]
[86, 87]
[86, 52]
[87, 88]
[87, 53]
[88, 54]
[88, 124]
[92, 128]
[92, 127]
[94, 95]
[95, 96]
[95, 131]
[96, 97]
[96, 62]
[96, 132]
[96, 131]
[97, 63]
[97, 133]
[97, 132]
[101, 102]
[105, 71]
[105, 140]
[107, 108]
[107, 143]
[107, 142]
[108, 109]
[108, 143]
[112, 113]
[112, 147]
[117, 83]
[117, 153]
[117, 152]
[119, 85]
[124, 159]
[127, 128]
[128, 94]
[131, 132]
[131, 97]
[132, 133]
[140, 176]
[142, 143]
[142, 108]
[142, 178]
[142, 177]
[143, 109]
[143, 179]
[143, 178]
[146, 147]
[146, 112]
[146, 182]
[146, 181]
[147, 113]
[147, 183]
[147, 182]
[152, 153]
[152, 188]
[153, 119]
[153, 188]
[156, 157]
[159, 194]
[161, 127]
[161, 197]
[161, 196]
[171, 206]
[176, 177]
[176, 142]
[176, 212]
[177, 178]
[177, 143]
[177, 213]
[177, 212]
[178, 179]
[178, 213]
[179, 180]
[180, 181]
[180, 146]
[180, 216]
[181, 182]
[181, 147]
[181, 216]
[182, 183]
[183, 184]
[183, 219]
[184, 185]
[184, 219]
[185, 186]
[186, 152]
[186, 222]
[188, 224]
[194, 230]
[194, 229]
[196, 197]
[196, 232]
[196, 231]
[197, 198]
[197, 233]
[197, 232]
[198, 199]
[198, 234]
[198, 233]
[199, 200]
[199, 234]
[200, 236]
[202, 203]
[202, 238]
[202, 237]
[203, 204]
[203, 239]
[203, 238]
[204, 240]
[204, 239]
[212, 213]
[212, 178]
[213, 179]
[216, 182]
[219, 185]
[222, 188]
[228, 229]
[228, 194]
[229, 230]
[230, 231]
[230, 196]
[231, 232]
[231, 197]
[232, 233]
[232, 198]
[233, 234]
[233, 199]
[234, 200]
[236, 237]
[236, 202]
[237, 238]
[237, 203]
[238, 239]
[238, 204]
[239, 240]
[240, 206]
