[0, 1]
[0, 35]
[1, 2]
[1, 37]
[2, 3]
[2, 37]
[8, 43]
[10, 45]
[12, 48]
[18, 19]
[18, 53]
[21, 56]
[23, 24]
[24, 60]
[30, 66]
[32, 33]
[32, 68]
[33, 69]
[33, 68]
[35, 1]
[37, 3]
[37, 73]
[40, 41]
[40, 76]
[41, 42]
[41, 77]
[41, 76]
[42, 43]
[42, 8]
[42, 77]
[43, 79]
[45, 81]
[45, 80]
[53, 19]
[62, 98]
[62, 97]
[64, 30]
[64, 100]
[66, 32]
[66, 102]
[68, 69]
[68, 104]
[68, 103]
[69, 104]
[73, 74]
[73, 109]
[74, 40]
[74, 109]
[76, 77]
[76, 42]
[76, 112]
[76, 111]
[77, 43]
[77, 112]
[79, 80]
[79, 45]
[79, 115]
[80, 81]
[80, 116]
[80, 115]
[81, 82]
[81, 117]
[81, 116]
[82, 48]
[82, 118]
[82, 117]
[85, 121]
[90, 56]
[94, 60]
[94, 129]
[97, 98]
[97, 133]
[97, 132]
[98, 64]
[98, 134]
[98, 133]
[100, 66]
[100, 136]
[102, 103]
[102, 68]
[102, 138]
[102, 137]
[103, 104]
[103, 69]
[103, 139]
[103, 138]
[104, 139]
[105, 141]
[107, 73]
[107, 142]
[109, 144]
[111, 112]
[111, 77]
[111, 146]
[112, 148]
[115, 116]
[115, 81]
[115, 151]
[116, 117]
[116, 82]
[116, 151]
[117, 118]
[121, 157]
[121, 156]
[124, 90]
[127, 163]
[129, 165]
[132, 133]
[132, 98]
[133, 134]
[133, 169]
[134, 100]
[134, 170]
[134, 169]
[136, 137]
[136, 102]
[136, 172]
[137, 138]
[137, 103]
[137, 173]
[137, 172]
[138, 139]
[138, 104]
[138, 173]
[141, 142]
[141, 107]
[144, 180]
[144, 179]
[146, 112]
[146, 182]
[146, 181]
[148, 149]
[148, 184]
[149, 115]
[149, 184]
[151, 117]
[151, 187]
[156, 157]
[156, 191]
[157, 158]
[157, 193]
[158, 124]
[158, 194]
[158, 193]
[161, 127]
[163, 129]
[163, 198]
[165, 201]
[165, 200]
[169, 170]
[169, 204]
[170, 136]
[170, 206]
[172, 173]
[172, 138]
[173, 139]
[173, 209]
[179, 180]
[179, 215]
[180, 181]
[180, 146]
[180, 216]
[180, 215]
[181, 182]
[181, 216]
[182, 148]
[182, 218]
[184, 219]
[187, 222]
[191, 157]
[191, 227]
[191, 226]
[193, 194]
[193, 228]
[194, 195]
[195, 161]
[195, 231]
[198, 233]
[200, 201]
[200, 235]
[204, 170]
[204, 240]
[204, 239]
[206, 172]
[206, 242]
[211, 212]
[215, 216]
[215, 181]
[216, 182]
[218, 219]
[218, 184]
[226, 227]
[227, 228]
[227, 193]
[228, 194]
[231, 232]
[232, 233]
[232, 198]
[235, 201]
[238, 239]
[238, 204]
[239, 240]
[240, 206]
[242, 243]
[243, 209]
