[5, 6]
[5, 40]
[15, 51]
[15, 50]
[17, 18]
[17, 53]
[17, 52]
[18, 54]
[18, 53]
[21, 22]
[22, 23]
[26, 27]
[27, 28]
[28, 29]
[28, 64]
[29, 64]
[31, 67]
[31, 66]
[37, 73]
[39, 40]
[39, 5]
[39, 74]
[40, 6]
[50, 51]
[50, 85]
[51, 52]
[51, 17]
[52, 53]
[52, 18]
[52, 88]
[53, 54]
[53, 89]
[53, 88]
[54, 90]
[54, 89]
[66, 67]
[67, 68]
[68, 104]
[73, 74]
[73, 39]
[74, 40]
[82, 48]
[82, 118]
[82, 117]
[85, 51]
[85, 121]
[88, 89]
[88, 54]
[89, 90]
[104, 139]
[105, 106]
[105, 140]
[106, 107]
[107, 73]
[117, 118]
[117, 153]
[117, 152]
[118, 119]
[118, 153]
[119, 85]
[121, 122]
[122, 88]
[131, 132]
[131, 167]
[132, 167]
[134, 135]
[135, 136]
[136, 137]
[136, 172]
[137, 138]
[137, 172]
[138, 139]
[138, 104]
[138, 174]
[139, 174]
[140, 106]
[145, 181]
[145, 180]
[149, 115]
[149, 185]
[149, 184]
[152, 153]
[152, 118]
[153, 119]
[162, 163]
[162, 198]
[163, 164]
[163, 199]
[163, 198]
[164, 165]
[164, 200]
[164, 199]
[165, 131]
[165, 200]
[172, 138]
[172, 208]
[172, 207]
[177, 178]
[177, 213]
[178, 213]
[180, 181]
[184, 185]
[184, 219]
[185, 186]
[185, 221]
[186, 152]
[186, 221]
[192, 227]
[195, 196]
[195, 231]
[195, 230]
[196, 162]
[196, 231]
[198, 199]
[198, 164]
[199, 200]
[199, 165]
[200, 236]
[205, 241]
[205, 240]
[207, 208]
[208, 174]
[208, 244]
[210, 211]
[211, 177]
[219, 185]
[223, 224]
[226, 227]
[226, 192]
[229, 230]
[229, 195]
[230, 231]
[230, 196]
[236, 237]
[237, 238]
[240, 241]
[241, 207]
