[0, 1]
[0, 36]
[1, 36]
[3, 4]
[4, 5]
[7, 43]
[7, 42]
[10, 11]
[10, 46]
[11, 12]
[11, 47]
[11, 46]
[12, 13]
[12, 48]
[12, 47]
[13, 14]
[13, 49]
[13, 48]
[14, 15]
[14, 50]
[14, 49]
[15, 51]
[15, 50]
[19, 55]
[19, 54]
[21, 56]
[23, 24]
[24, 25]
[24, 60]
[25, 61]
[25, 60]
[28, 29]
[28, 64]
[29, 30]
[29, 64]
[30, 66]
[32, 33]
[32, 68]
[32, 67]
[33, 69]
[33, 68]
[36, 71]
[42, 43]
[42, 78]
[42, 77]
[43, 79]
[43, 78]
[46, 47]
[46, 12]
[46, 82]
[46, 81]
[47, 48]
[47, 13]
[47, 82]
[48, 49]
[48, 14]
[48, 84]
[49, 50]
[49, 15]
[49, 85]
[49, 84]
[50, 51]
[50, 86]
[50, 85]
[51, 52]
[51, 87]
[51, 86]
[52, 53]
[52, 88]
[52, 87]
[53, 54]
[53, 19]
[53, 89]
[53, 88]
[54, 55]
[54, 90]
[54, 89]
[55, 56]
[55, 21]
[55, 91]
[55, 90]
[56, 92]
[56, 91]
[60, 61]
[60, 96]
[60, 95]
[61, 96]
[64, 30]
[64, 99]
[66, 67]
[66, 32]
[67, 68]
[67, 33]
[67, 103]
[68, 69]
[68, 104]
[68, 103]
[69, 104]
[70, 71]
[70, 36]
[70, 106]
[70, 105]
[71, 107]
[71, 106]
[73, 74]
[73, 108]
[74, 75]
[74, 110]
[75, 110]
[77, 78]
[77, 43]
[78, 79]
[78, 114]
[79, 80]
[79, 115]
[79, 114]
[80, 81]
[80, 46]
[80, 115]
[81, 82]
[81, 47]
[81, 117]
[82, 48]
[82, 118]
[82, 117]
[84, 85]
[84, 50]
[84, 120]
[84, 119]
[85, 86]
[85, 51]
[85, 120]
[86, 87]
[86, 52]
[86, 122]
[87, 88]
[87, 53]
[87, 123]
[87, 122]
[88, 89]
[88, 54]
[88, 124]
[88, 123]
[89, 90]
[89, 55]
[89, 125]
[89, 124]
[90, 91]
[90, 56]
[90, 126]
[90, 125]
[91, 92]
[91, 127]
[91, 126]
[92, 93]
[92, 127]
[95, 96]
[95, 61]
[95, 130]
[96, 132]
[99, 135]
[103, 104]
[103, 69]
[103, 139]
[104, 139]
[105, 106]
[105, 71]
[105, 141]
[105, 140]
[106, 107]
[106, 142]
[106, 141]
[107, 108]
[107, 73]
[107, 142]
[108, 74]
[108, 144]
[110, 145]
[114, 115]
[114, 80]
[114, 150]
[115, 81]
[115, 151]
[115, 150]
[117, 118]
[117, 153]
[118, 119]
[118, 84]
[118, 153]
[119, 120]
[119, 85]
[120, 86]
[120, 156]
[122, 123]
[122, 88]
[123, 124]
[123, 89]
[123, 159]
[124, 125]
[124, 90]
[124, 159]
[125, 126]
[125, 91]
[126, 127]
[126, 92]
[126, 162]
[127, 93]
[127, 163]
[127, 162]
[130, 96]
[130, 166]
[132, 133]
[132, 168]
[132, 167]
[133, 99]
[133, 169]
[133, 168]
[135, 136]
[135, 171]
[135, 170]
[136, 137]
[136, 171]
[137, 103]
[137, 173]
[139, 174]
[140, 141]
[140, 106]
[141, 142]
[141, 107]
[141, 177]
[142, 108]
[142, 178]
[142, 177]
[144, 145]
[144, 110]
[144, 180]
[144, 179]
[145, 181]
[145, 180]
[150, 151]
[150, 186]
[150, 185]
[151, 117]
[151, 187]
[151, 186]
[153, 119]
[153, 188]
[156, 122]
[156, 191]
[159, 125]
[159, 194]
[162, 163]
[162, 198]
[162, 197]
[163, 164]
[163, 199]
[163, 198]
[164, 130]
[164, 200]
[164, 199]
[166, 167]
[166, 132]
[166, 202]
[167, 168]
[167, 133]
[167, 203]
[167, 202]
[168, 169]
[168, 203]
[169, 170]
[169, 135]
[170, 171]
[170, 136]
[170, 206]
[171, 137]
[171, 207]
[171, 206]
[173, 174]
[173, 139]
[173, 209]
[174, 209]
[177, 178]
[177, 213]
[178, 179]
[178, 144]
[178, 213]
[179, 180]
[179, 145]
[180, 181]
[180, 216]
[181, 217]
[181, 216]
[183, 218]
[185, 186]
[185, 151]
[186, 187]
[186, 222]
[187, 188]
[187, 153]
[187, 222]
[188, 224]
[191, 226]
[194, 230]
[194, 229]
[196, 197]
[196, 162]
[196, 232]
[196, 231]
[197, 198]
[197, 163]
[197, 233]
[197, 232]
[198, 199]
[198, 164]
[198, 233]
[199, 200]
[200, 166]
[200, 236]
[202, 203]
[202, 168]
[202, 238]
[203, 169]
[203, 239]
[203, 238]
[206, 207]
[206, 242]
[206, 241]
[207, 173]
[207, 243]
[207, 242]
[209, 244]
[213, 179]
[216, 217]
[217, 218]
[217, 183]
[222, 188]
[224, 225]
[225, 226]
[225, 191]
[228, 229]
[228, 194]
[229, 230]
[230, 231]
[230, 196]
[231, 232]
[231, 197]
[232, 233]
[232, 198]
[233, 199]
[236, 202]
[238, 239]
[239, 240]
[240, 241]
[240, 206]
[241, 242]
[241, 207]
[242, 243]
[243, 244]
[243, 209]
