[5, 6]
[5, 41]
[5, 40]
[6, 42]
[6, 41]
[10, 11]
[10, 45]
[13, 14]
[13, 49]
[14, 15]
[14, 49]
[15, 51]
[19, 54]
[21, 56]
[23, 24]
[23, 59]
[23, 58]
[24, 60]
[24, 59]
[40, 41]
[40, 6]
[40, 76]
[41, 42]
[41, 77]
[41, 76]
[42, 43]
[42, 77]
[45, 11]
[45, 81]
[49, 15]
[49, 85]
[51, 17]
[51, 86]
[56, 92]
[58, 59]
[58, 24]
[58, 94]
[58, 93]
[59, 60]
[59, 94]
[62, 63]
[63, 99]
[70, 71]
[71, 72]
[72, 73]
[72, 108]
[73, 108]
[76, 77]
[76, 42]
[77, 43]
[77, 113]
[81, 117]
[83, 49]
[83, 118]
[85, 86]
[85, 51]
[85, 121]
[86, 121]
[92, 93]
[92, 58]
[93, 94]
[93, 59]
[94, 60]
[94, 130]
[101, 102]
[101, 136]
[102, 103]
[108, 144]
[110, 76]
[110, 145]
[113, 149]
[113, 148]
[117, 118]
[117, 83]
[117, 153]
[118, 154]
[118, 153]
[121, 156]
[124, 125]
[124, 159]
[125, 161]
[130, 131]
[130, 166]
[131, 167]
[131, 166]
[136, 102]
[144, 145]
[144, 110]
[144, 179]
[148, 149]
[153, 154]
[153, 189]
[153, 188]
[154, 155]
[154, 190]
[154, 189]
[155, 156]
[155, 121]
[155, 190]
[156, 192]
[158, 159]
[158, 124]
[158, 194]
[159, 125]
[159, 194]
[161, 197]
[166, 167]
[166, 202]
[167, 202]
[169, 170]
[170, 136]
[173, 174]
[173, 208]
[178, 179]
[178, 144]
[178, 214]
[179, 145]
[179, 215]
[179, 214]
[187, 188]
[187, 153]
[187, 223]
[188, 189]
[188, 154]
[188, 223]
[189, 190]
[189, 155]
[189, 225]
[190, 156]
[190, 225]
[192, 158]
[194, 230]
[194, 229]
[197, 198]
[197, 232]
[198, 199]
[199, 235]
[202, 237]
[207, 208]
[207, 173]
[207, 242]
[208, 174]
[214, 215]
[215, 216]
[216, 217]
[217, 218]
[218, 219]
[219, 220]
[223, 189]
[229, 230]
[230, 231]
[231, 232]
[231, 197]
[232, 198]
[235, 236]
[236, 237]
[236, 202]
[241, 242]
[241, 207]
[242, 208]
