[2, 3]
[2, 38]
[3, 38]
[5, 41]
[5, 40]
[7, 42]
[13, 14]
[16, 52]
[18, 54]
[38, 73]
[40, 41]
[41, 42]
[41, 7]
[42, 78]
[52, 18]
[52, 87]
[54, 20]
[54, 90]
[57, 92]
[59, 60]
[65, 66]
[65, 101]
[65, 100]
[66, 101]
[68, 69]
[68, 104]
[68, 103]
[69, 104]
[71, 72]
[71, 107]
[71, 106]
[72, 73]
[72, 38]
[72, 107]
[73, 109]
[80, 81]
[80, 115]
[81, 117]
[85, 121]
[87, 123]
[87, 122]
[90, 91]
[91, 92]
[91, 57]
[98, 99]
[99, 100]
[99, 65]
[100, 101]
[100, 66]
[100, 136]
[101, 136]
[103, 104]
[103, 69]
[106, 107]
[106, 72]
[107, 73]
[109, 145]
[111, 112]
[112, 78]
[115, 81]
[115, 151]
[115, 150]
[117, 118]
[118, 119]
[118, 154]
[119, 85]
[119, 155]
[119, 154]
[121, 122]
[121, 87]
[122, 123]
[123, 124]
[123, 159]
[124, 90]
[124, 159]
[130, 165]
[132, 98]
[132, 167]
[145, 111]
[150, 151]
[151, 117]
[154, 155]
[154, 189]
[155, 121]
[155, 191]
[159, 195]
[159, 194]
[164, 165]
[164, 130]
[164, 200]
[165, 200]
[169, 205]
[169, 204]
[189, 155]
[189, 225]
[189, 224]
[191, 227]
[191, 226]
[194, 195]
[194, 230]
[195, 196]
[195, 230]
[196, 197]
[196, 232]
[197, 232]
[200, 236]
[200, 235]
[204, 205]
[205, 206]
[206, 242]
[223, 224]
[223, 189]
[224, 225]
[225, 226]
[225, 191]
[226, 227]
[227, 228]
[228, 194]
[230, 196]
[235, 236]
[236, 237]
[242, 243]
[243, 244]
