[1, 37]
[1, 36]
[6, 7]
[6, 41]
[7, 8]
[8, 44]
[11, 12]
[11, 47]
[12, 47]
[24, 25]
[24, 59]
[25, 61]
[27, 63]
[29, 64]
[33, 68]
[36, 37]
[36, 71]
[37, 38]
[41, 7]
[47, 83]
[50, 51]
[51, 87]
[54, 89]
[58, 59]
[58, 24]
[58, 94]
[59, 25]
[59, 95]
[59, 94]
[61, 27]
[63, 64]
[63, 29]
[70, 71]
[70, 36]
[71, 37]
[75, 41]
[81, 47]
[81, 117]
[89, 125]
[94, 95]
[94, 129]
[95, 61]
[102, 68]
[102, 137]
[117, 83]
[117, 152]
[125, 91]
[125, 160]
[128, 129]
[128, 94]
[128, 163]
[129, 95]
[129, 165]
[133, 168]
[136, 137]
[136, 102]
[145, 146]
[145, 181]
[146, 182]
[146, 181]
[151, 152]
[151, 117]
[151, 187]
[151, 186]
[152, 188]
[152, 187]
[155, 156]
[155, 191]
[155, 190]
[156, 157]
[156, 192]
[156, 191]
[157, 158]
[157, 193]
[157, 192]
[158, 159]
[158, 194]
[158, 193]
[159, 160]
[159, 125]
[159, 194]
[162, 163]
[162, 128]
[162, 198]
[162, 197]
[163, 129]
[163, 198]
[167, 168]
[167, 133]
[167, 202]
[174, 209]
[175, 210]
[181, 182]
[185, 186]
[185, 151]
[185, 221]
[185, 220]
[186, 187]
[186, 152]
[186, 221]
[187, 188]
[188, 189]
[188, 224]
[189, 190]
[189, 155]
[189, 224]
[190, 191]
[190, 156]
[190, 226]
[191, 192]
[191, 157]
[191, 227]
[191, 226]
[192, 193]
[192, 158]
[192, 227]
[193, 194]
[193, 159]
[193, 229]
[194, 160]
[194, 229]
[197, 198]
[197, 163]
[197, 233]
[198, 234]
[198, 233]
[202, 168]
[207, 208]
[208, 209]
[208, 174]
[215, 181]
[220, 221]
[220, 186]
[221, 187]
[224, 190]
[226, 227]
[226, 192]
[227, 193]
[233, 234]
[236, 202]
[240, 241]
[241, 207]
