[1, 37]
[1, 36]
[3, 38]
[12, 47]
[22, 23]
[22, 58]
[23, 24]
[23, 59]
[23, 58]
[24, 59]
[29, 64]
[32, 33]
[32, 68]
[32, 67]
[33, 34]
[33, 69]
[33, 68]
[34, 69]
[35, 36]
[35, 1]
[35, 70]
[36, 37]
[37, 38]
[37, 3]
[40, 6]
[40, 76]
[40, 75]
[43, 79]
[43, 78]
[46, 47]
[46, 12]
[47, 83]
[53, 19]
[53, 89]
[53, 88]
[56, 22]
[56, 92]
[56, 91]
[58, 59]
[58, 24]
[58, 94]
[59, 94]
[61, 27]
[61, 96]
[64, 100]
[66, 67]
[66, 32]
[66, 101]
[67, 68]
[67, 33]
[67, 103]
[68, 69]
[68, 34]
[68, 103]
[70, 36]
[70, 105]
[75, 76]
[75, 110]
[76, 77]
[77, 78]
[77, 43]
[78, 79]
[79, 80]
[79, 115]
[80, 46]
[80, 115]
[83, 84]
[83, 118]
[84, 120]
[86, 87]
[86, 121]
[87, 88]
[87, 53]
[87, 123]
[88, 89]
[88, 123]
[89, 90]
[90, 91]
[90, 56]
[90, 126]
[91, 92]
[91, 126]
[92, 58]
[94, 130]
[96, 131]
[100, 101]
[100, 66]
[100, 136]
[100, 135]
[101, 67]
[101, 137]
[101, 136]
[103, 69]
[103, 138]
[105, 141]
[108, 109]
[108, 144]
[108, 143]
[109, 110]
[109, 75]
[109, 145]
[109, 144]
[110, 76]
[110, 146]
[110, 145]
[115, 151]
[117, 118]
[117, 83]
[118, 84]
[120, 121]
[120, 86]
[121, 87]
[123, 89]
[123, 159]
[126, 92]
[126, 162]
[126, 161]
[130, 131]
[130, 96]
[130, 166]
[130, 165]
[131, 166]
[135, 136]
[135, 101]
[135, 171]
[136, 137]
[136, 171]
[137, 138]
[137, 103]
[137, 173]
[138, 174]
[138, 173]
[141, 176]
[143, 144]
[143, 109]
[143, 179]
[144, 145]
[144, 110]
[144, 179]
[145, 146]
[146, 147]
[146, 182]
[147, 182]
[149, 115]
[149, 184]
[151, 117]
[151, 187]
[159, 160]
[159, 194]
[160, 161]
[160, 126]
[160, 196]
[161, 162]
[161, 196]
[165, 166]
[165, 131]
[165, 201]
[166, 201]
[171, 137]
[171, 206]
[173, 174]
[173, 209]
[174, 209]
[175, 176]
[175, 141]
[176, 212]
[179, 145]
[179, 215]
[182, 218]
[187, 223]
[187, 222]
[192, 193]
[192, 228]
[193, 194]
[193, 159]
[193, 228]
[194, 160]
[196, 162]
[196, 231]
[199, 165]
[201, 237]
[205, 206]
[205, 171]
[205, 240]
[209, 244]
[218, 184]
[222, 223]
[223, 224]
[226, 192]
[228, 194]
[233, 199]
[240, 206]
[243, 244]
[243, 209]
