[0, 1]
[0, 36]
[0, 35]
[1, 36]
[3, 4]
[3, 39]
[3, 38]
[4, 5]
[4, 40]
[4, 39]
[5, 6]
[5, 40]
[9, 10]
[9, 44]
[10, 46]
[15, 16]
[16, 17]
[17, 18]
[20, 21]
[20, 56]
[20, 55]
[21, 56]
[24, 25]
[24, 59]
[25, 26]
[25, 61]
[26, 27]
[26, 62]
[26, 61]
[27, 28]
[27, 62]
[28, 64]
[30, 31]
[30, 65]
[31, 67]
[35, 36]
[35, 1]
[38, 39]
[38, 4]
[38, 73]
[39, 40]
[39, 5]
[40, 6]
[40, 76]
[44, 10]
[44, 80]
[48, 49]
[48, 84]
[49, 15]
[49, 85]
[49, 84]
[55, 56]
[55, 21]
[55, 91]
[56, 92]
[56, 91]
[59, 25]
[61, 62]
[61, 27]
[61, 97]
[61, 96]
[62, 28]
[62, 98]
[62, 97]
[64, 65]
[64, 30]
[64, 99]
[65, 31]
[65, 101]
[67, 68]
[67, 102]
[68, 69]
[73, 39]
[73, 109]
[80, 46]
[80, 116]
[80, 115]
[84, 85]
[84, 120]
[85, 86]
[85, 120]
[86, 87]
[86, 122]
[87, 88]
[87, 123]
[87, 122]
[88, 123]
[91, 92]
[91, 127]
[92, 93]
[92, 128]
[92, 127]
[93, 59]
[93, 128]
[96, 97]
[96, 62]
[97, 98]
[97, 133]
[98, 99]
[98, 64]
[98, 133]
[99, 65]
[99, 135]
[101, 102]
[101, 67]
[101, 136]
[102, 68]
[102, 138]
[107, 73]
[107, 142]
[109, 144]
[113, 148]
[115, 116]
[115, 151]
[116, 117]
[116, 152]
[116, 151]
[117, 153]
[117, 152]
[120, 86]
[120, 155]
[122, 123]
[122, 88]
[122, 158]
[123, 158]
[127, 128]
[127, 93]
[128, 164]
[130, 96]
[130, 166]
[130, 165]
[133, 99]
[133, 169]
[133, 168]
[135, 136]
[135, 101]
[135, 171]
[136, 102]
[136, 171]
[138, 173]
[141, 142]
[141, 107]
[141, 177]
[141, 176]
[142, 178]
[142, 177]
[144, 180]
[144, 179]
[146, 147]
[146, 182]
[147, 148]
[147, 113]
[147, 183]
[147, 182]
[148, 183]
[151, 152]
[151, 117]
[151, 187]
[152, 153]
[152, 187]
[153, 154]
[153, 189]
[154, 155]
[154, 120]
[154, 189]
[155, 191]
[158, 193]
[160, 161]
[160, 196]
[161, 127]
[161, 196]
[164, 165]
[164, 130]
[164, 199]
[165, 166]
[168, 169]
[168, 203]
[169, 135]
[176, 177]
[176, 142]
[176, 212]
[177, 178]
[177, 213]
[177, 212]
[178, 179]
[178, 144]
[178, 214]
[178, 213]
[179, 180]
[179, 214]
[180, 146]
[180, 216]
[182, 183]
[182, 148]
[182, 218]
[182, 217]
[183, 218]
[185, 151]
[187, 153]
[187, 223]
[189, 155]
[189, 224]
[191, 226]
[193, 229]
[196, 232]
[196, 231]
[198, 199]
[198, 164]
[198, 234]
[199, 165]
[199, 234]
[203, 169]
[203, 239]
[203, 238]
[212, 213]
[212, 178]
[213, 214]
[213, 179]
[214, 180]
[216, 217]
[216, 182]
[217, 218]
[217, 183]
[223, 224]
[223, 189]
[231, 232]
[232, 198]
[236, 237]
[237, 238]
[237, 203]
[238, 239]
[241, 242]
[242, 243]
