[0, 1]
[0, 35]
[3, 4]
[3, 39]
[4, 5]
[4, 40]
[4, 39]
[5, 40]
[7, 42]
[9, 10]
[9, 45]
[10, 11]
[10, 45]
[11, 12]
[12, 13]
[16, 51]
[19, 20]
[19, 55]
[19, 54]
[20, 55]
[31, 67]
[35, 1]
[39, 40]
[39, 5]
[39, 75]
[40, 76]
[40, 75]
[42, 78]
[45, 11]
[45, 80]
[50, 51]
[50, 16]
[50, 86]
[51, 87]
[51, 86]
[54, 55]
[54, 20]
[63, 99]
[63, 98]
[67, 68]
[67, 103]
[67, 102]
[68, 104]
[68, 103]
[75, 76]
[76, 42]
[76, 112]
[78, 114]
[80, 115]
[82, 118]
[82, 117]
[86, 87]
[86, 121]
[92, 93]
[93, 59]
[93, 129]
[97, 98]
[97, 63]
[98, 99]
[98, 134]
[99, 135]
[99, 134]
[101, 102]
[101, 67]
[102, 103]
[102, 68]
[103, 104]
[106, 142]
[106, 141]
[112, 78]
[112, 148]
[112, 147]
[114, 115]
[114, 80]
[114, 149]
[115, 151]
[117, 118]
[120, 121]
[120, 86]
[121, 87]
[124, 160]
[124, 159]
[126, 92]
[129, 164]
[131, 97]
[131, 167]
[134, 135]
[134, 170]
[134, 169]
[135, 101]
[135, 170]
[141, 142]
[142, 143]
[143, 179]
[146, 147]
[146, 112]
[147, 148]
[148, 149]
[148, 114]
[149, 115]
[149, 185]
[151, 117]
[159, 160]
[159, 195]
[160, 126]
[160, 196]
[160, 195]
[164, 200]
[169, 170]
[169, 135]
[170, 206]
[179, 214]
[185, 151]
[185, 220]
[188, 224]
[188, 223]
[191, 227]
[191, 226]
[195, 196]
[195, 230]
[196, 232]
[200, 201]
[200, 236]
[201, 167]
[201, 236]
[206, 242]
[208, 174]
[208, 244]
[208, 243]
[211, 212]
[222, 223]
[222, 188]
[223, 224]
[224, 225]
[225, 226]
[225, 191]
[226, 227]
[230, 196]
[232, 233]
[233, 234]
[234, 200]
[239, 240]
[240, 206]
[242, 243]
[242, 208]
[243, 244]
