[0, 1]
[0, 36]
[0, 35]
[1, 2]
[1, 36]
[2, 3]
[5, 41]
[5, 40]
[7, 8]
[7, 42]
[8, 44]
[12, 13]
[12, 48]
[13, 48]
[15, 16]
[16, 17]
[16, 52]
[17, 52]
[23, 58]
[26, 61]
[28, 29]
[29, 30]
[30, 31]
[31, 32]
[32, 33]
[33, 69]
[35, 36]
[35, 1]
[36, 2]
[36, 72]
[40, 41]
[40, 76]
[41, 42]
[41, 7]
[41, 76]
[42, 8]
[44, 80]
[46, 12]
[54, 55]
[54, 90]
[54, 89]
[55, 90]
[58, 94]
[58, 93]
[60, 61]
[60, 26]
[60, 96]
[61, 96]
[69, 104]
[72, 73]
[72, 108]
[73, 74]
[73, 109]
[73, 108]
[74, 40]
[74, 109]
[76, 42]
[76, 112]
[80, 46]
[80, 116]
[89, 90]
[89, 55]
[89, 125]
[90, 125]
[93, 94]
[93, 128]
[94, 60]
[94, 130]
[98, 99]
[98, 133]
[99, 135]
[104, 139]
[106, 72]
[106, 142]
[108, 109]
[108, 74]
[109, 145]
[112, 148]
[112, 147]
[116, 152]
[125, 161]
[125, 160]
[128, 94]
[130, 96]
[130, 166]
[130, 165]
[133, 99]
[133, 169]
[135, 136]
[136, 102]
[139, 174]
[140, 106]
[140, 176]
[140, 175]
[142, 108]
[142, 177]
[147, 148]
[147, 183]
[148, 149]
[148, 184]
[148, 183]
[149, 150]
[149, 184]
[150, 116]
[152, 188]
[155, 156]
[156, 192]
[158, 159]
[158, 194]
[158, 193]
[159, 160]
[159, 125]
[159, 195]
[159, 194]
[160, 161]
[160, 195]
[161, 162]
[162, 128]
[162, 198]
[165, 166]
[166, 167]
[167, 133]
[167, 203]
[169, 135]
[169, 204]
[173, 174]
[173, 139]
[173, 208]
[175, 176]
[175, 211]
[176, 177]
[176, 142]
[176, 212]
[176, 211]
[177, 213]
[177, 212]
[179, 145]
[179, 215]
[183, 184]
[183, 149]
[183, 219]
[184, 150]
[184, 220]
[184, 219]
[188, 189]
[188, 223]
[189, 155]
[189, 225]
[192, 193]
[192, 158]
[193, 194]
[193, 159]
[194, 195]
[194, 160]
[194, 230]
[195, 161]
[195, 231]
[195, 230]
[198, 234]
[203, 204]
[203, 169]
[203, 239]
[203, 238]
[204, 240]
[204, 239]
[208, 174]
[208, 244]
[211, 212]
[211, 177]
[212, 213]
[213, 179]
[217, 183]
[219, 220]
[220, 221]
[221, 222]
[222, 223]
[222, 188]
[223, 189]
[225, 226]
[226, 192]
[230, 231]
[234, 235]
[235, 236]
[236, 237]
[237, 238]
[237, 203]
[238, 239]
[238, 204]
[239, 240]
[240, 241]
