[1, 2]
[1, 36]
[2, 3]
[2, 38]
[3, 38]
[7, 42]
[12, 48]
[18, 19]
[18, 53]
[19, 20]
[22, 57]
[24, 25]
[24, 59]
[25, 26]
[25, 61]
[26, 62]
[26, 61]
[29, 65]
[29, 64]
[31, 32]
[31, 66]
[32, 33]
[33, 34]
[35, 36]
[35, 1]
[35, 71]
[36, 2]
[36, 72]
[36, 71]
[38, 73]
[40, 76]
[40, 75]
[42, 77]
[44, 45]
[44, 80]
[45, 46]
[45, 81]
[45, 80]
[46, 12]
[46, 81]
[48, 84]
[51, 87]
[53, 19]
[53, 89]
[53, 88]
[57, 92]
[59, 25]
[61, 62]
[61, 97]
[61, 96]
[62, 63]
[62, 97]
[63, 64]
[63, 29]
[64, 65]
[64, 100]
[65, 66]
[65, 31]
[65, 100]
[66, 32]
[66, 102]
[71, 72]
[71, 107]
[71, 106]
[72, 73]
[72, 38]
[72, 107]
[75, 76]
[75, 110]
[76, 77]
[76, 42]
[80, 81]
[80, 46]
[80, 116]
[80, 115]
[81, 116]
[84, 120]
[84, 119]
[87, 88]
[87, 53]
[87, 122]
[88, 89]
[89, 125]
[91, 92]
[91, 57]
[96, 97]
[96, 62]
[96, 131]
[97, 63]
[100, 66]
[102, 138]
[102, 137]
[104, 139]
[106, 107]
[106, 72]
[106, 142]
[107, 73]
[107, 142]
[110, 76]
[110, 146]
[110, 145]
[114, 115]
[114, 80]
[115, 116]
[115, 81]
[116, 152]
[119, 120]
[120, 121]
[121, 122]
[121, 87]
[122, 88]
[122, 158]
[125, 91]
[125, 161]
[125, 160]
[131, 97]
[131, 166]
[137, 138]
[137, 173]
[137, 172]
[138, 139]
[138, 104]
[138, 174]
[138, 173]
[139, 174]
[142, 177]
[144, 145]
[144, 110]
[144, 179]
[145, 146]
[146, 147]
[147, 183]
[152, 153]
[152, 188]
[152, 187]
[153, 119]
[153, 188]
[158, 159]
[158, 193]
[159, 160]
[159, 125]
[160, 161]
[160, 196]
[161, 196]
[163, 164]
[163, 199]
[163, 198]
[164, 165]
[164, 199]
[165, 166]
[165, 131]
[169, 204]
[172, 173]
[172, 138]
[172, 208]
[172, 207]
[173, 174]
[173, 139]
[173, 208]
[176, 177]
[176, 142]
[176, 212]
[177, 212]
[179, 145]
[183, 184]
[183, 218]
[184, 220]
[186, 187]
[186, 152]
[186, 222]
[187, 188]
[187, 153]
[187, 222]
[188, 224]
[190, 225]
[193, 159]
[193, 229]
[198, 199]
[198, 164]
[198, 233]
[199, 165]
[199, 235]
[203, 204]
[203, 169]
[203, 238]
[204, 240]
[207, 208]
[207, 173]
[207, 243]
[208, 174]
[208, 243]
[218, 184]
[220, 186]
[222, 188]
[224, 225]
[224, 190]
[227, 193]
[229, 230]
[230, 196]
[233, 199]
[237, 238]
[237, 203]
[238, 204]
[240, 241]
[241, 207]
