[0, 1]
[0, 36]
[1, 2]
[1, 37]
[1, 36]
[2, 37]
[5, 41]
[5, 40]
[7, 43]
[7, 42]
[10, 45]
[12, 47]
[14, 50]
[17, 18]
[23, 24]
[24, 25]
[25, 61]
[29, 30]
[29, 65]
[29, 64]
[30, 66]
[30, 65]
[36, 37]
[36, 2]
[37, 73]
[40, 41]
[41, 42]
[41, 7]
[41, 77]
[42, 43]
[42, 77]
[45, 80]
[47, 83]
[50, 85]
[61, 62]
[62, 63]
[63, 64]
[63, 29]
[63, 99]
[64, 65]
[64, 30]
[64, 100]
[64, 99]
[65, 66]
[65, 100]
[70, 36]
[77, 43]
[77, 113]
[80, 116]
[80, 115]
[83, 84]
[83, 118]
[84, 85]
[84, 50]
[90, 126]
[95, 61]
[99, 100]
[99, 65]
[99, 134]
[100, 66]
[113, 114]
[113, 148]
[114, 115]
[114, 80]
[115, 116]
[115, 151]
[116, 152]
[116, 151]
[118, 84]
[118, 154]
[126, 162]
[128, 164]
[128, 163]
[134, 100]
[134, 170]
[134, 169]
[142, 143]
[142, 177]
[148, 114]
[148, 184]
[148, 183]
[151, 152]
[151, 186]
[152, 118]
[154, 190]
[154, 189]
[157, 158]
[158, 159]
[159, 160]
[160, 126]
[160, 196]
[162, 163]
[162, 128]
[162, 197]
[163, 164]
[163, 199]
[164, 199]
[166, 202]
[169, 170]
[169, 205]
[170, 205]
[177, 143]
[183, 184]
[184, 185]
[185, 186]
[185, 151]
[186, 152]
[186, 222]
[189, 190]
[196, 197]
[196, 162]
[196, 232]
[197, 163]
[197, 232]
[202, 203]
[203, 169]
[205, 240]
[208, 244]
[208, 243]
[217, 183]
[242, 243]
[242, 208]
[243, 244]
