[6, 7]
[6, 41]
[10, 11]
[10, 46]
[11, 47]
[11, 46]
[13, 14]
[13, 48]
[14, 50]
[18, 53]
[21, 57]
[21, 56]
[24, 60]
[24, 59]
[26, 27]
[26, 62]
[26, 61]
[27, 63]
[27, 62]
[30, 31]
[30, 65]
[31, 32]
[32, 33]
[32, 68]
[33, 68]
[35, 36]
[36, 72]
[38, 74]
[41, 7]
[41, 77]
[41, 76]
[46, 47]
[46, 82]
[47, 48]
[47, 13]
[47, 83]
[47, 82]
[48, 14]
[48, 84]
[48, 83]
[50, 51]
[50, 86]
[51, 52]
[51, 87]
[51, 86]
[52, 53]
[52, 18]
[52, 87]
[56, 57]
[56, 91]
[59, 60]
[59, 95]
[60, 61]
[60, 26]
[60, 96]
[60, 95]
[61, 62]
[61, 27]
[61, 97]
[61, 96]
[62, 63]
[62, 98]
[62, 97]
[63, 98]
[65, 31]
[65, 101]
[65, 100]
[68, 103]
[72, 38]
[74, 110]
[74, 109]
[76, 77]
[76, 112]
[77, 113]
[77, 112]
[82, 83]
[82, 48]
[83, 84]
[84, 50]
[84, 120]
[86, 87]
[86, 52]
[86, 122]
[87, 53]
[87, 122]
[91, 57]
[91, 127]
[91, 126]
[95, 96]
[95, 61]
[95, 131]
[95, 130]
[96, 97]
[96, 62]
[96, 132]
[96, 131]
[97, 98]
[97, 63]
[97, 133]
[97, 132]
[98, 134]
[98, 133]
[100, 101]
[100, 135]
[101, 102]
[101, 137]
[102, 103]
[102, 68]
[102, 137]
[105, 106]
[105, 141]
[105, 140]
[106, 72]
[106, 142]
[106, 141]
[109, 110]
[110, 76]
[112, 113]
[112, 148]
[112, 147]
[113, 148]
[120, 86]
[124, 125]
[124, 160]
[125, 126]
[125, 91]
[125, 160]
[126, 127]
[126, 162]
[127, 163]
[127, 162]
[130, 131]
[130, 96]
[130, 166]
[131, 132]
[131, 97]
[131, 167]
[131, 166]
[132, 133]
[132, 98]
[132, 168]
[132, 167]
[133, 134]
[133, 169]
[133, 168]
[134, 135]
[134, 100]
[134, 170]
[134, 169]
[135, 101]
[135, 170]
[137, 103]
[140, 141]
[140, 106]
[140, 176]
[141, 142]
[141, 176]
[142, 143]
[142, 178]
[143, 109]
[143, 178]
[147, 148]
[147, 113]
[147, 183]
[147, 182]
[148, 184]
[148, 183]
[150, 151]
[150, 186]
[151, 186]
[160, 126]
[162, 163]
[162, 198]
[163, 198]
[166, 167]
[166, 132]
[166, 201]
[167, 168]
[167, 133]
[167, 203]
[168, 169]
[168, 134]
[168, 203]
[169, 170]
[169, 135]
[176, 142]
[178, 214]
[180, 216]
[182, 183]
[182, 148]
[182, 218]
[182, 217]
[183, 184]
[183, 219]
[183, 218]
[184, 150]
[184, 220]
[184, 219]
[186, 222]
[186, 221]
[192, 193]
[193, 194]
[194, 160]
[194, 230]
[198, 233]
[201, 167]
[203, 169]
[203, 238]
[210, 176]
[214, 180]
[216, 217]
[216, 182]
[217, 218]
[217, 183]
[218, 219]
[218, 184]
[219, 220]
[220, 221]
[220, 186]
[221, 222]
[224, 225]
[230, 231]
[235, 201]
[240, 241]
[241, 242]
[242, 243]
[243, 209]
