[2, 3]
[2, 38]
[2, 37]
[3, 38]
[7, 42]
[9, 10]
[10, 46]
[12, 13]
[12, 48]
[12, 47]
[13, 14]
[13, 49]
[13, 48]
[14, 15]
[14, 50]
[14, 49]
[15, 16]
[15, 51]
[15, 50]
[16, 17]
[16, 52]
[16, 51]
[17, 18]
[17, 53]
[17, 52]
[18, 53]
[20, 55]
[24, 60]
[26, 27]
[26, 62]
[27, 28]
[27, 63]
[27, 62]
[28, 29]
[28, 64]
[28, 63]
[29, 30]
[29, 64]
[30, 31]
[30, 66]
[31, 66]
[34, 69]
[35, 36]
[35, 71]
[35, 70]
[36, 37]
[36, 2]
[36, 71]
[37, 38]
[37, 3]
[40, 75]
[42, 78]
[46, 47]
[46, 12]
[46, 82]
[46, 81]
[47, 48]
[47, 13]
[47, 83]
[47, 82]
[48, 49]
[48, 14]
[48, 84]
[48, 83]
[49, 50]
[49, 15]
[49, 84]
[50, 51]
[50, 16]
[50, 86]
[51, 52]
[51, 17]
[51, 86]
[52, 53]
[52, 18]
[52, 88]
[53, 88]
[55, 91]
[55, 90]
[60, 26]
[62, 63]
[62, 28]
[62, 98]
[62, 97]
[63, 64]
[63, 29]
[63, 99]
[63, 98]
[64, 30]
[64, 99]
[66, 101]
[68, 69]
[68, 34]
[70, 71]
[70, 36]
[70, 105]
[71, 37]
[75, 110]
[78, 79]
[81, 82]
[81, 47]
[82, 83]
[82, 48]
[82, 118]
[83, 84]
[83, 49]
[83, 119]
[83, 118]
[84, 50]
[84, 120]
[84, 119]
[86, 52]
[86, 122]
[88, 124]
[90, 91]
[90, 126]
[91, 92]
[91, 127]
[91, 126]
[92, 127]
[94, 60]
[94, 130]
[94, 129]
[97, 98]
[97, 63]
[98, 99]
[98, 64]
[98, 134]
[99, 135]
[99, 134]
[101, 137]
[101, 136]
[105, 71]
[105, 140]
[109, 110]
[109, 75]
[109, 145]
[109, 144]
[110, 146]
[110, 145]
[112, 78]
[112, 148]
[118, 119]
[118, 84]
[119, 120]
[119, 155]
[120, 86]
[120, 156]
[120, 155]
[122, 88]
[122, 157]
[124, 90]
[124, 159]
[126, 127]
[126, 92]
[126, 162]
[127, 163]
[127, 162]
[129, 130]
[134, 135]
[134, 169]
[135, 136]
[135, 101]
[136, 137]
[136, 172]
[137, 173]
[137, 172]
[142, 143]
[142, 178]
[143, 144]
[143, 109]
[143, 178]
[144, 145]
[144, 110]
[145, 146]
[145, 181]
[146, 112]
[146, 182]
[146, 181]
[148, 149]
[148, 184]
[148, 183]
[149, 150]
[149, 184]
[152, 118]
[152, 188]
[155, 156]
[155, 191]
[156, 157]
[156, 122]
[156, 191]
[157, 193]
[162, 163]
[163, 129]
[169, 135]
[169, 204]
[172, 173]
[173, 139]
[178, 144]
[178, 214]
[178, 213]
[181, 182]
[181, 217]
[181, 216]
[182, 183]
[182, 148]
[182, 217]
[183, 184]
[183, 149]
[183, 219]
[184, 150]
[184, 220]
[184, 219]
[188, 189]
[188, 224]
[188, 223]
[189, 155]
[189, 225]
[189, 224]
[191, 157]
[191, 227]
[191, 226]
[193, 159]
[193, 229]
[200, 235]
[202, 203]
[202, 237]
[203, 204]
[203, 169]
[206, 172]
[213, 214]
[216, 217]
[216, 182]
[217, 183]
[219, 220]
[220, 221]
[223, 224]
[223, 189]
[224, 225]
[225, 226]
[225, 191]
[226, 227]
[227, 193]
[229, 230]
[230, 231]
[237, 203]
[243, 244]
