[2, 3]
[2, 38]
[3, 38]
[5, 6]
[6, 7]
[14, 50]
[24, 25]
[24, 60]
[25, 26]
[25, 61]
[25, 60]
[26, 61]
[28, 29]
[28, 63]
[33, 34]
[33, 69]
[33, 68]
[34, 69]
[38, 74]
[38, 73]
[44, 10]
[44, 80]
[44, 79]
[50, 86]
[52, 88]
[55, 91]
[57, 58]
[58, 24]
[58, 94]
[60, 61]
[60, 26]
[63, 29]
[63, 99]
[66, 67]
[66, 102]
[67, 68]
[67, 33]
[67, 102]
[68, 69]
[68, 34]
[73, 74]
[73, 108]
[76, 77]
[79, 80]
[80, 81]
[81, 82]
[82, 83]
[82, 118]
[83, 84]
[83, 119]
[83, 118]
[84, 50]
[84, 120]
[84, 119]
[86, 52]
[86, 122]
[86, 121]
[91, 57]
[91, 127]
[94, 60]
[94, 129]
[99, 135]
[99, 134]
[102, 68]
[102, 138]
[105, 141]
[105, 140]
[108, 74]
[108, 143]
[118, 119]
[118, 84]
[118, 154]
[118, 153]
[119, 120]
[119, 155]
[119, 154]
[120, 121]
[120, 86]
[120, 156]
[120, 155]
[121, 122]
[121, 156]
[122, 88]
[125, 91]
[125, 161]
[125, 160]
[127, 162]
[134, 135]
[135, 171]
[140, 141]
[140, 176]
[141, 176]
[143, 179]
[143, 178]
[151, 187]
[153, 154]
[153, 119]
[153, 189]
[154, 155]
[154, 120]
[154, 189]
[155, 156]
[155, 121]
[156, 122]
[156, 192]
[159, 160]
[159, 125]
[159, 195]
[159, 194]
[160, 161]
[160, 196]
[160, 195]
[161, 162]
[161, 127]
[161, 197]
[161, 196]
[162, 197]
[171, 172]
[171, 206]
[172, 138]
[178, 179]
[179, 145]
[182, 217]
[187, 153]
[187, 223]
[189, 155]
[192, 193]
[192, 227]
[193, 194]
[193, 159]
[193, 229]
[194, 195]
[194, 160]
[194, 229]
[195, 196]
[195, 161]
[196, 197]
[196, 162]
[197, 233]
[201, 202]
[201, 237]
[201, 236]
[202, 203]
[202, 238]
[202, 237]
[203, 239]
[203, 238]
[205, 206]
[205, 171]
[205, 241]
[206, 172]
[206, 241]
[219, 220]
[220, 221]
[221, 187]
[223, 189]
[227, 193]
[229, 195]
[233, 199]
[236, 237]
[236, 202]
[237, 238]
[237, 203]
[238, 239]
[239, 205]
