[0, 1]
[0, 36]
[0, 35]
[1, 37]
[1, 36]
[3, 4]
[4, 5]
[4, 40]
[5, 40]
[7, 43]
[9, 44]
[13, 14]
[13, 49]
[14, 15]
[14, 49]
[17, 52]
[20, 55]
[26, 27]
[27, 63]
[31, 32]
[35, 36]
[35, 1]
[35, 71]
[35, 70]
[36, 37]
[36, 71]
[37, 3]
[37, 73]
[40, 75]
[43, 44]
[43, 9]
[47, 13]
[49, 15]
[52, 88]
[55, 91]
[58, 59]
[58, 94]
[58, 93]
[59, 94]
[63, 99]
[63, 98]
[65, 31]
[65, 101]
[65, 100]
[70, 71]
[70, 36]
[70, 106]
[70, 105]
[71, 37]
[71, 106]
[73, 74]
[73, 109]
[74, 75]
[74, 40]
[74, 110]
[74, 109]
[75, 110]
[81, 47]
[81, 116]
[86, 52]
[86, 121]
[91, 92]
[91, 126]
[92, 93]
[92, 58]
[92, 128]
[93, 94]
[93, 59]
[93, 128]
[96, 131]
[98, 99]
[98, 134]
[98, 133]
[99, 100]
[99, 65]
[99, 135]
[99, 134]
[100, 101]
[100, 136]
[100, 135]
[101, 102]
[101, 136]
[102, 103]
[103, 104]
[105, 106]
[105, 71]
[106, 142]
[109, 110]
[109, 75]
[109, 145]
[109, 144]
[110, 146]
[110, 145]
[112, 113]
[116, 151]
[118, 119]
[118, 154]
[119, 120]
[119, 155]
[119, 154]
[120, 121]
[120, 86]
[120, 155]
[125, 126]
[125, 91]
[125, 161]
[126, 92]
[126, 161]
[128, 94]
[128, 163]
[131, 167]
[131, 166]
[133, 134]
[133, 99]
[133, 169]
[134, 135]
[134, 100]
[134, 170]
[134, 169]
[135, 136]
[135, 101]
[135, 170]
[136, 102]
[142, 177]
[144, 145]
[144, 110]
[144, 180]
[144, 179]
[145, 146]
[145, 181]
[145, 180]
[146, 112]
[146, 181]
[150, 151]
[150, 116]
[150, 186]
[150, 185]
[151, 187]
[151, 186]
[154, 155]
[154, 120]
[154, 189]
[155, 121]
[158, 159]
[158, 194]
[159, 125]
[159, 194]
[163, 198]
[165, 166]
[165, 131]
[165, 201]
[166, 167]
[166, 201]
[167, 133]
[167, 203]
[169, 170]
[169, 135]
[169, 205]
[169, 204]
[170, 136]
[170, 205]
[179, 180]
[179, 145]
[179, 214]
[180, 181]
[180, 146]
[184, 185]
[184, 150]
[184, 219]
[185, 186]
[185, 151]
[185, 221]
[186, 187]
[186, 221]
[187, 188]
[187, 223]
[188, 189]
[188, 154]
[188, 223]
[189, 155]
[189, 225]
[201, 167]
[201, 236]
[203, 204]
[203, 169]
[204, 205]
[204, 170]
[204, 240]
[205, 241]
[205, 240]
[214, 180]
[218, 219]
[218, 184]
[219, 185]
[221, 187]
[223, 189]
[228, 194]
[231, 232]
[232, 198]
[235, 236]
[235, 201]
[240, 241]
