[1, 2]
[1, 36]
[2, 3]
[2, 38]
[3, 38]
[5, 6]
[5, 41]
[5, 40]
[6, 41]
[8, 43]
[12, 47]
[21, 57]
[21, 56]
[24, 59]
[30, 31]
[30, 66]
[31, 32]
[31, 66]
[32, 68]
[36, 2]
[36, 71]
[40, 41]
[40, 6]
[40, 76]
[41, 76]
[43, 79]
[46, 47]
[46, 12]
[46, 82]
[46, 81]
[47, 82]
[53, 19]
[53, 88]
[56, 57]
[56, 91]
[59, 94]
[64, 30]
[66, 32]
[66, 102]
[66, 101]
[68, 69]
[68, 104]
[69, 104]
[76, 112]
[76, 111]
[79, 114]
[81, 82]
[81, 47]
[84, 85]
[84, 120]
[85, 120]
[91, 57]
[91, 126]
[94, 130]
[101, 102]
[101, 136]
[102, 68]
[102, 138]
[105, 71]
[105, 141]
[105, 140]
[111, 112]
[111, 146]
[112, 113]
[112, 148]
[113, 114]
[113, 79]
[113, 148]
[120, 156]
[120, 155]
[122, 88]
[122, 158]
[122, 157]
[126, 161]
[130, 166]
[133, 134]
[133, 169]
[134, 169]
[136, 102]
[138, 104]
[138, 173]
[140, 141]
[140, 176]
[140, 175]
[141, 142]
[141, 176]
[142, 178]
[145, 146]
[145, 111]
[146, 112]
[148, 114]
[148, 184]
[148, 183]
[152, 153]
[152, 188]
[152, 187]
[153, 188]
[155, 156]
[156, 157]
[156, 122]
[156, 192]
[157, 158]
[157, 192]
[160, 161]
[160, 126]
[160, 195]
[164, 130]
[166, 167]
[166, 202]
[167, 133]
[167, 202]
[175, 176]
[175, 141]
[176, 142]
[178, 213]
[183, 184]
[183, 219]
[184, 185]
[184, 220]
[184, 219]
[185, 220]
[187, 188]
[187, 153]
[187, 222]
[188, 224]
[192, 158]
[192, 228]
[192, 227]
[195, 161]
[195, 231]
[202, 237]
[216, 217]
[217, 183]
[219, 220]
[219, 185]
[222, 188]
[224, 225]
[225, 226]
[226, 227]
[226, 192]
[227, 228]
