[7, 8]
[7, 43]
[8, 43]
[10, 11]
[10, 45]
[11, 47]
[13, 49]
[13, 48]
[15, 50]
[17, 52]
[19, 20]
[19, 55]
[19, 54]
[20, 21]
[20, 55]
[21, 22]
[22, 23]
[23, 24]
[23, 59]
[24, 60]
[24, 59]
[26, 27]
[26, 62]
[27, 28]
[27, 63]
[27, 62]
[28, 29]
[28, 64]
[28, 63]
[29, 30]
[29, 65]
[29, 64]
[30, 31]
[30, 66]
[30, 65]
[31, 32]
[31, 66]
[34, 69]
[37, 73]
[39, 40]
[39, 75]
[39, 74]
[40, 75]
[43, 79]
[45, 11]
[45, 80]
[47, 48]
[47, 13]
[47, 83]
[48, 49]
[48, 84]
[48, 83]
[49, 50]
[49, 15]
[49, 84]
[50, 86]
[52, 87]
[54, 55]
[54, 20]
[55, 21]
[55, 91]
[59, 60]
[59, 95]
[59, 94]
[60, 26]
[60, 95]
[62, 63]
[62, 28]
[62, 98]
[63, 64]
[63, 29]
[63, 99]
[63, 98]
[64, 65]
[64, 30]
[64, 99]
[65, 66]
[65, 31]
[66, 32]
[70, 71]
[70, 106]
[70, 105]
[71, 37]
[71, 107]
[71, 106]
[73, 74]
[73, 39]
[73, 109]
[73, 108]
[74, 75]
[74, 40]
[74, 109]
[77, 43]
[77, 113]
[79, 80]
[79, 45]
[79, 115]
[79, 114]
[80, 115]
[83, 84]
[83, 49]
[83, 119]
[83, 118]
[84, 50]
[84, 120]
[84, 119]
[86, 87]
[86, 52]
[86, 121]
[91, 126]
[93, 94]
[93, 59]
[93, 129]
[93, 128]
[94, 95]
[94, 60]
[94, 129]
[95, 131]
[98, 99]
[98, 64]
[98, 134]
[98, 133]
[99, 65]
[99, 134]
[103, 69]
[103, 139]
[105, 106]
[105, 71]
[105, 141]
[105, 140]
[106, 107]
[106, 142]
[106, 141]
[107, 108]
[107, 73]
[107, 143]
[107, 142]
[108, 109]
[108, 74]
[108, 144]
[108, 143]
[109, 75]
[109, 144]
[113, 114]
[113, 79]
[113, 149]
[113, 148]
[114, 115]
[114, 80]
[114, 150]
[114, 149]
[115, 151]
[115, 150]
[118, 119]
[118, 84]
[118, 154]
[118, 153]
[119, 120]
[119, 154]
[120, 121]
[120, 86]
[120, 156]
[121, 87]
[121, 157]
[121, 156]
[125, 126]
[125, 91]
[125, 160]
[128, 129]
[128, 94]
[128, 164]
[128, 163]
[129, 95]
[129, 165]
[129, 164]
[131, 166]
[133, 134]
[133, 99]
[133, 169]
[133, 168]
[134, 169]
[137, 103]
[137, 173]
[140, 141]
[140, 106]
[140, 176]
[140, 175]
[141, 142]
[141, 107]
[141, 176]
[142, 143]
[142, 108]
[143, 144]
[143, 109]
[143, 179]
[144, 180]
[144, 179]
[147, 148]
[147, 113]
[147, 182]
[148, 149]
[148, 114]
[148, 184]
[149, 150]
[149, 115]
[149, 184]
[150, 151]
[150, 186]
[151, 152]
[151, 186]
[152, 153]
[152, 118]
[153, 154]
[153, 119]
[154, 120]
[154, 190]
[156, 157]
[156, 192]
[157, 158]
[157, 193]
[157, 192]
[158, 194]
[158, 193]
[160, 126]
[160, 196]
[163, 164]
[163, 129]
[163, 199]
[164, 165]
[164, 200]
[164, 199]
[165, 166]
[165, 131]
[165, 200]
[166, 202]
[168, 169]
[168, 134]
[168, 204]
[169, 205]
[169, 204]
[173, 139]
[173, 208]
[175, 176]
[175, 141]
[175, 211]
[175, 210]
[176, 142]
[176, 211]
[179, 180]
[179, 215]
[179, 214]
[180, 216]
[180, 215]
[182, 148]
[182, 218]
[184, 150]
[184, 219]
[186, 152]
[186, 221]
[190, 156]
[190, 226]
[192, 193]
[192, 158]
[192, 228]
[193, 194]
[193, 229]
[193, 228]
[194, 160]
[194, 230]
[194, 229]
[196, 197]
[197, 163]
[197, 233]
[199, 200]
[199, 165]
[200, 166]
[200, 236]
[202, 168]
[202, 238]
[202, 237]
[204, 205]
[204, 240]
[204, 239]
[205, 241]
[205, 240]
[207, 208]
[207, 173]
[207, 243]
[207, 242]
[208, 244]
[208, 243]
[210, 211]
[210, 176]
[213, 214]
[213, 179]
[214, 215]
[214, 180]
[215, 216]
[216, 182]
[218, 219]
[218, 184]
[223, 224]
[224, 190]
[226, 192]
[228, 229]
[228, 194]
[229, 230]
[230, 196]
[233, 199]
[236, 237]
[236, 202]
[237, 238]
[238, 239]
[238, 204]
[239, 240]
[239, 205]
[240, 241]
[241, 242]
[241, 207]
[242, 243]
[242, 208]
[243, 244]
