[0, 36]
[0, 35]
[2, 37]
[4, 5]
[5, 6]
[6, 7]
[7, 8]
[7, 43]
[8, 43]
[11, 12]
[11, 47]
[11, 46]
[12, 13]
[12, 48]
[12, 47]
[13, 48]
[16, 17]
[16, 52]
[16, 51]
[17, 18]
[17, 52]
[18, 19]
[18, 54]
[19, 20]
[19, 55]
[19, 54]
[20, 55]
[26, 27]
[26, 62]
[27, 63]
[27, 62]
[30, 31]
[30, 66]
[30, 65]
[31, 32]
[31, 66]
[32, 33]
[35, 36]
[35, 71]
[36, 37]
[36, 2]
[36, 71]
[43, 79]
[43, 78]
[45, 46]
[45, 11]
[45, 81]
[45, 80]
[46, 47]
[46, 12]
[46, 82]
[46, 81]
[47, 48]
[47, 13]
[47, 83]
[47, 82]
[48, 84]
[48, 83]
[51, 52]
[51, 17]
[51, 87]
[52, 18]
[52, 88]
[52, 87]
[54, 55]
[54, 20]
[54, 90]
[55, 90]
[58, 59]
[58, 94]
[58, 93]
[59, 95]
[59, 94]
[62, 63]
[62, 97]
[63, 64]
[64, 65]
[64, 30]
[65, 66]
[65, 31]
[66, 32]
[66, 102]
[71, 37]
[78, 79]
[78, 114]
[78, 113]
[79, 80]
[79, 45]
[79, 115]
[79, 114]
[80, 81]
[80, 46]
[80, 115]
[81, 82]
[81, 47]
[81, 117]
[82, 83]
[82, 48]
[82, 117]
[83, 84]
[83, 119]
[84, 85]
[84, 119]
[85, 51]
[85, 121]
[87, 88]
[88, 54]
[88, 124]
[90, 126]
[90, 125]
[92, 93]
[92, 58]
[93, 94]
[93, 59]
[94, 95]
[94, 130]
[95, 130]
[97, 63]
[97, 133]
[102, 103]
[103, 104]
[105, 71]
[105, 141]
[105, 140]
[111, 112]
[111, 147]
[111, 146]
[112, 113]
[112, 78]
[112, 148]
[112, 147]
[113, 114]
[113, 79]
[113, 148]
[114, 115]
[114, 80]
[115, 81]
[117, 83]
[117, 152]
[119, 85]
[119, 155]
[119, 154]
[121, 87]
[121, 156]
[124, 125]
[124, 90]
[124, 160]
[125, 126]
[125, 161]
[125, 160]
[126, 92]
[126, 161]
[133, 168]
[136, 102]
[136, 172]
[140, 141]
[140, 176]
[140, 175]
[141, 142]
[141, 176]
[142, 178]
[145, 146]
[145, 111]
[145, 181]
[146, 147]
[146, 112]
[146, 182]
[146, 181]
[147, 148]
[147, 113]
[147, 182]
[148, 114]
[154, 155]
[154, 189]
[155, 156]
[155, 121]
[156, 192]
[160, 161]
[160, 126]
[163, 199]
[167, 168]
[167, 133]
[168, 204]
[172, 173]
[172, 208]
[173, 209]
[173, 208]
[175, 176]
[175, 141]
[176, 142]
[176, 212]
[181, 182]
[181, 147]
[181, 217]
[182, 148]
[182, 217]
[185, 186]
[186, 152]
[189, 155]
[189, 224]
[194, 160]
[194, 230]
[201, 167]
[201, 237]
[206, 172]
[206, 242]
[206, 241]
[208, 209]
[208, 243]
[212, 178]
[219, 185]
[230, 231]
[231, 232]
[241, 242]
[242, 243]
[242, 208]
[243, 209]
