[0, 1]
[0, 36]
[0, 35]
[1, 37]
[1, 36]
[4, 5]
[4, 39]
[5, 6]
[5, 41]
[6, 42]
[6, 41]
[8, 9]
[8, 44]
[8, 43]
[9, 10]
[9, 45]
[9, 44]
[10, 46]
[10, 45]
[12, 13]
[12, 47]
[13, 49]
[15, 16]
[16, 52]
[23, 59]
[27, 63]
[32, 68]
[35, 36]
[35, 1]
[36, 37]
[36, 72]
[37, 38]
[37, 72]
[38, 39]
[38, 4]
[39, 5]
[41, 42]
[41, 77]
[41, 76]
[42, 43]
[42, 8]
[42, 77]
[43, 44]
[43, 9]
[44, 45]
[44, 10]
[44, 80]
[45, 46]
[45, 81]
[45, 80]
[46, 47]
[46, 12]
[46, 81]
[47, 13]
[47, 83]
[49, 15]
[52, 53]
[52, 87]
[55, 90]
[57, 23]
[57, 93]
[61, 27]
[61, 97]
[61, 96]
[63, 64]
[63, 98]
[64, 65]
[64, 100]
[65, 101]
[65, 100]
[68, 34]
[68, 103]
[72, 38]
[72, 108]
[76, 77]
[76, 42]
[76, 111]
[77, 43]
[80, 81]
[80, 46]
[81, 47]
[83, 49]
[86, 87]
[86, 52]
[86, 121]
[87, 53]
[90, 125]
[93, 59]
[93, 129]
[96, 97]
[96, 132]
[97, 98]
[97, 63]
[97, 133]
[97, 132]
[98, 64]
[98, 133]
[100, 101]
[100, 135]
[101, 102]
[101, 137]
[102, 103]
[102, 68]
[102, 138]
[102, 137]
[103, 138]
[108, 109]
[109, 110]
[110, 111]
[110, 76]
[111, 77]
[111, 147]
[114, 80]
[120, 121]
[120, 86]
[121, 87]
[121, 157]
[127, 93]
[127, 163]
[127, 162]
[129, 130]
[129, 165]
[130, 96]
[130, 165]
[132, 133]
[132, 98]
[133, 169]
[135, 101]
[135, 170]
[137, 138]
[137, 103]
[138, 174]
[141, 142]
[141, 176]
[142, 108]
[147, 148]
[147, 182]
[148, 114]
[152, 153]
[152, 188]
[153, 154]
[153, 188]
[154, 120]
[154, 190]
[159, 125]
[159, 194]
[162, 163]
[162, 197]
[163, 129]
[165, 201]
[165, 200]
[169, 170]
[169, 135]
[169, 205]
[169, 204]
[170, 206]
[170, 205]
[176, 142]
[182, 148]
[182, 218]
[185, 186]
[186, 152]
[188, 154]
[188, 224]
[194, 230]
[194, 229]
[196, 197]
[196, 162]
[196, 232]
[196, 231]
[197, 163]
[197, 232]
[200, 201]
[200, 235]
[201, 202]
[204, 205]
[204, 170]
[204, 240]
[205, 206]
[205, 241]
[205, 240]
[206, 241]
[210, 176]
[216, 182]
[218, 219]
[219, 185]
[224, 190]
[228, 229]
[228, 194]
[229, 230]
[230, 231]
[230, 196]
[231, 232]
[231, 197]
[234, 235]
[234, 200]
[235, 201]
[240, 241]
[240, 206]
