[1, 2]
[1, 37]
[1, 36]
[2, 38]
[2, 37]
[4, 39]
[8, 9]
[9, 10]
[9, 45]
[10, 46]
[10, 45]
[21, 22]
[21, 56]
[22, 58]
[24, 25]
[24, 60]
[24, 59]
[25, 26]
[25, 61]
[25, 60]
[26, 61]
[29, 30]
[30, 66]
[36, 37]
[36, 2]
[36, 71]
[37, 38]
[37, 73]
[38, 39]
[38, 4]
[38, 74]
[38, 73]
[39, 74]
[45, 46]
[45, 80]
[46, 12]
[46, 82]
[50, 16]
[50, 85]
[54, 55]
[55, 56]
[55, 21]
[56, 22]
[58, 59]
[58, 24]
[58, 93]
[59, 60]
[59, 25]
[59, 95]
[60, 61]
[60, 26]
[60, 95]
[61, 97]
[63, 29]
[63, 99]
[63, 98]
[66, 32]
[66, 101]
[69, 104]
[70, 71]
[70, 36]
[71, 37]
[71, 107]
[73, 74]
[73, 39]
[73, 108]
[74, 110]
[78, 79]
[78, 113]
[79, 80]
[79, 45]
[80, 46]
[82, 83]
[82, 117]
[93, 59]
[95, 61]
[97, 98]
[97, 63]
[98, 99]
[98, 134]
[99, 100]
[99, 135]
[99, 134]
[100, 101]
[100, 66]
[100, 136]
[100, 135]
[101, 137]
[101, 136]
[104, 139]
[107, 108]
[107, 73]
[108, 74]
[110, 111]
[111, 112]
[111, 147]
[112, 113]
[112, 78]
[112, 147]
[113, 79]
[113, 149]
[117, 83]
[117, 152]
[125, 126]
[126, 162]
[134, 135]
[134, 100]
[135, 136]
[135, 101]
[136, 137]
[136, 172]
[137, 172]
[141, 107]
[141, 176]
[147, 113]
[147, 182]
[149, 184]
[152, 188]
[158, 159]
[159, 125]
[159, 195]
[162, 198]
[165, 166]
[165, 201]
[166, 202]
[166, 201]
[168, 134]
[168, 204]
[178, 214]
[181, 182]
[181, 147]
[181, 217]
[181, 216]
[182, 217]
[184, 219]
[188, 189]
[188, 224]
[189, 155]
[189, 224]
[195, 196]
[196, 162]
[196, 232]
[198, 234]
[201, 202]
[201, 237]
[201, 236]
[202, 168]
[202, 237]
[204, 240]
[204, 239]
[206, 172]
[210, 176]
[216, 217]
[216, 182]
[229, 195]
[232, 198]
[236, 237]
[236, 202]
[239, 240]
[240, 206]
