[8, 9]
[8, 44]
[8, 43]
[9, 45]
[9, 44]
[12, 48]
[12, 47]
[18, 19]
[19, 20]
[19, 55]
[20, 56]
[20, 55]
[22, 23]
[22, 58]
[22, 57]
[23, 58]
[26, 27]
[29, 30]
[30, 31]
[31, 32]
[31, 67]
[32, 33]
[32, 68]
[32, 67]
[33, 34]
[33, 69]
[33, 68]
[34, 69]
[37, 3]
[37, 72]
[40, 6]
[43, 44]
[43, 9]
[43, 79]
[44, 45]
[44, 80]
[44, 79]
[45, 46]
[45, 80]
[46, 47]
[46, 12]
[47, 48]
[48, 84]
[55, 56]
[55, 91]
[56, 57]
[56, 22]
[56, 92]
[56, 91]
[57, 58]
[57, 23]
[57, 92]
[58, 94]
[67, 68]
[67, 33]
[67, 103]
[67, 102]
[68, 69]
[68, 34]
[68, 104]
[68, 103]
[69, 104]
[70, 106]
[70, 105]
[72, 107]
[74, 40]
[74, 109]
[79, 80]
[79, 45]
[80, 46]
[80, 116]
[84, 120]
[87, 88]
[87, 123]
[88, 89]
[88, 124]
[88, 123]
[89, 55]
[89, 125]
[89, 124]
[91, 92]
[91, 57]
[91, 127]
[91, 126]
[92, 58]
[92, 128]
[92, 127]
[94, 95]
[94, 130]
[94, 129]
[95, 96]
[95, 131]
[95, 130]
[96, 131]
[100, 136]
[102, 103]
[102, 68]
[102, 138]
[102, 137]
[103, 104]
[103, 69]
[103, 139]
[103, 138]
[104, 139]
[105, 106]
[106, 107]
[106, 72]
[106, 142]
[107, 143]
[107, 142]
[109, 145]
[109, 144]
[113, 79]
[113, 148]
[116, 117]
[116, 151]
[123, 124]
[123, 89]
[123, 159]
[123, 158]
[124, 125]
[124, 160]
[124, 159]
[125, 126]
[125, 91]
[125, 160]
[126, 127]
[126, 92]
[126, 162]
[127, 128]
[127, 163]
[127, 162]
[128, 129]
[128, 94]
[128, 164]
[128, 163]
[129, 130]
[129, 95]
[129, 164]
[130, 131]
[130, 96]
[136, 137]
[136, 102]
[136, 172]
[136, 171]
[137, 138]
[137, 103]
[137, 172]
[138, 139]
[138, 104]
[142, 143]
[142, 178]
[143, 144]
[143, 109]
[143, 179]
[143, 178]
[144, 145]
[144, 179]
[145, 181]
[148, 184]
[151, 117]
[151, 187]
[151, 186]
[158, 159]
[158, 124]
[158, 193]
[159, 160]
[159, 125]
[159, 195]
[160, 126]
[160, 195]
[162, 163]
[162, 128]
[162, 198]
[162, 197]
[163, 164]
[163, 129]
[163, 198]
[164, 130]
[170, 171]
[170, 136]
[171, 172]
[171, 137]
[172, 138]
[172, 208]
[178, 179]
[178, 144]
[178, 214]
[178, 213]
[179, 145]
[179, 214]
[181, 182]
[182, 148]
[184, 185]
[184, 220]
[184, 219]
[185, 186]
[185, 151]
[185, 220]
[186, 187]
[187, 188]
[188, 189]
[188, 224]
[189, 225]
[189, 224]
[192, 193]
[192, 158]
[192, 228]
[192, 227]
[193, 159]
[193, 228]
[197, 198]
[197, 163]
[198, 164]
[203, 204]
[203, 238]
[204, 170]
[204, 240]
[208, 244]
[208, 243]
[212, 213]
[212, 178]
[213, 214]
[213, 179]
[219, 220]
[219, 185]
[220, 186]
[224, 225]
[225, 226]
[226, 227]
[226, 192]
[227, 228]
[227, 193]
[235, 236]
[236, 237]
[237, 238]
[237, 203]
[238, 204]
[240, 241]
[243, 244]
