[3, 39]
[3, 38]
[5, 41]
[11, 47]
[11, 46]
[16, 17]
[16, 52]
[17, 53]
[17, 52]
[24, 60]
[28, 64]
[31, 67]
[33, 34]
[35, 36]
[35, 70]
[38, 39]
[38, 73]
[39, 5]
[41, 77]
[41, 76]
[46, 47]
[47, 48]
[48, 14]
[52, 53]
[52, 87]
[53, 19]
[53, 89]
[56, 57]
[56, 91]
[60, 26]
[64, 100]
[64, 99]
[67, 33]
[70, 36]
[70, 105]
[73, 39]
[76, 77]
[76, 111]
[79, 80]
[80, 46]
[87, 53]
[89, 90]
[89, 124]
[90, 91]
[90, 56]
[91, 57]
[98, 99]
[98, 64]
[98, 133]
[99, 100]
[100, 136]
[111, 77]
[111, 147]
[118, 119]
[118, 153]
[119, 85]
[119, 155]
[124, 90]
[131, 132]
[132, 133]
[132, 98]
[133, 99]
[133, 169]
[136, 172]
[138, 104]
[138, 174]
[144, 179]
[147, 183]
[147, 182]
[149, 184]
[153, 119]
[153, 189]
[153, 188]
[155, 191]
[158, 124]
[163, 198]
[169, 170]
[169, 205]
[170, 136]
[170, 205]
[172, 138]
[174, 209]
[175, 176]
[175, 211]
[175, 210]
[176, 211]
[179, 215]
[182, 183]
[182, 217]
[183, 184]
[183, 149]
[183, 219]
[184, 219]
[186, 187]
[186, 222]
[186, 221]
[187, 188]
[187, 153]
[187, 222]
[188, 189]
[189, 155]
[189, 225]
[191, 192]
[191, 227]
[192, 158]
[192, 228]
[192, 227]
[195, 230]
[197, 198]
[197, 163]
[197, 232]
[201, 202]
[201, 237]
[201, 236]
[202, 203]
[202, 237]
[203, 169]
[203, 239]
[209, 244]
[210, 211]
[210, 176]
[213, 179]
[215, 216]
[216, 217]
[216, 182]
[217, 183]
[221, 222]
[221, 187]
[222, 188]
[225, 191]
[227, 228]
[232, 198]
[235, 236]
[235, 201]
[236, 237]
[236, 202]
[237, 203]
[239, 205]
