[0, 1]
[0, 36]
[0, 35]
[1, 37]
[1, 36]
[4, 5]
[4, 40]
[5, 6]
[5, 41]
[5, 40]
[6, 42]
[6, 41]
[9, 10]
[9, 45]
[9, 44]
[10, 11]
[10, 46]
[10, 45]
[11, 12]
[11, 46]
[12, 13]
[12, 48]
[13, 48]
[19, 54]
[26, 62]
[31, 32]
[31, 66]
[35, 36]
[35, 1]
[35, 70]
[36, 37]
[40, 41]
[40, 6]
[40, 76]
[41, 42]
[41, 77]
[41, 76]
[42, 43]
[42, 78]
[42, 77]
[43, 44]
[43, 9]
[43, 78]
[44, 45]
[44, 10]
[44, 80]
[45, 46]
[45, 11]
[45, 81]
[45, 80]
[46, 12]
[46, 81]
[48, 83]
[50, 51]
[51, 87]
[53, 54]
[53, 19]
[53, 89]
[54, 90]
[54, 89]
[58, 59]
[58, 94]
[58, 93]
[59, 60]
[59, 95]
[59, 94]
[60, 26]
[60, 95]
[62, 63]
[63, 64]
[64, 100]
[66, 32]
[66, 102]
[66, 101]
[70, 36]
[70, 105]
[74, 40]
[74, 109]
[76, 77]
[76, 42]
[76, 112]
[76, 111]
[77, 78]
[77, 43]
[77, 113]
[77, 112]
[78, 44]
[78, 114]
[78, 113]
[80, 81]
[80, 46]
[80, 116]
[80, 115]
[81, 116]
[83, 118]
[87, 53]
[87, 123]
[87, 122]
[89, 90]
[92, 93]
[92, 58]
[92, 128]
[92, 127]
[93, 94]
[93, 59]
[93, 129]
[93, 128]
[94, 95]
[94, 60]
[94, 130]
[94, 129]
[95, 130]
[100, 101]
[100, 66]
[100, 136]
[100, 135]
[101, 102]
[101, 137]
[101, 136]
[102, 137]
[105, 140]
[109, 145]
[109, 144]
[111, 112]
[111, 77]
[111, 147]
[111, 146]
[112, 113]
[112, 78]
[112, 147]
[113, 114]
[114, 115]
[114, 80]
[114, 150]
[115, 116]
[115, 81]
[115, 151]
[115, 150]
[116, 151]
[120, 155]
[122, 123]
[122, 157]
[123, 89]
[123, 159]
[127, 128]
[127, 93]
[127, 163]
[127, 162]
[128, 129]
[128, 94]
[128, 163]
[129, 130]
[129, 95]
[129, 165]
[130, 166]
[130, 165]
[134, 135]
[134, 100]
[134, 169]
[135, 136]
[135, 101]
[135, 171]
[136, 137]
[136, 102]
[136, 171]
[137, 173]
[139, 174]
[140, 176]
[140, 175]
[142, 177]
[144, 145]
[144, 179]
[145, 146]
[145, 111]
[145, 181]
[146, 147]
[146, 112]
[146, 182]
[146, 181]
[147, 113]
[147, 183]
[147, 182]
[150, 151]
[150, 116]
[150, 186]
[150, 185]
[151, 187]
[151, 186]
[157, 123]
[157, 193]
[157, 192]
[159, 160]
[159, 195]
[159, 194]
[160, 161]
[160, 196]
[160, 195]
[161, 162]
[161, 127]
[161, 196]
[162, 163]
[162, 128]
[162, 198]
[163, 129]
[163, 198]
[165, 166]
[165, 200]
[166, 167]
[167, 203]
[169, 135]
[169, 205]
[169, 204]
[171, 137]
[171, 206]
[173, 174]
[173, 139]
[173, 208]
[175, 176]
[175, 211]
[175, 210]
[176, 177]
[176, 142]
[176, 212]
[176, 211]
[177, 212]
[179, 145]
[179, 214]
[181, 182]
[181, 147]
[181, 217]
[181, 216]
[182, 183]
[182, 218]
[182, 217]
[183, 184]
[183, 219]
[183, 218]
[184, 185]
[184, 150]
[184, 219]
[185, 186]
[185, 151]
[186, 187]
[186, 222]
[187, 222]
[192, 193]
[193, 194]
[193, 159]
[193, 229]
[194, 195]
[194, 160]
[194, 229]
[195, 196]
[195, 161]
[196, 162]
[196, 232]
[198, 233]
[200, 166]
[200, 235]
[203, 204]
[203, 169]
[203, 239]
[203, 238]
[204, 205]
[204, 240]
[204, 239]
[205, 206]
[205, 171]
[205, 240]
[206, 242]
[208, 174]
[210, 211]
[210, 176]
[211, 212]
[211, 177]
[216, 217]
[216, 182]
[217, 218]
[217, 183]
[218, 219]
[218, 184]
[219, 185]
[225, 226]
[226, 192]
[229, 195]
[232, 233]
[232, 198]
[237, 238]
[237, 203]
[238, 239]
[238, 204]
[239, 240]
[239, 205]
[240, 206]
[242, 208]
