[6, 7]
[6, 41]
[7, 43]
[9, 10]
[9, 44]
[10, 46]
[16, 52]
[18, 54]
[18, 53]
[20, 21]
[20, 56]
[20, 55]
[21, 22]
[21, 56]
[22, 23]
[23, 24]
[24, 60]
[27, 28]
[27, 63]
[27, 62]
[28, 29]
[28, 63]
[29, 65]
[31, 67]
[31, 66]
[36, 37]
[36, 72]
[36, 71]
[37, 38]
[37, 72]
[38, 39]
[38, 74]
[39, 74]
[41, 7]
[43, 44]
[43, 9]
[44, 10]
[44, 80]
[46, 47]
[47, 83]
[50, 16]
[50, 86]
[52, 53]
[52, 18]
[52, 87]
[53, 54]
[53, 89]
[54, 55]
[54, 20]
[54, 89]
[55, 56]
[55, 21]
[55, 91]
[56, 22]
[56, 92]
[56, 91]
[60, 61]
[61, 62]
[61, 27]
[61, 97]
[62, 63]
[62, 28]
[62, 98]
[62, 97]
[63, 29]
[63, 98]
[65, 66]
[65, 31]
[65, 101]
[65, 100]
[66, 67]
[66, 101]
[67, 33]
[71, 72]
[71, 37]
[72, 38]
[72, 108]
[74, 110]
[80, 46]
[83, 84]
[84, 50]
[86, 87]
[86, 52]
[87, 53]
[89, 55]
[89, 125]
[89, 124]
[91, 92]
[91, 127]
[92, 128]
[92, 127]
[94, 60]
[94, 130]
[97, 98]
[97, 63]
[100, 101]
[100, 66]
[101, 67]
[105, 71]
[108, 74]
[108, 144]
[108, 143]
[110, 145]
[114, 80]
[114, 150]
[124, 125]
[125, 91]
[127, 128]
[127, 162]
[128, 94]
[130, 131]
[131, 97]
[138, 139]
[138, 174]
[138, 173]
[139, 174]
[143, 144]
[143, 179]
[144, 145]
[144, 110]
[144, 180]
[144, 179]
[145, 181]
[145, 180]
[147, 148]
[147, 183]
[147, 182]
[148, 114]
[148, 183]
[150, 151]
[150, 186]
[151, 187]
[151, 186]
[155, 190]
[158, 124]
[158, 193]
[162, 128]
[169, 170]
[169, 205]
[169, 204]
[170, 205]
[172, 173]
[172, 138]
[173, 174]
[173, 139]
[179, 180]
[179, 145]
[179, 214]
[180, 181]
[180, 216]
[181, 182]
[181, 147]
[181, 216]
[182, 183]
[182, 148]
[182, 218]
[183, 219]
[183, 218]
[186, 187]
[186, 222]
[186, 221]
[187, 153]
[187, 222]
[190, 225]
[192, 193]
[192, 158]
[192, 228]
[192, 227]
[193, 228]
[195, 231]
[200, 201]
[200, 236]
[201, 202]
[201, 236]
[202, 203]
[202, 238]
[203, 204]
[203, 169]
[203, 238]
[204, 205]
[204, 170]
[204, 240]
[205, 240]
[213, 214]
[213, 179]
[214, 180]
[216, 182]
[218, 219]
[219, 220]
[220, 221]
[220, 186]
[221, 222]
[221, 187]
[224, 225]
[224, 190]
[227, 228]
[227, 193]
[236, 202]
[238, 204]
