[2, 3]
[2, 38]
[2, 37]
[3, 38]
[8, 9]
[8, 44]
[8, 43]
[9, 10]
[9, 45]
[9, 44]
[10, 11]
[10, 45]
[11, 47]
[15, 50]
[17, 53]
[17, 52]
[21, 57]
[21, 56]
[30, 31]
[30, 65]
[31, 67]
[33, 69]
[33, 68]
[37, 38]
[37, 3]
[37, 73]
[38, 74]
[38, 73]
[42, 43]
[42, 8]
[42, 77]
[43, 44]
[43, 9]
[43, 79]
[44, 45]
[44, 10]
[44, 79]
[45, 11]
[47, 13]
[47, 83]
[47, 82]
[52, 53]
[53, 89]
[56, 57]
[56, 92]
[57, 23]
[57, 93]
[57, 92]
[64, 65]
[64, 30]
[64, 100]
[65, 31]
[65, 100]
[67, 68]
[67, 33]
[68, 69]
[68, 104]
[69, 104]
[73, 74]
[73, 108]
[76, 77]
[76, 42]
[77, 43]
[77, 113]
[79, 45]
[79, 115]
[82, 83]
[82, 118]
[83, 84]
[83, 118]
[84, 50]
[89, 125]
[89, 124]
[92, 93]
[92, 127]
[93, 94]
[94, 60]
[97, 132]
[104, 139]
[106, 107]
[107, 108]
[107, 73]
[107, 143]
[108, 74]
[108, 144]
[108, 143]
[113, 79]
[113, 149]
[118, 84]
[118, 154]
[123, 124]
[123, 89]
[123, 158]
[124, 125]
[124, 160]
[125, 161]
[125, 160]
[127, 93]
[132, 168]
[134, 100]
[134, 169]
[137, 138]
[137, 173]
[138, 139]
[138, 104]
[138, 174]
[138, 173]
[139, 174]
[143, 144]
[143, 179]
[143, 178]
[144, 145]
[144, 180]
[144, 179]
[145, 146]
[145, 180]
[146, 147]
[146, 182]
[147, 113]
[147, 182]
[149, 115]
[149, 185]
[149, 184]
[154, 155]
[154, 189]
[155, 121]
[155, 191]
[158, 124]
[160, 161]
[160, 196]
[160, 195]
[161, 127]
[161, 197]
[161, 196]
[164, 165]
[164, 199]
[165, 201]
[168, 169]
[168, 134]
[168, 203]
[169, 205]
[171, 137]
[173, 174]
[173, 139]
[173, 209]
[173, 208]
[174, 209]
[175, 176]
[176, 177]
[177, 178]
[177, 143]
[178, 179]
[178, 144]
[178, 214]
[179, 180]
[179, 145]
[179, 215]
[179, 214]
[180, 146]
[180, 216]
[180, 215]
[182, 218]
[182, 217]
[184, 185]
[184, 219]
[185, 186]
[186, 187]
[187, 188]
[187, 223]
[188, 189]
[188, 154]
[188, 224]
[188, 223]
[189, 155]
[189, 225]
[189, 224]
[195, 196]
[195, 161]
[195, 231]
[195, 230]
[196, 197]
[196, 232]
[196, 231]
[197, 232]
[199, 165]
[199, 234]
[201, 202]
[201, 237]
[201, 236]
[202, 203]
[202, 168]
[202, 237]
[203, 169]
[205, 171]
[208, 209]
[208, 174]
[208, 244]
[209, 244]
[214, 215]
[214, 180]
[215, 216]
[216, 217]
[216, 182]
[217, 218]
[218, 219]
[218, 184]
[219, 185]
[223, 224]
[223, 189]
[224, 225]
[225, 191]
[229, 230]
[229, 195]
[230, 231]
[230, 196]
[231, 232]
[231, 197]
[236, 237]
[236, 202]
[237, 203]
