[2, 3]
[2, 37]
[3, 4]
[4, 5]
[5, 6]
[6, 7]
[7, 43]
[9, 45]
[9, 44]
[11, 47]
[11, 46]
[13, 14]
[13, 49]
[13, 48]
[14, 49]
[16, 17]
[16, 52]
[16, 51]
[17, 18]
[17, 52]
[18, 19]
[18, 54]
[19, 55]
[19, 54]
[22, 23]
[22, 57]
[23, 24]
[23, 59]
[24, 25]
[24, 60]
[24, 59]
[25, 61]
[25, 60]
[27, 63]
[27, 62]
[29, 65]
[29, 64]
[31, 66]
[37, 3]
[37, 73]
[37, 72]
[43, 44]
[43, 9]
[43, 79]
[43, 78]
[44, 45]
[44, 79]
[45, 46]
[45, 11]
[45, 81]
[46, 47]
[46, 82]
[46, 81]
[47, 48]
[47, 13]
[47, 83]
[47, 82]
[48, 49]
[48, 14]
[48, 84]
[48, 83]
[49, 85]
[49, 84]
[51, 52]
[51, 17]
[52, 18]
[52, 88]
[54, 55]
[55, 91]
[57, 23]
[57, 93]
[59, 60]
[59, 25]
[59, 95]
[59, 94]
[60, 61]
[60, 96]
[60, 95]
[61, 62]
[61, 27]
[61, 96]
[62, 63]
[62, 98]
[63, 64]
[63, 29]
[63, 99]
[63, 98]
[64, 65]
[64, 100]
[64, 99]
[65, 66]
[65, 31]
[65, 100]
[70, 106]
[72, 73]
[72, 108]
[72, 107]
[73, 109]
[73, 108]
[78, 79]
[78, 44]
[78, 114]
[79, 45]
[79, 114]
[81, 82]
[81, 47]
[81, 116]
[82, 83]
[82, 48]
[83, 84]
[83, 49]
[84, 85]
[85, 51]
[85, 121]
[88, 54]
[88, 124]
[88, 123]
[91, 57]
[91, 127]
[91, 126]
[93, 94]
[93, 59]
[93, 129]
[94, 95]
[94, 60]
[94, 130]
[94, 129]
[95, 96]
[95, 61]
[95, 131]
[95, 130]
[96, 62]
[96, 132]
[96, 131]
[98, 99]
[98, 64]
[98, 134]
[98, 133]
[99, 100]
[99, 65]
[99, 135]
[99, 134]
[100, 66]
[100, 135]
[103, 138]
[106, 107]
[106, 72]
[106, 142]
[106, 141]
[107, 108]
[107, 73]
[107, 142]
[108, 109]
[109, 75]
[112, 78]
[112, 148]
[112, 147]
[114, 150]
[114, 149]
[116, 82]
[116, 152]
[121, 157]
[123, 124]
[123, 159]
[123, 158]
[124, 125]
[124, 160]
[124, 159]
[125, 126]
[125, 91]
[125, 161]
[125, 160]
[126, 127]
[126, 162]
[126, 161]
[127, 93]
[127, 163]
[127, 162]
[129, 130]
[129, 95]
[130, 131]
[130, 96]
[130, 166]
[131, 132]
[131, 167]
[131, 166]
[132, 133]
[132, 98]
[132, 167]
[133, 134]
[133, 99]
[134, 135]
[134, 100]
[138, 173]
[140, 141]
[140, 106]
[141, 142]
[141, 107]
[142, 108]
[142, 178]
[146, 147]
[146, 112]
[146, 182]
[147, 148]
[147, 182]
[148, 149]
[148, 114]
[148, 184]
[149, 150]
[149, 184]
[150, 116]
[152, 187]
[155, 121]
[155, 191]
[155, 190]
[157, 158]
[157, 123]
[158, 159]
[158, 124]
[158, 194]
[159, 160]
[159, 125]
[159, 194]
[160, 161]
[160, 126]
[160, 196]
[161, 162]
[161, 127]
[161, 197]
[161, 196]
[162, 163]
[162, 197]
[163, 129]
[166, 167]
[166, 132]
[166, 202]
[167, 133]
[167, 202]
[173, 209]
[178, 214]
[178, 213]
[182, 148]
[182, 218]
[184, 150]
[184, 220]
[184, 219]
[187, 223]
[190, 191]
[190, 225]
[191, 157]
[191, 227]
[194, 160]
[194, 230]
[194, 229]
[196, 197]
[196, 162]
[196, 232]
[196, 231]
[197, 163]
[197, 232]
[200, 166]
[200, 236]
[200, 235]
[202, 238]
[202, 237]
[204, 205]
[204, 239]
[209, 244]
[213, 214]
[218, 219]
[218, 184]
[219, 220]
[220, 221]
[221, 187]
[223, 224]
[224, 225]
[224, 190]
[225, 191]
[227, 228]
[228, 229]
[228, 194]
[229, 230]
[230, 231]
[230, 196]
[231, 232]
[231, 197]
[234, 235]
[234, 200]
[235, 236]
[236, 237]
[236, 202]
[237, 238]
[238, 239]
[238, 204]
[239, 205]
[242, 243]
[243, 244]
[243, 209]
