[1, 37]
[1, 36]
[3, 39]
[3, 38]
[8, 9]
[8, 44]
[8, 43]
[9, 10]
[9, 45]
[9, 44]
[10, 11]
[10, 46]
[10, 45]
[11, 47]
[11, 46]
[17, 53]
[17, 52]
[21, 22]
[21, 56]
[22, 23]
[23, 59]
[26, 61]
[28, 63]
[30, 31]
[30, 65]
[33, 34]
[36, 37]
[37, 38]
[37, 3]
[38, 39]
[38, 74]
[39, 40]
[39, 74]
[42, 43]
[42, 8]
[42, 78]
[43, 44]
[43, 9]
[43, 79]
[43, 78]
[44, 45]
[44, 10]
[44, 79]
[45, 46]
[45, 11]
[45, 81]
[46, 47]
[46, 82]
[46, 81]
[47, 82]
[50, 85]
[52, 53]
[52, 88]
[52, 87]
[53, 89]
[53, 88]
[56, 22]
[56, 91]
[59, 60]
[60, 61]
[60, 26]
[60, 96]
[61, 96]
[63, 99]
[65, 31]
[70, 36]
[70, 106]
[70, 105]
[74, 40]
[78, 79]
[78, 44]
[79, 45]
[81, 82]
[81, 47]
[81, 116]
[82, 118]
[85, 120]
[87, 88]
[87, 53]
[87, 122]
[88, 89]
[88, 124]
[89, 90]
[89, 125]
[89, 124]
[90, 91]
[90, 56]
[90, 125]
[99, 65]
[99, 134]
[105, 106]
[105, 141]
[105, 140]
[106, 107]
[106, 141]
[107, 108]
[108, 74]
[108, 144]
[111, 146]
[116, 82]
[116, 152]
[116, 151]
[122, 88]
[122, 158]
[124, 125]
[124, 90]
[124, 159]
[125, 91]
[125, 161]
[130, 96]
[130, 166]
[134, 170]
[140, 141]
[140, 106]
[140, 176]
[141, 107]
[141, 177]
[141, 176]
[144, 180]
[146, 182]
[149, 150]
[150, 151]
[150, 116]
[151, 152]
[152, 118]
[152, 188]
[158, 159]
[158, 124]
[158, 193]
[159, 125]
[159, 195]
[161, 162]
[162, 163]
[162, 198]
[163, 198]
[166, 167]
[170, 206]
[170, 205]
[172, 173]
[172, 208]
[173, 174]
[173, 208]
[176, 177]
[176, 211]
[177, 178]
[177, 213]
[178, 144]
[178, 213]
[180, 146]
[180, 216]
[182, 218]
[188, 189]
[188, 223]
[189, 225]
[191, 192]
[191, 226]
[192, 193]
[192, 158]
[193, 159]
[195, 161]
[200, 166]
[200, 236]
[205, 206]
[206, 172]
[208, 174]
[208, 243]
[211, 177]
[216, 182]
[223, 189]
[225, 226]
[225, 191]
[226, 192]
