[8, 9]
[8, 44]
[9, 44]
[16, 17]
[16, 52]
[17, 52]
[20, 55]
[26, 61]
[32, 33]
[33, 69]
[44, 80]
[54, 55]
[54, 20]
[54, 90]
[54, 89]
[55, 90]
[61, 97]
[64, 100]
[64, 99]
[66, 32]
[69, 104]
[72, 108]
[75, 41]
[80, 81]
[80, 115]
[89, 90]
[89, 55]
[90, 126]
[94, 130]
[94, 129]
[97, 98]
[98, 99]
[98, 64]
[99, 100]
[99, 135]
[100, 66]
[100, 135]
[103, 104]
[103, 69]
[105, 106]
[105, 141]
[105, 140]
[106, 72]
[106, 141]
[108, 109]
[108, 143]
[109, 75]
[109, 145]
[112, 148]
[112, 147]
[115, 81]
[115, 150]
[123, 89]
[126, 92]
[126, 161]
[129, 130]
[129, 165]
[129, 164]
[130, 131]
[130, 165]
[131, 97]
[131, 167]
[137, 103]
[137, 172]
[140, 141]
[140, 106]
[141, 177]
[143, 109]
[145, 180]
[147, 148]
[147, 182]
[150, 185]
[152, 153]
[152, 188]
[152, 187]
[153, 119]
[153, 188]
[163, 164]
[163, 129]
[164, 165]
[164, 130]
[164, 200]
[165, 131]
[165, 200]
[167, 203]
[172, 207]
[177, 143]
[177, 213]
[180, 216]
[180, 215]
[182, 148]
[182, 218]
[187, 188]
[187, 153]
[187, 223]
[187, 222]
[188, 224]
[188, 223]
[191, 227]
[191, 226]
[193, 194]
[193, 229]
[194, 230]
[194, 229]
[203, 204]
[204, 205]
[207, 243]
[215, 216]
[216, 182]
[222, 223]
[222, 188]
[223, 224]
[224, 225]
[225, 226]
[225, 191]
[226, 227]
[227, 193]
[229, 230]
[230, 231]
[233, 234]
[234, 200]
[237, 203]
[243, 244]
