[0, 1]
[0, 36]
[0, 35]
[1, 2]
[1, 36]
[7, 42]
[9, 10]
[9, 45]
[9, 44]
[10, 11]
[10, 46]
[10, 45]
[11, 12]
[11, 46]
[12, 13]
[13, 14]
[14, 50]
[21, 22]
[22, 23]
[22, 58]
[23, 59]
[23, 58]
[26, 27]
[26, 62]
[26, 61]
[27, 62]
[32, 33]
[33, 34]
[33, 69]
[34, 69]
[35, 36]
[35, 1]
[35, 71]
[35, 70]
[36, 2]
[36, 71]
[40, 41]
[40, 75]
[41, 42]
[41, 7]
[44, 45]
[44, 10]
[44, 80]
[45, 46]
[45, 11]
[45, 80]
[46, 12]
[50, 16]
[50, 85]
[53, 19]
[53, 89]
[58, 59]
[59, 60]
[60, 61]
[60, 26]
[60, 96]
[61, 62]
[61, 27]
[61, 96]
[62, 98]
[70, 71]
[70, 36]
[70, 106]
[71, 106]
[75, 41]
[80, 46]
[80, 115]
[84, 85]
[84, 50]
[84, 119]
[87, 53]
[87, 123]
[87, 122]
[89, 90]
[89, 125]
[90, 125]
[96, 62]
[98, 133]
[100, 101]
[100, 136]
[101, 137]
[101, 136]
[106, 141]
[112, 148]
[112, 147]
[114, 115]
[114, 80]
[114, 150]
[115, 151]
[115, 150]
[119, 85]
[122, 123]
[123, 89]
[125, 160]
[133, 169]
[136, 137]
[137, 138]
[137, 173]
[138, 139]
[138, 174]
[138, 173]
[139, 174]
[140, 141]
[140, 106]
[147, 148]
[147, 183]
[148, 114]
[148, 184]
[148, 183]
[150, 151]
[150, 185]
[151, 117]
[151, 187]
[156, 122]
[156, 192]
[160, 195]
[162, 163]
[162, 197]
[163, 199]
[167, 133]
[167, 202]
[169, 170]
[170, 136]
[170, 206]
[173, 174]
[173, 139]
[178, 179]
[179, 180]
[179, 215]
[180, 216]
[180, 215]
[183, 184]
[183, 218]
[184, 185]
[184, 150]
[185, 151]
[187, 223]
[192, 193]
[192, 228]
[193, 229]
[193, 228]
[197, 163]
[197, 232]
[199, 200]
[199, 235]
[199, 234]
[200, 236]
[200, 235]
[206, 207]
[206, 241]
[207, 173]
[215, 216]
[216, 217]
[217, 218]
[217, 183]
[218, 184]
[226, 192]
[228, 229]
[229, 195]
[234, 235]
[234, 200]
[235, 236]
[236, 202]
[240, 241]
[240, 206]
[241, 207]
