[3, 39]
[3, 38]
[6, 7]
[7, 43]
[15, 16]
[16, 17]
[21, 56]
[25, 26]
[25, 60]
[26, 62]
[32, 33]
[32, 68]
[32, 67]
[33, 34]
[33, 68]
[35, 71]
[37, 38]
[37, 3]
[37, 73]
[38, 39]
[38, 74]
[38, 73]
[39, 40]
[39, 74]
[40, 6]
[40, 76]
[43, 44]
[44, 10]
[49, 15]
[49, 85]
[55, 56]
[55, 21]
[55, 91]
[56, 91]
[60, 26]
[60, 95]
[62, 98]
[62, 97]
[67, 68]
[67, 33]
[67, 102]
[68, 34]
[71, 37]
[73, 74]
[73, 39]
[74, 40]
[76, 112]
[76, 111]
[85, 120]
[91, 126]
[93, 129]
[97, 98]
[98, 99]
[99, 135]
[102, 68]
[102, 138]
[102, 137]
[105, 71]
[105, 140]
[111, 112]
[111, 147]
[112, 148]
[112, 147]
[115, 116]
[124, 125]
[124, 160]
[124, 159]
[125, 126]
[125, 91]
[125, 160]
[129, 95]
[129, 164]
[137, 138]
[137, 172]
[140, 176]
[144, 179]
[147, 148]
[147, 182]
[148, 184]
[153, 154]
[153, 189]
[154, 120]
[154, 189]
[159, 160]
[159, 125]
[159, 195]
[159, 194]
[160, 126]
[160, 196]
[160, 195]
[163, 164]
[163, 129]
[164, 200]
[166, 167]
[166, 202]
[167, 168]
[167, 203]
[167, 202]
[168, 169]
[168, 204]
[168, 203]
[169, 135]
[169, 205]
[169, 204]
[172, 138]
[172, 208]
[172, 207]
[176, 211]
[178, 179]
[178, 144]
[181, 182]
[181, 147]
[181, 217]
[182, 148]
[182, 217]
[192, 228]
[192, 227]
[194, 195]
[194, 160]
[195, 196]
[195, 231]
[196, 231]
[200, 166]
[200, 235]
[202, 203]
[202, 168]
[202, 238]
[203, 204]
[203, 169]
[203, 238]
[204, 205]
[207, 208]
[208, 244]
[222, 223]
[223, 189]
[226, 227]
[226, 192]
[227, 228]
[228, 194]
[238, 204]
