[1, 2]
[1, 37]
[1, 36]
[2, 38]
[2, 37]
[6, 7]
[7, 8]
[7, 43]
[8, 9]
[8, 43]
[9, 10]
[10, 11]
[11, 12]
[11, 47]
[12, 48]
[12, 47]
[14, 15]
[14, 50]
[14, 49]
[15, 50]
[17, 18]
[17, 53]
[18, 19]
[18, 54]
[18, 53]
[19, 55]
[19, 54]
[21, 57]
[23, 24]
[23, 59]
[24, 25]
[24, 59]
[27, 28]
[28, 64]
[30, 31]
[30, 65]
[31, 32]
[36, 37]
[36, 2]
[36, 71]
[37, 38]
[37, 73]
[38, 39]
[38, 74]
[38, 73]
[39, 40]
[39, 74]
[40, 6]
[40, 76]
[43, 9]
[47, 48]
[48, 49]
[48, 14]
[48, 84]
[49, 50]
[49, 15]
[49, 85]
[49, 84]
[50, 85]
[53, 54]
[53, 19]
[53, 88]
[54, 55]
[54, 90]
[55, 21]
[55, 91]
[55, 90]
[57, 23]
[57, 93]
[57, 92]
[59, 25]
[59, 94]
[64, 65]
[64, 30]
[64, 99]
[65, 31]
[70, 71]
[70, 36]
[70, 106]
[71, 37]
[71, 107]
[71, 106]
[73, 74]
[73, 39]
[73, 108]
[74, 40]
[74, 110]
[76, 77]
[76, 112]
[76, 111]
[77, 43]
[77, 112]
[80, 116]
[80, 115]
[84, 85]
[84, 50]
[84, 119]
[85, 121]
[87, 88]
[87, 53]
[87, 123]
[87, 122]
[88, 54]
[88, 123]
[90, 91]
[90, 126]
[91, 92]
[91, 57]
[91, 126]
[92, 93]
[93, 94]
[93, 59]
[94, 130]
[99, 65]
[99, 134]
[103, 104]
[103, 139]
[103, 138]
[104, 139]
[106, 107]
[107, 108]
[107, 73]
[107, 143]
[108, 74]
[108, 143]
[110, 111]
[110, 76]
[110, 146]
[110, 145]
[111, 112]
[111, 77]
[111, 146]
[114, 115]
[114, 80]
[114, 149]
[115, 116]
[116, 117]
[117, 153]
[119, 85]
[119, 155]
[121, 122]
[121, 87]
[121, 156]
[122, 123]
[122, 88]
[122, 158]
[123, 159]
[123, 158]
[126, 92]
[126, 162]
[130, 166]
[130, 165]
[134, 170]
[136, 137]
[136, 172]
[137, 138]
[137, 103]
[137, 173]
[137, 172]
[138, 139]
[138, 104]
[138, 174]
[138, 173]
[139, 174]
[140, 106]
[140, 176]
[143, 179]
[145, 146]
[145, 111]
[145, 181]
[145, 180]
[146, 112]
[146, 182]
[146, 181]
[149, 115]
[149, 185]
[149, 184]
[153, 119]
[153, 189]
[155, 156]
[155, 121]
[155, 191]
[156, 122]
[156, 192]
[156, 191]
[158, 159]
[158, 194]
[158, 193]
[159, 160]
[159, 195]
[159, 194]
[160, 126]
[160, 196]
[160, 195]
[162, 197]
[164, 165]
[164, 130]
[164, 200]
[165, 166]
[165, 200]
[166, 167]
[166, 202]
[167, 168]
[167, 203]
[167, 202]
[168, 134]
[168, 203]
[170, 136]
[170, 206]
[172, 173]
[172, 138]
[172, 208]
[173, 174]
[173, 139]
[173, 209]
[173, 208]
[174, 209]
[176, 212]
[176, 211]
[179, 180]
[179, 145]
[179, 215]
[179, 214]
[180, 181]
[180, 146]
[180, 216]
[180, 215]
[181, 182]
[181, 216]
[182, 183]
[182, 218]
[183, 184]
[183, 149]
[183, 219]
[183, 218]
[184, 185]
[184, 220]
[184, 219]
[185, 186]
[185, 221]
[185, 220]
[186, 222]
[186, 221]
[189, 155]
[189, 224]
[191, 192]
[191, 227]
[191, 226]
[192, 193]
[192, 158]
[192, 227]
[193, 194]
[193, 159]
[193, 229]
[194, 195]
[194, 160]
[194, 230]
[194, 229]
[195, 196]
[195, 230]
[196, 197]
[196, 162]
[200, 166]
[200, 235]
[202, 203]
[202, 168]
[202, 238]
[203, 239]
[203, 238]
[206, 172]
[206, 241]
[208, 209]
[208, 174]
[208, 244]
[208, 243]
[209, 244]
[210, 211]
[210, 176]
[211, 212]
[212, 213]
[213, 214]
[213, 179]
[214, 215]
[214, 180]
[215, 216]
[215, 181]
[216, 182]
[218, 219]
[218, 184]
[219, 220]
[219, 185]
[220, 221]
[220, 186]
[221, 222]
[222, 223]
[223, 224]
[223, 189]
[226, 227]
[226, 192]
[227, 193]
[229, 230]
[229, 195]
[230, 196]
[234, 235]
[234, 200]
[238, 239]
[239, 240]
[240, 241]
[240, 206]
[243, 244]
[243, 209]
