[0, 1]
[0, 36]
[1, 36]
[4, 5]
[4, 40]
[5, 41]
[5, 40]
[10, 46]
[10, 45]
[12, 48]
[15, 16]
[15, 50]
[18, 19]
[19, 20]
[20, 56]
[23, 58]
[29, 30]
[29, 65]
[29, 64]
[30, 31]
[30, 65]
[31, 32]
[32, 33]
[32, 68]
[33, 34]
[33, 69]
[33, 68]
[34, 69]
[36, 71]
[40, 41]
[40, 76]
[41, 42]
[41, 77]
[41, 76]
[42, 8]
[42, 78]
[42, 77]
[45, 46]
[45, 80]
[46, 12]
[50, 16]
[56, 91]
[58, 94]
[60, 61]
[64, 65]
[64, 30]
[64, 100]
[64, 99]
[65, 31]
[65, 100]
[68, 69]
[68, 34]
[71, 107]
[71, 106]
[76, 77]
[76, 42]
[76, 112]
[76, 111]
[77, 78]
[77, 113]
[77, 112]
[78, 79]
[78, 114]
[78, 113]
[79, 80]
[79, 45]
[79, 115]
[79, 114]
[80, 46]
[80, 115]
[87, 88]
[87, 123]
[88, 124]
[88, 123]
[90, 91]
[90, 56]
[90, 126]
[91, 127]
[91, 126]
[94, 60]
[94, 130]
[94, 129]
[99, 100]
[99, 65]
[99, 134]
[102, 68]
[102, 137]
[105, 106]
[105, 71]
[106, 107]
[106, 142]
[107, 108]
[107, 142]
[111, 112]
[111, 77]
[111, 147]
[111, 146]
[112, 113]
[112, 78]
[112, 148]
[112, 147]
[113, 114]
[113, 79]
[113, 148]
[114, 115]
[114, 80]
[119, 120]
[120, 121]
[120, 156]
[121, 87]
[121, 156]
[123, 124]
[124, 90]
[126, 127]
[126, 162]
[126, 161]
[127, 128]
[127, 163]
[127, 162]
[128, 129]
[128, 94]
[128, 164]
[128, 163]
[129, 130]
[129, 165]
[129, 164]
[130, 131]
[130, 165]
[131, 132]
[131, 167]
[132, 133]
[132, 168]
[132, 167]
[133, 134]
[133, 99]
[133, 169]
[133, 168]
[134, 100]
[134, 170]
[134, 169]
[137, 172]
[139, 174]
[142, 108]
[142, 177]
[145, 146]
[145, 111]
[146, 147]
[146, 112]
[146, 182]
[147, 148]
[147, 113]
[147, 182]
[148, 114]
[156, 192]
[156, 191]
[161, 162]
[161, 127]
[161, 197]
[161, 196]
[162, 163]
[162, 128]
[162, 197]
[163, 164]
[163, 129]
[164, 165]
[164, 130]
[164, 200]
[165, 131]
[165, 200]
[167, 168]
[167, 133]
[167, 203]
[168, 169]
[168, 134]
[168, 203]
[169, 170]
[169, 205]
[170, 206]
[170, 205]
[175, 176]
[175, 211]
[175, 210]
[176, 177]
[176, 142]
[176, 212]
[176, 211]
[177, 212]
[179, 145]
[179, 214]
[182, 148]
[185, 186]
[185, 221]
[186, 152]
[186, 222]
[186, 221]
[191, 192]
[192, 228]
[196, 197]
[196, 162]
[197, 163]
[197, 233]
[200, 236]
[200, 235]
[203, 169]
[205, 206]
[205, 241]
[206, 172]
[206, 242]
[206, 241]
[210, 211]
[210, 176]
[211, 212]
[211, 177]
[221, 222]
[228, 194]
[235, 236]
[241, 242]
