[0, 36]
[0, 35]
[4, 39]
[7, 8]
[7, 43]
[8, 9]
[8, 43]
[9, 10]
[10, 11]
[13, 14]
[13, 49]
[14, 15]
[14, 50]
[14, 49]
[15, 50]
[17, 18]
[17, 52]
[18, 19]
[19, 55]
[26, 62]
[34, 69]
[35, 36]
[35, 70]
[39, 75]
[39, 74]
[41, 7]
[43, 9]
[43, 79]
[43, 78]
[49, 50]
[49, 15]
[49, 85]
[49, 84]
[50, 85]
[52, 18]
[52, 88]
[52, 87]
[55, 56]
[55, 91]
[56, 22]
[56, 91]
[60, 26]
[60, 96]
[60, 95]
[62, 98]
[62, 97]
[65, 66]
[65, 101]
[65, 100]
[66, 101]
[68, 69]
[68, 34]
[68, 104]
[69, 104]
[70, 36]
[73, 74]
[73, 39]
[73, 109]
[74, 75]
[74, 110]
[74, 109]
[75, 41]
[75, 110]
[78, 79]
[78, 113]
[79, 80]
[80, 81]
[80, 116]
[81, 116]
[84, 85]
[84, 50]
[84, 120]
[85, 120]
[87, 88]
[88, 89]
[89, 55]
[91, 126]
[94, 95]
[94, 60]
[94, 130]
[95, 96]
[95, 130]
[96, 97]
[96, 62]
[97, 98]
[98, 134]
[100, 101]
[100, 66]
[100, 136]
[100, 135]
[101, 137]
[101, 136]
[104, 139]
[107, 73]
[109, 110]
[109, 75]
[110, 146]
[112, 113]
[112, 78]
[112, 148]
[113, 79]
[113, 148]
[116, 151]
[128, 94]
[128, 164]
[130, 96]
[130, 166]
[134, 135]
[134, 100]
[135, 136]
[135, 101]
[136, 137]
[141, 107]
[146, 112]
[148, 184]
[148, 183]
[150, 151]
[150, 116]
[153, 154]
[153, 188]
[154, 120]
[154, 190]
[158, 194]
[158, 193]
[164, 130]
[164, 199]
[166, 202]
[166, 201]
[168, 134]
[168, 204]
[175, 141]
[178, 214]
[178, 213]
[180, 146]
[180, 215]
[183, 184]
[183, 219]
[183, 218]
[184, 150]
[184, 219]
[188, 154]
[188, 223]
[190, 191]
[190, 226]
[190, 225]
[191, 226]
[193, 194]
[193, 228]
[194, 195]
[195, 196]
[195, 231]
[196, 197]
[196, 231]
[197, 233]
[201, 202]
[201, 237]
[202, 168]
[202, 237]
[204, 205]
[204, 240]
[205, 206]
[205, 240]
[206, 242]
[208, 243]
[213, 214]
[214, 215]
[214, 180]
[217, 218]
[217, 183]
[218, 219]
[218, 184]
[221, 222]
[222, 223]
[222, 188]
[225, 226]
[225, 191]
[228, 194]
[231, 197]
[233, 199]
[240, 206]
[242, 243]
[242, 208]
