[7, 43]
[7, 42]
[11, 47]
[11, 46]
[13, 48]
[15, 16]
[15, 51]
[15, 50]
[16, 17]
[16, 52]
[16, 51]
[17, 18]
[17, 53]
[17, 52]
[18, 53]
[20, 56]
[22, 23]
[22, 57]
[23, 24]
[24, 60]
[28, 29]
[28, 63]
[29, 30]
[30, 31]
[31, 32]
[31, 67]
[32, 67]
[35, 71]
[40, 75]
[42, 43]
[43, 9]
[46, 47]
[46, 82]
[47, 48]
[47, 13]
[47, 83]
[47, 82]
[48, 83]
[50, 51]
[50, 16]
[51, 52]
[51, 17]
[52, 53]
[52, 18]
[52, 88]
[53, 89]
[53, 88]
[56, 57]
[56, 22]
[57, 23]
[60, 26]
[60, 96]
[63, 29]
[67, 103]
[71, 107]
[74, 75]
[74, 40]
[74, 109]
[75, 111]
[82, 83]
[82, 48]
[82, 118]
[82, 117]
[83, 119]
[83, 118]
[88, 89]
[88, 123]
[89, 125]
[100, 101]
[100, 136]
[100, 135]
[101, 67]
[101, 136]
[103, 104]
[103, 139]
[104, 139]
[105, 71]
[105, 140]
[107, 108]
[108, 109]
[108, 74]
[108, 144]
[109, 75]
[109, 144]
[111, 112]
[111, 147]
[112, 147]
[115, 116]
[115, 151]
[115, 150]
[116, 117]
[116, 82]
[116, 152]
[116, 151]
[117, 118]
[117, 83]
[117, 153]
[117, 152]
[118, 119]
[118, 154]
[118, 153]
[119, 120]
[119, 155]
[119, 154]
[120, 121]
[120, 155]
[121, 157]
[123, 89]
[123, 159]
[123, 158]
[125, 126]
[125, 161]
[125, 160]
[126, 127]
[126, 161]
[127, 163]
[130, 96]
[130, 166]
[134, 135]
[134, 100]
[134, 170]
[135, 136]
[135, 101]
[135, 170]
[140, 175]
[144, 179]
[147, 183]
[150, 151]
[150, 116]
[150, 186]
[151, 152]
[151, 117]
[151, 187]
[151, 186]
[152, 153]
[152, 118]
[152, 188]
[152, 187]
[153, 154]
[153, 119]
[153, 188]
[154, 155]
[154, 120]
[154, 190]
[155, 121]
[155, 190]
[157, 158]
[157, 123]
[157, 193]
[157, 192]
[158, 159]
[158, 193]
[159, 160]
[159, 125]
[160, 161]
[160, 126]
[161, 127]
[161, 197]
[163, 164]
[163, 199]
[163, 198]
[164, 130]
[164, 199]
[166, 167]
[166, 201]
[167, 168]
[167, 203]
[168, 134]
[168, 204]
[168, 203]
[170, 136]
[175, 210]
[177, 178]
[177, 213]
[177, 212]
[178, 179]
[178, 144]
[178, 213]
[179, 215]
[183, 184]
[184, 150]
[186, 187]
[186, 152]
[186, 221]
[187, 188]
[187, 153]
[187, 223]
[188, 154]
[188, 224]
[188, 223]
[190, 226]
[192, 193]
[192, 158]
[193, 159]
[197, 198]
[197, 163]
[197, 233]
[198, 199]
[198, 164]
[198, 234]
[198, 233]
[199, 234]
[201, 167]
[201, 237]
[201, 236]
[203, 204]
[203, 239]
[203, 238]
[204, 170]
[204, 239]
[207, 208]
[207, 243]
[208, 209]
[208, 244]
[208, 243]
[209, 244]
[212, 213]
[212, 178]
[213, 179]
[221, 187]
[223, 224]
[224, 190]
[226, 192]
[231, 197]
[233, 234]
[233, 199]
[236, 237]
[237, 238]
[237, 203]
[238, 239]
[238, 204]
[243, 244]
[243, 209]
