[3, 4]
[3, 39]
[3, 38]
[4, 39]
[7, 8]
[7, 43]
[7, 42]
[8, 44]
[8, 43]
[10, 45]
[12, 13]
[12, 48]
[13, 14]
[13, 49]
[13, 48]
[14, 50]
[14, 49]
[16, 52]
[16, 51]
[21, 22]
[21, 57]
[22, 58]
[22, 57]
[25, 60]
[27, 62]
[29, 64]
[32, 33]
[32, 68]
[33, 69]
[33, 68]
[37, 38]
[37, 3]
[38, 39]
[38, 4]
[39, 75]
[41, 42]
[41, 7]
[41, 76]
[42, 43]
[42, 8]
[43, 44]
[43, 79]
[44, 45]
[44, 10]
[44, 79]
[48, 49]
[48, 14]
[48, 84]
[49, 50]
[49, 85]
[49, 84]
[50, 51]
[50, 16]
[50, 86]
[50, 85]
[51, 52]
[51, 86]
[52, 18]
[55, 21]
[55, 90]
[57, 58]
[57, 93]
[57, 92]
[58, 94]
[58, 93]
[60, 96]
[62, 98]
[62, 97]
[64, 100]
[64, 99]
[66, 32]
[66, 102]
[66, 101]
[68, 69]
[68, 104]
[69, 104]
[70, 71]
[70, 105]
[71, 37]
[75, 76]
[75, 41]
[75, 111]
[75, 110]
[76, 42]
[76, 112]
[76, 111]
[79, 45]
[79, 115]
[79, 114]
[82, 48]
[82, 118]
[84, 85]
[84, 50]
[84, 119]
[85, 86]
[85, 51]
[86, 52]
[86, 122]
[90, 126]
[92, 93]
[92, 58]
[92, 128]
[93, 94]
[93, 129]
[93, 128]
[94, 60]
[94, 130]
[94, 129]
[96, 97]
[96, 62]
[96, 132]
[96, 131]
[97, 98]
[97, 133]
[97, 132]
[98, 99]
[98, 64]
[98, 133]
[99, 100]
[100, 101]
[100, 66]
[100, 136]
[101, 102]
[101, 137]
[101, 136]
[102, 68]
[102, 137]
[104, 139]
[105, 71]
[110, 111]
[110, 76]
[110, 145]
[111, 112]
[111, 147]
[112, 148]
[112, 147]
[114, 115]
[114, 150]
[114, 149]
[115, 151]
[115, 150]
[118, 119]
[118, 84]
[118, 153]
[119, 85]
[122, 123]
[123, 124]
[123, 159]
[124, 90]
[124, 159]
[126, 92]
[126, 162]
[128, 129]
[128, 94]
[129, 130]
[130, 131]
[130, 96]
[130, 166]
[131, 132]
[131, 97]
[131, 167]
[131, 166]
[132, 133]
[132, 98]
[132, 167]
[133, 99]
[133, 169]
[136, 137]
[136, 102]
[136, 172]
[137, 173]
[137, 172]
[144, 145]
[144, 110]
[144, 180]
[145, 111]
[145, 181]
[145, 180]
[147, 148]
[147, 182]
[148, 149]
[148, 114]
[148, 184]
[149, 150]
[149, 115]
[149, 185]
[149, 184]
[150, 151]
[150, 186]
[150, 185]
[151, 186]
[153, 119]
[153, 189]
[153, 188]
[162, 128]
[162, 198]
[166, 167]
[166, 132]
[166, 202]
[167, 133]
[167, 202]
[169, 170]
[169, 205]
[169, 204]
[170, 136]
[170, 205]
[172, 173]
[172, 208]
[172, 207]
[173, 139]
[173, 208]
[175, 176]
[175, 211]
[175, 210]
[176, 177]
[176, 212]
[176, 211]
[177, 178]
[177, 212]
[178, 144]
[178, 214]
[180, 181]
[180, 215]
[181, 182]
[181, 147]
[182, 148]
[182, 218]
[184, 185]
[184, 150]
[184, 220]
[185, 186]
[185, 151]
[185, 221]
[185, 220]
[186, 222]
[186, 221]
[188, 189]
[189, 225]
[198, 199]
[202, 237]
[204, 205]
[204, 170]
[204, 239]
[207, 208]
[207, 173]
[207, 243]
[208, 244]
[208, 243]
[210, 211]
[210, 176]
[211, 212]
[211, 177]
[212, 178]
[214, 215]
[214, 180]
[215, 181]
[218, 184]
[220, 221]
[220, 186]
[221, 222]
[222, 188]
[225, 191]
[230, 231]
[231, 232]
[232, 198]
[239, 205]
[243, 244]
