[0, 36]
[0, 35]
[4, 5]
[4, 40]
[5, 40]
[9, 45]
[11, 12]
[12, 48]
[14, 49]
[19, 20]
[19, 54]
[20, 56]
[26, 61]
[32, 33]
[35, 36]
[36, 72]
[40, 76]
[45, 11]
[48, 49]
[48, 14]
[54, 20]
[60, 61]
[60, 26]
[60, 96]
[60, 95]
[61, 96]
[64, 30]
[64, 100]
[74, 40]
[76, 112]
[78, 114]
[82, 48]
[94, 95]
[94, 60]
[95, 96]
[95, 61]
[98, 64]
[100, 101]
[100, 136]
[101, 136]
[103, 104]
[105, 106]
[106, 72]
[106, 142]
[112, 78]
[112, 147]
[126, 162]
[136, 172]
[142, 178]
[144, 180]
[144, 179]
[147, 183]
[152, 188]
[154, 189]
[160, 126]
[162, 163]
[163, 199]
[166, 167]
[167, 168]
[168, 169]
[169, 205]
[172, 207]
[178, 179]
[178, 144]
[178, 214]
[178, 213]
[179, 180]
[179, 214]
[180, 216]
[186, 152]
[186, 221]
[188, 189]
[188, 154]
[191, 192]
[191, 226]
[192, 228]
[199, 200]
[200, 166]
[205, 241]
[205, 240]
[207, 243]
[207, 242]
[209, 244]
[213, 214]
[213, 179]
[214, 180]
[226, 192]
[239, 240]
[239, 205]
[240, 241]
[241, 242]
[241, 207]
[242, 243]
[243, 244]
[243, 209]
