[1, 2]
[1, 37]
[1, 36]
[2, 37]
[4, 5]
[4, 40]
[5, 6]
[5, 40]
[6, 42]
[11, 47]
[13, 48]
[15, 16]
[16, 17]
[16, 52]
[17, 52]
[22, 23]
[22, 58]
[22, 57]
[23, 24]
[23, 59]
[23, 58]
[24, 25]
[24, 60]
[24, 59]
[25, 26]
[25, 60]
[28, 29]
[28, 64]
[28, 63]
[29, 30]
[29, 65]
[29, 64]
[30, 66]
[30, 65]
[32, 33]
[32, 67]
[33, 34]
[36, 37]
[36, 2]
[37, 73]
[40, 6]
[42, 77]
[47, 48]
[47, 13]
[47, 83]
[48, 83]
[52, 88]
[52, 87]
[54, 20]
[54, 90]
[54, 89]
[57, 58]
[57, 23]
[58, 59]
[58, 24]
[58, 94]
[59, 60]
[59, 25]
[59, 94]
[60, 26]
[60, 96]
[63, 64]
[63, 29]
[63, 99]
[63, 98]
[64, 65]
[64, 30]
[64, 99]
[65, 66]
[66, 67]
[66, 32]
[66, 102]
[67, 33]
[67, 103]
[67, 102]
[70, 36]
[70, 106]
[70, 105]
[73, 109]
[77, 112]
[80, 81]
[80, 115]
[81, 47]
[83, 119]
[85, 86]
[85, 120]
[86, 87]
[86, 52]
[87, 88]
[88, 89]
[88, 54]
[88, 124]
[89, 90]
[89, 125]
[89, 124]
[90, 91]
[90, 126]
[90, 125]
[91, 57]
[91, 127]
[91, 126]
[94, 60]
[94, 129]
[96, 97]
[96, 132]
[97, 98]
[97, 63]
[97, 133]
[97, 132]
[98, 99]
[98, 64]
[98, 133]
[99, 65]
[102, 103]
[102, 138]
[102, 137]
[103, 104]
[103, 138]
[105, 106]
[105, 141]
[105, 140]
[106, 142]
[106, 141]
[109, 145]
[111, 112]
[111, 77]
[111, 147]
[111, 146]
[112, 148]
[112, 147]
[114, 115]
[114, 80]
[115, 81]
[119, 120]
[119, 85]
[119, 154]
[120, 86]
[124, 125]
[124, 90]
[124, 160]
[124, 159]
[125, 126]
[125, 91]
[125, 161]
[125, 160]
[126, 127]
[126, 161]
[127, 163]
[129, 165]
[132, 133]
[132, 98]
[132, 168]
[133, 99]
[133, 169]
[133, 168]
[136, 137]
[136, 102]
[136, 172]
[136, 171]
[137, 138]
[137, 103]
[137, 172]
[138, 104]
[138, 174]
[140, 141]
[140, 106]
[140, 175]
[141, 142]
[142, 178]
[145, 146]
[145, 111]
[145, 181]
[145, 180]
[146, 147]
[146, 112]
[146, 181]
[147, 148]
[147, 183]
[148, 114]
[148, 184]
[148, 183]
[154, 120]
[154, 190]
[157, 193]
[159, 160]
[159, 125]
[159, 194]
[160, 161]
[160, 126]
[160, 196]
[161, 127]
[161, 197]
[161, 196]
[163, 129]
[163, 199]
[165, 166]
[165, 200]
[166, 132]
[168, 169]
[169, 170]
[169, 205]
[170, 171]
[170, 136]
[170, 206]
[170, 205]
[171, 172]
[171, 137]
[171, 207]
[171, 206]
[172, 138]
[172, 207]
[174, 209]
[175, 141]
[178, 214]
[180, 181]
[180, 146]
[180, 216]
[181, 147]
[181, 217]
[181, 216]
[183, 184]
[183, 218]
[190, 226]
[190, 225]
[193, 194]
[193, 159]
[193, 229]
[193, 228]
[194, 160]
[194, 229]
[196, 197]
[196, 232]
[196, 231]
[197, 163]
[197, 233]
[197, 232]
[199, 200]
[199, 165]
[199, 235]
[199, 234]
[200, 166]
[200, 235]
[205, 206]
[205, 171]
[205, 240]
[206, 207]
[206, 172]
[206, 242]
[207, 243]
[207, 242]
[209, 244]
[214, 180]
[216, 217]
[217, 218]
[217, 183]
[218, 184]
[224, 225]
[224, 190]
[225, 226]
[226, 227]
[227, 228]
[227, 193]
[228, 229]
[228, 194]
[231, 232]
[231, 197]
[232, 233]
[233, 234]
[233, 199]
[234, 235]
[234, 200]
[237, 238]
[240, 206]
[242, 243]
[243, 244]
[243, 209]
