[3, 39]
[3, 38]
[6, 7]
[6, 42]
[7, 43]
[7, 42]
[9, 45]
[11, 12]
[12, 13]
[12, 48]
[13, 14]
[13, 49]
[13, 48]
[14, 15]
[14, 50]
[14, 49]
[15, 51]
[15, 50]
[19, 20]
[19, 54]
[20, 21]
[20, 56]
[21, 57]
[21, 56]
[24, 59]
[30, 31]
[31, 67]
[35, 71]
[35, 70]
[38, 39]
[38, 73]
[39, 40]
[40, 6]
[42, 43]
[42, 78]
[42, 77]
[43, 9]
[43, 78]
[45, 11]
[45, 81]
[45, 80]
[48, 49]
[48, 14]
[48, 83]
[49, 50]
[49, 15]
[50, 51]
[51, 87]
[54, 20]
[54, 89]
[56, 57]
[56, 92]
[56, 91]
[57, 58]
[57, 93]
[57, 92]
[58, 59]
[58, 24]
[58, 93]
[59, 95]
[62, 63]
[62, 98]
[63, 98]
[67, 103]
[67, 102]
[69, 104]
[70, 71]
[70, 106]
[71, 72]
[71, 106]
[72, 73]
[72, 38]
[73, 39]
[77, 78]
[77, 43]
[80, 81]
[80, 116]
[80, 115]
[81, 117]
[81, 116]
[83, 49]
[83, 119]
[91, 92]
[91, 57]
[91, 127]
[92, 93]
[92, 58]
[92, 127]
[93, 59]
[95, 131]
[101, 102]
[101, 67]
[102, 103]
[103, 104]
[103, 69]
[106, 72]
[110, 111]
[111, 77]
[115, 116]
[115, 81]
[116, 117]
[116, 152]
[117, 83]
[117, 153]
[117, 152]
[119, 120]
[119, 154]
[120, 156]
[127, 93]
[127, 162]
[131, 132]
[131, 167]
[132, 98]
[132, 168]
[132, 167]
[140, 106]
[140, 176]
[152, 153]
[152, 188]
[152, 187]
[153, 154]
[153, 119]
[153, 189]
[153, 188]
[154, 120]
[154, 189]
[156, 192]
[156, 191]
[159, 160]
[160, 161]
[161, 162]
[161, 127]
[161, 197]
[162, 197]
[167, 168]
[168, 169]
[169, 170]
[170, 206]
[172, 173]
[173, 174]
[173, 209]
[174, 209]
[176, 211]
[179, 215]
[187, 188]
[187, 153]
[188, 189]
[188, 154]
[189, 225]
[191, 192]
[191, 226]
[192, 193]
[192, 228]
[193, 159]
[193, 229]
[193, 228]
[197, 233]
[197, 232]
[200, 235]
[206, 172]
[206, 241]
[209, 244]
[213, 179]
[221, 187]
[225, 226]
[225, 191]
[226, 192]
[228, 229]
[229, 230]
[232, 233]
[237, 238]
[243, 244]
[243, 209]
