[2, 3]
[2, 38]
[3, 39]
[3, 38]
[6, 42]
[6, 41]
[11, 46]
[20, 56]
[27, 28]
[27, 63]
[27, 62]
[28, 63]
[34, 69]
[36, 2]
[36, 72]
[36, 71]
[38, 39]
[38, 74]
[38, 73]
[39, 40]
[39, 74]
[40, 41]
[40, 6]
[41, 42]
[44, 80]
[46, 82]
[46, 81]
[48, 84]
[52, 88]
[54, 20]
[56, 91]
[59, 25]
[59, 95]
[59, 94]
[62, 63]
[62, 28]
[62, 98]
[62, 97]
[63, 99]
[63, 98]
[68, 69]
[68, 34]
[68, 104]
[68, 103]
[69, 104]
[70, 71]
[70, 36]
[70, 105]
[71, 72]
[72, 73]
[72, 38]
[72, 108]
[73, 74]
[73, 39]
[73, 108]
[74, 40]
[80, 81]
[80, 46]
[80, 115]
[81, 82]
[82, 48]
[82, 118]
[84, 85]
[84, 119]
[85, 86]
[86, 52]
[86, 122]
[88, 54]
[88, 124]
[91, 127]
[91, 126]
[94, 95]
[94, 130]
[95, 131]
[95, 130]
[97, 98]
[97, 63]
[97, 132]
[98, 99]
[98, 134]
[99, 100]
[99, 135]
[99, 134]
[100, 101]
[100, 136]
[100, 135]
[101, 102]
[101, 136]
[102, 103]
[102, 68]
[102, 138]
[103, 104]
[103, 69]
[103, 138]
[105, 71]
[108, 74]
[108, 143]
[113, 149]
[115, 81]
[115, 150]
[118, 119]
[118, 84]
[118, 154]
[119, 85]
[119, 155]
[119, 154]
[122, 88]
[122, 158]
[122, 157]
[124, 125]
[125, 126]
[125, 91]
[125, 161]
[126, 127]
[126, 161]
[130, 131]
[130, 165]
[131, 132]
[131, 97]
[132, 98]
[134, 135]
[134, 100]
[135, 136]
[135, 101]
[135, 171]
[136, 102]
[136, 172]
[136, 171]
[138, 104]
[143, 178]
[146, 147]
[146, 182]
[147, 113]
[147, 182]
[149, 150]
[149, 115]
[152, 118]
[152, 187]
[154, 155]
[157, 158]
[157, 193]
[157, 192]
[158, 124]
[158, 194]
[158, 193]
[161, 127]
[165, 131]
[171, 172]
[171, 206]
[172, 138]
[172, 208]
[175, 210]
[177, 178]
[177, 143]
[180, 146]
[180, 216]
[187, 222]
[192, 193]
[192, 158]
[192, 228]
[192, 227]
[193, 194]
[193, 228]
[194, 195]
[195, 161]
[199, 165]
[206, 172]
[206, 242]
[208, 244]
[216, 182]
[220, 221]
[221, 222]
[221, 187]
[225, 226]
[226, 227]
[226, 192]
[227, 228]
[227, 193]
[228, 194]
[233, 199]
[236, 237]
[237, 203]
[240, 206]
[242, 208]
