[0, 1]
[0, 35]
[1, 37]
[5, 6]
[5, 41]
[6, 7]
[6, 41]
[7, 43]
[11, 12]
[16, 17]
[16, 52]
[16, 51]
[17, 18]
[17, 52]
[18, 19]
[22, 23]
[22, 58]
[22, 57]
[23, 24]
[23, 59]
[23, 58]
[24, 25]
[24, 59]
[25, 26]
[26, 27]
[30, 31]
[30, 65]
[35, 1]
[35, 71]
[39, 5]
[39, 74]
[41, 7]
[41, 77]
[41, 76]
[43, 9]
[43, 78]
[51, 52]
[51, 17]
[51, 87]
[51, 86]
[52, 18]
[52, 87]
[56, 57]
[56, 22]
[57, 58]
[57, 23]
[57, 93]
[58, 59]
[58, 24]
[58, 93]
[59, 25]
[64, 65]
[64, 30]
[65, 31]
[71, 37]
[71, 107]
[71, 106]
[74, 110]
[74, 109]
[76, 77]
[76, 111]
[77, 78]
[77, 43]
[84, 85]
[84, 120]
[84, 119]
[85, 86]
[85, 51]
[85, 120]
[86, 87]
[86, 52]
[87, 123]
[93, 59]
[93, 128]
[97, 98]
[97, 132]
[98, 64]
[98, 134]
[106, 107]
[106, 141]
[107, 143]
[109, 110]
[109, 145]
[110, 111]
[110, 76]
[110, 145]
[111, 77]
[116, 117]
[117, 118]
[118, 119]
[118, 84]
[118, 154]
[119, 120]
[119, 85]
[119, 155]
[119, 154]
[120, 86]
[120, 156]
[120, 155]
[123, 89]
[126, 161]
[128, 164]
[130, 131]
[130, 166]
[131, 132]
[131, 97]
[131, 166]
[132, 98]
[132, 168]
[134, 170]
[140, 141]
[140, 106]
[140, 175]
[141, 107]
[141, 177]
[143, 109]
[143, 179]
[145, 111]
[149, 184]
[154, 155]
[154, 120]
[154, 189]
[155, 156]
[160, 161]
[160, 126]
[160, 195]
[164, 130]
[164, 200]
[164, 199]
[166, 132]
[166, 201]
[168, 134]
[168, 204]
[170, 136]
[170, 205]
[174, 209]
[175, 141]
[175, 211]
[175, 210]
[177, 143]
[177, 212]
[179, 145]
[179, 214]
[183, 184]
[183, 149]
[183, 219]
[183, 218]
[184, 220]
[184, 219]
[189, 155]
[189, 225]
[195, 161]
[195, 231]
[199, 200]
[199, 234]
[200, 201]
[200, 166]
[200, 236]
[201, 236]
[204, 205]
[204, 170]
[205, 241]
[208, 209]
[208, 174]
[208, 244]
[209, 244]
[210, 211]
[211, 212]
[211, 177]
[218, 219]
[218, 184]
[219, 220]
[220, 221]
[223, 189]
[225, 226]
[234, 200]
[238, 204]
