[0, 1]
[0, 36]
[0, 35]
[1, 36]
[3, 39]
[6, 7]
[7, 43]
[10, 45]
[15, 51]
[21, 22]
[21, 57]
[21, 56]
[22, 58]
[22, 57]
[25, 61]
[25, 60]
[28, 29]
[28, 64]
[29, 64]
[31, 32]
[32, 33]
[35, 36]
[35, 1]
[36, 72]
[39, 40]
[39, 75]
[39, 74]
[40, 6]
[40, 76]
[40, 75]
[43, 44]
[44, 45]
[44, 10]
[44, 80]
[45, 81]
[45, 80]
[47, 48]
[47, 83]
[47, 82]
[48, 83]
[51, 87]
[51, 86]
[54, 55]
[54, 90]
[55, 56]
[55, 21]
[55, 90]
[56, 57]
[56, 22]
[57, 58]
[57, 93]
[58, 93]
[60, 61]
[61, 97]
[64, 100]
[64, 99]
[74, 75]
[74, 40]
[74, 109]
[75, 76]
[76, 77]
[76, 112]
[77, 43]
[77, 113]
[77, 112]
[80, 81]
[81, 82]
[81, 47]
[81, 117]
[82, 83]
[82, 48]
[82, 118]
[82, 117]
[83, 118]
[85, 86]
[85, 51]
[86, 87]
[90, 56]
[90, 126]
[90, 125]
[93, 129]
[93, 128]
[97, 98]
[97, 133]
[97, 132]
[98, 99]
[98, 64]
[98, 134]
[98, 133]
[99, 100]
[99, 134]
[100, 136]
[103, 139]
[109, 75]
[109, 145]
[112, 113]
[112, 148]
[113, 114]
[113, 148]
[114, 80]
[114, 150]
[117, 118]
[117, 83]
[117, 153]
[117, 152]
[118, 153]
[125, 126]
[125, 161]
[126, 127]
[126, 161]
[127, 128]
[127, 93]
[128, 129]
[129, 165]
[131, 132]
[131, 97]
[131, 167]
[131, 166]
[132, 133]
[132, 98]
[132, 168]
[132, 167]
[133, 134]
[133, 99]
[133, 168]
[134, 100]
[136, 137]
[136, 172]
[136, 171]
[137, 103]
[137, 172]
[140, 141]
[141, 142]
[142, 178]
[145, 181]
[145, 180]
[148, 114]
[148, 184]
[150, 151]
[150, 186]
[150, 185]
[151, 152]
[151, 117]
[151, 186]
[152, 153]
[152, 118]
[156, 192]
[158, 193]
[161, 127]
[161, 196]
[165, 166]
[165, 131]
[165, 201]
[166, 167]
[166, 132]
[166, 201]
[167, 168]
[167, 133]
[168, 134]
[168, 204]
[171, 172]
[171, 137]
[172, 208]
[178, 179]
[178, 214]
[178, 213]
[179, 180]
[179, 145]
[179, 215]
[179, 214]
[180, 181]
[180, 215]
[181, 217]
[184, 185]
[184, 150]
[184, 220]
[185, 186]
[185, 151]
[185, 221]
[185, 220]
[186, 152]
[186, 222]
[186, 221]
[190, 156]
[192, 193]
[192, 158]
[192, 227]
[199, 165]
[199, 235]
[199, 234]
[201, 167]
[201, 236]
[204, 240]
[204, 239]
[208, 209]
[208, 243]
[213, 214]
[213, 179]
[214, 215]
[214, 180]
[215, 181]
[217, 218]
[218, 184]
[220, 221]
[220, 186]
[221, 222]
[222, 223]
[223, 224]
[224, 190]
[227, 193]
[233, 234]
[233, 199]
[234, 235]
[235, 236]
[235, 201]
[238, 239]
[238, 204]
[239, 240]
[242, 243]
[242, 208]
[243, 209]
