[3, 4]
[3, 38]
[4, 40]
[6, 42]
[6, 41]
[8, 9]
[8, 44]
[8, 43]
[9, 44]
[11, 12]
[17, 53]
[21, 22]
[21, 56]
[22, 23]
[23, 24]
[35, 71]
[38, 4]
[38, 73]
[40, 41]
[40, 6]
[40, 76]
[40, 75]
[41, 42]
[41, 76]
[42, 43]
[42, 8]
[42, 78]
[43, 44]
[43, 9]
[43, 78]
[53, 89]
[55, 56]
[55, 21]
[56, 22]
[56, 92]
[61, 27]
[61, 96]
[64, 65]
[64, 99]
[65, 31]
[65, 101]
[71, 72]
[71, 106]
[72, 73]
[72, 38]
[72, 108]
[73, 109]
[73, 108]
[75, 76]
[75, 41]
[75, 110]
[76, 42]
[78, 44]
[78, 114]
[81, 116]
[83, 118]
[89, 55]
[92, 93]
[92, 128]
[93, 129]
[93, 128]
[96, 132]
[96, 131]
[99, 65]
[99, 135]
[101, 137]
[104, 139]
[106, 72]
[106, 141]
[108, 109]
[108, 144]
[109, 110]
[109, 75]
[109, 144]
[110, 76]
[114, 115]
[114, 150]
[114, 149]
[115, 116]
[115, 81]
[115, 150]
[118, 153]
[122, 158]
[122, 157]
[126, 92]
[128, 129]
[131, 132]
[131, 166]
[132, 133]
[132, 168]
[133, 99]
[133, 168]
[135, 101]
[135, 171]
[135, 170]
[137, 138]
[137, 172]
[138, 139]
[138, 104]
[140, 141]
[140, 106]
[141, 177]
[144, 110]
[148, 149]
[148, 114]
[148, 184]
[149, 150]
[149, 115]
[149, 184]
[150, 116]
[150, 186]
[157, 158]
[158, 159]
[159, 195]
[166, 132]
[166, 202]
[166, 201]
[168, 203]
[170, 171]
[170, 206]
[171, 172]
[171, 137]
[171, 207]
[171, 206]
[172, 138]
[172, 208]
[172, 207]
[177, 213]
[177, 212]
[181, 182]
[181, 216]
[182, 148]
[182, 218]
[184, 150]
[184, 219]
[195, 231]
[195, 230]
[200, 201]
[200, 166]
[201, 202]
[202, 203]
[202, 168]
[206, 207]
[206, 172]
[206, 242]
[206, 241]
[207, 208]
[207, 243]
[207, 242]
[208, 243]
[212, 213]
[216, 182]
[218, 219]
[218, 184]
[226, 227]
[227, 228]
[230, 231]
[241, 242]
[241, 207]
[242, 243]
[242, 208]
