[0, 1]
[0, 36]
[1, 37]
[1, 36]
[3, 4]
[3, 38]
[4, 5]
[5, 6]
[6, 7]
[6, 42]
[7, 8]
[7, 43]
[7, 42]
[8, 9]
[8, 43]
[9, 10]
[9, 45]
[10, 11]
[10, 45]
[11, 12]
[12, 48]
[14, 15]
[19, 20]
[19, 54]
[20, 56]
[23, 24]
[24, 25]
[27, 28]
[28, 29]
[31, 66]
[36, 37]
[37, 38]
[37, 3]
[38, 4]
[38, 74]
[42, 43]
[42, 8]
[43, 9]
[45, 11]
[45, 81]
[45, 80]
[48, 14]
[54, 20]
[54, 90]
[56, 57]
[56, 92]
[56, 91]
[57, 23]
[57, 92]
[66, 101]
[76, 42]
[80, 81]
[81, 82]
[82, 48]
[87, 122]
[90, 91]
[90, 56]
[90, 126]
[91, 92]
[91, 57]
[91, 127]
[91, 126]
[92, 127]
[96, 132]
[96, 131]
[98, 134]
[98, 133]
[106, 107]
[106, 141]
[107, 108]
[107, 143]
[108, 74]
[108, 144]
[108, 143]
[114, 80]
[119, 120]
[119, 154]
[122, 158]
[126, 127]
[126, 92]
[129, 164]
[131, 132]
[131, 166]
[132, 133]
[132, 98]
[132, 168]
[133, 134]
[133, 169]
[133, 168]
[134, 170]
[134, 169]
[139, 174]
[140, 141]
[140, 106]
[140, 175]
[141, 107]
[143, 144]
[143, 179]
[143, 178]
[144, 145]
[144, 180]
[144, 179]
[145, 146]
[145, 180]
[154, 120]
[154, 190]
[160, 126]
[166, 132]
[166, 202]
[168, 169]
[168, 134]
[169, 170]
[169, 205]
[170, 171]
[170, 206]
[170, 205]
[171, 172]
[171, 206]
[172, 208]
[174, 209]
[175, 141]
[175, 210]
[178, 179]
[178, 144]
[178, 214]
[178, 213]
[179, 180]
[179, 145]
[179, 214]
[180, 146]
[184, 185]
[184, 220]
[184, 219]
[185, 221]
[185, 220]
[198, 164]
[202, 168]
[202, 237]
[205, 206]
[205, 171]
[205, 241]
[206, 172]
[206, 241]
[208, 209]
[208, 174]
[208, 243]
[213, 214]
[213, 179]
[214, 180]
[219, 220]
[219, 185]
[220, 221]
[221, 187]
[224, 190]
[227, 228]
[228, 229]
[231, 232]
[232, 198]
[235, 236]
[236, 237]
[236, 202]
[243, 209]
