[0, 1]
[0, 36]
[0, 35]
[1, 37]
[1, 36]
[3, 39]
[3, 38]
[12, 13]
[16, 52]
[16, 51]
[22, 23]
[22, 58]
[22, 57]
[23, 24]
[23, 59]
[23, 58]
[24, 59]
[26, 61]
[33, 34]
[33, 68]
[35, 36]
[35, 1]
[35, 71]
[36, 37]
[36, 72]
[36, 71]
[37, 38]
[37, 3]
[37, 72]
[38, 39]
[38, 74]
[39, 74]
[41, 42]
[41, 76]
[42, 8]
[42, 78]
[50, 51]
[50, 16]
[50, 86]
[50, 85]
[51, 52]
[51, 87]
[51, 86]
[52, 53]
[52, 88]
[52, 87]
[53, 88]
[56, 57]
[56, 22]
[57, 58]
[57, 23]
[57, 93]
[58, 59]
[58, 24]
[58, 94]
[58, 93]
[59, 95]
[59, 94]
[61, 97]
[65, 101]
[65, 100]
[68, 34]
[68, 104]
[68, 103]
[71, 72]
[71, 37]
[71, 107]
[71, 106]
[72, 38]
[72, 107]
[74, 110]
[74, 109]
[76, 42]
[76, 112]
[76, 111]
[78, 79]
[78, 113]
[79, 80]
[85, 86]
[85, 51]
[85, 121]
[86, 87]
[86, 52]
[86, 121]
[87, 88]
[87, 53]
[87, 123]
[88, 124]
[88, 123]
[90, 56]
[90, 126]
[90, 125]
[93, 94]
[93, 59]
[93, 129]
[94, 95]
[94, 129]
[95, 61]
[97, 133]
[97, 132]
[99, 100]
[99, 65]
[99, 135]
[100, 101]
[100, 136]
[100, 135]
[101, 137]
[101, 136]
[103, 104]
[105, 106]
[105, 71]
[106, 107]
[106, 72]
[106, 142]
[107, 143]
[107, 142]
[109, 110]
[109, 145]
[109, 144]
[110, 111]
[110, 76]
[110, 146]
[110, 145]
[111, 112]
[111, 146]
[112, 113]
[112, 78]
[112, 148]
[113, 79]
[113, 149]
[113, 148]
[117, 118]
[117, 153]
[118, 154]
[118, 153]
[121, 87]
[121, 157]
[121, 156]
[123, 124]
[124, 125]
[124, 90]
[124, 160]
[125, 126]
[125, 160]
[126, 127]
[126, 162]
[127, 93]
[127, 162]
[129, 95]
[129, 164]
[132, 133]
[132, 168]
[133, 99]
[133, 169]
[133, 168]
[135, 136]
[135, 101]
[136, 137]
[136, 172]
[137, 103]
[137, 173]
[137, 172]
[142, 143]
[143, 144]
[143, 109]
[143, 179]
[144, 145]
[144, 110]
[144, 180]
[144, 179]
[145, 146]
[145, 111]
[145, 180]
[146, 112]
[146, 182]
[148, 149]
[149, 150]
[149, 185]
[150, 186]
[150, 185]
[153, 154]
[153, 189]
[154, 155]
[154, 190]
[154, 189]
[155, 156]
[155, 121]
[155, 191]
[155, 190]
[156, 157]
[156, 191]
[157, 123]
[160, 126]
[160, 196]
[164, 200]
[168, 169]
[168, 204]
[169, 135]
[169, 204]
[172, 173]
[172, 208]
[173, 174]
[173, 209]
[173, 208]
[174, 209]
[179, 180]
[179, 145]
[179, 214]
[180, 146]
[180, 216]
[182, 148]
[182, 218]
[182, 217]
[185, 186]
[186, 187]
[187, 153]
[189, 190]
[189, 155]
[189, 224]
[190, 191]
[190, 156]
[190, 226]
[191, 157]
[191, 226]
[194, 160]
[194, 230]
[194, 229]
[196, 162]
[196, 232]
[196, 231]
[200, 201]
[201, 202]
[201, 237]
[202, 168]
[202, 237]
[204, 240]
[204, 239]
[206, 172]
[206, 242]
[206, 241]
[208, 209]
[208, 174]
[208, 243]
[211, 212]
[214, 180]
[216, 217]
[216, 182]
[217, 218]
[218, 219]
[219, 185]
[224, 190]
[228, 229]
[228, 194]
[229, 230]
[230, 231]
[230, 196]
[231, 232]
[239, 240]
[240, 241]
[240, 206]
[241, 242]
[242, 243]
[242, 208]
[243, 209]
