[3, 39]
[3, 38]
[5, 40]
[7, 43]
[10, 11]
[10, 45]
[11, 47]
[14, 15]
[15, 16]
[16, 17]
[16, 52]
[17, 52]
[20, 21]
[20, 55]
[25, 26]
[25, 60]
[30, 66]
[30, 65]
[37, 38]
[37, 3]
[37, 73]
[37, 72]
[38, 39]
[38, 74]
[38, 73]
[39, 40]
[39, 5]
[39, 74]
[43, 79]
[45, 11]
[45, 80]
[47, 48]
[47, 82]
[48, 14]
[48, 84]
[52, 88]
[54, 55]
[54, 20]
[54, 90]
[55, 21]
[55, 90]
[60, 26]
[60, 96]
[60, 95]
[64, 65]
[64, 30]
[64, 100]
[65, 66]
[65, 101]
[65, 100]
[66, 67]
[66, 101]
[67, 68]
[67, 103]
[68, 69]
[68, 103]
[70, 105]
[72, 73]
[72, 38]
[72, 108]
[73, 74]
[73, 39]
[73, 108]
[74, 40]
[77, 43]
[77, 113]
[77, 112]
[79, 80]
[79, 45]
[79, 114]
[82, 48]
[82, 118]
[82, 117]
[84, 119]
[86, 52]
[86, 121]
[88, 54]
[88, 124]
[90, 126]
[90, 125]
[92, 93]
[92, 127]
[93, 129]
[95, 96]
[95, 131]
[96, 132]
[96, 131]
[98, 64]
[98, 134]
[100, 101]
[100, 66]
[100, 136]
[100, 135]
[101, 67]
[101, 137]
[101, 136]
[103, 69]
[105, 141]
[108, 74]
[108, 144]
[108, 143]
[112, 113]
[113, 114]
[113, 79]
[113, 149]
[114, 80]
[114, 150]
[114, 149]
[117, 118]
[117, 153]
[118, 119]
[118, 84]
[118, 153]
[121, 157]
[121, 156]
[124, 125]
[124, 90]
[124, 160]
[125, 126]
[125, 160]
[126, 127]
[126, 92]
[127, 93]
[127, 163]
[129, 95]
[131, 132]
[131, 167]
[131, 166]
[132, 98]
[132, 167]
[134, 135]
[134, 100]
[134, 170]
[135, 136]
[135, 101]
[135, 170]
[136, 137]
[137, 103]
[141, 176]
[143, 144]
[143, 178]
[144, 145]
[145, 146]
[145, 181]
[146, 112]
[146, 182]
[146, 181]
[149, 150]
[149, 185]
[150, 185]
[153, 119]
[153, 189]
[153, 188]
[156, 157]
[156, 192]
[157, 158]
[157, 192]
[158, 124]
[160, 126]
[160, 196]
[163, 129]
[163, 199]
[166, 167]
[166, 132]
[167, 203]
[170, 136]
[170, 206]
[170, 205]
[174, 209]
[175, 176]
[175, 141]
[175, 210]
[176, 212]
[178, 144]
[178, 214]
[181, 182]
[181, 217]
[181, 216]
[182, 183]
[182, 217]
[183, 149]
[188, 189]
[188, 223]
[189, 225]
[192, 158]
[196, 197]
[196, 231]
[197, 163]
[203, 204]
[203, 238]
[204, 205]
[204, 170]
[205, 206]
[205, 241]
[206, 207]
[206, 241]
[207, 208]
[207, 243]
[208, 209]
[208, 174]
[208, 243]
[210, 176]
[212, 178]
[214, 215]
[215, 216]
[215, 181]
[216, 217]
[216, 182]
[217, 183]
[223, 189]
[231, 197]
[236, 237]
[237, 238]
[237, 203]
[238, 204]
[241, 207]
[243, 209]
