[4, 5]
[4, 39]
[5, 41]
[7, 43]
[7, 42]
[12, 13]
[12, 47]
[15, 16]
[39, 5]
[39, 75]
[39, 74]
[41, 42]
[41, 7]
[41, 76]
[42, 43]
[42, 78]
[43, 79]
[43, 78]
[47, 13]
[47, 83]
[47, 82]
[57, 93]
[57, 92]
[70, 105]
[73, 74]
[73, 39]
[73, 109]
[74, 75]
[74, 109]
[75, 76]
[75, 41]
[76, 42]
[78, 79]
[78, 114]
[79, 80]
[79, 114]
[82, 83]
[83, 119]
[86, 121]
[92, 93]
[93, 94]
[93, 129]
[94, 95]
[94, 129]
[99, 135]
[101, 102]
[102, 138]
[105, 141]
[107, 73]
[107, 143]
[107, 142]
[109, 75]
[109, 144]
[114, 80]
[114, 149]
[119, 120]
[119, 154]
[120, 121]
[120, 86]
[120, 156]
[121, 156]
[125, 161]
[129, 95]
[129, 165]
[129, 164]
[135, 101]
[135, 170]
[138, 104]
[138, 174]
[138, 173]
[141, 142]
[141, 107]
[141, 177]
[141, 176]
[142, 143]
[142, 178]
[142, 177]
[143, 144]
[143, 109]
[143, 178]
[144, 180]
[146, 181]
[148, 149]
[148, 114]
[148, 183]
[154, 120]
[161, 162]
[161, 197]
[161, 196]
[162, 197]
[164, 165]
[165, 201]
[167, 168]
[168, 169]
[168, 204]
[169, 170]
[169, 135]
[169, 204]
[170, 206]
[173, 174]
[176, 177]
[176, 142]
[177, 178]
[177, 143]
[177, 213]
[178, 144]
[178, 214]
[178, 213]
[180, 181]
[180, 146]
[180, 216]
[180, 215]
[181, 217]
[181, 216]
[183, 149]
[183, 219]
[194, 230]
[196, 197]
[196, 162]
[197, 233]
[201, 167]
[201, 237]
[204, 170]
[204, 240]
[206, 207]
[206, 241]
[207, 173]
[213, 214]
[214, 215]
[214, 180]
[215, 216]
[215, 181]
[216, 217]
[217, 183]
[219, 220]
[220, 221]
[225, 226]
[230, 196]
[233, 234]
[237, 238]
[238, 204]
[240, 241]
[240, 206]
[241, 207]
