[0, 1]
[0, 36]
[1, 2]
[1, 37]
[1, 36]
[2, 3]
[2, 38]
[2, 37]
[3, 38]
[6, 7]
[7, 8]
[7, 43]
[8, 43]
[10, 11]
[10, 46]
[11, 46]
[13, 49]
[16, 51]
[22, 23]
[23, 24]
[26, 27]
[26, 61]
[30, 31]
[31, 32]
[31, 67]
[32, 33]
[32, 67]
[33, 34]
[36, 37]
[36, 2]
[36, 72]
[36, 71]
[37, 38]
[37, 3]
[37, 72]
[38, 74]
[40, 6]
[40, 75]
[43, 79]
[43, 78]
[46, 81]
[49, 85]
[49, 84]
[51, 87]
[53, 54]
[53, 88]
[56, 22]
[61, 27]
[64, 30]
[64, 99]
[67, 33]
[71, 72]
[71, 37]
[71, 107]
[71, 106]
[72, 38]
[72, 108]
[72, 107]
[74, 75]
[74, 40]
[74, 110]
[74, 109]
[75, 110]
[78, 79]
[78, 113]
[79, 80]
[80, 81]
[80, 46]
[84, 85]
[85, 51]
[87, 88]
[87, 53]
[87, 122]
[88, 54]
[99, 134]
[101, 67]
[101, 137]
[106, 107]
[106, 72]
[106, 142]
[106, 141]
[107, 108]
[107, 142]
[108, 109]
[108, 74]
[109, 110]
[109, 75]
[113, 79]
[113, 148]
[122, 88]
[122, 157]
[128, 129]
[128, 164]
[129, 130]
[129, 164]
[130, 131]
[130, 166]
[131, 167]
[131, 166]
[134, 170]
[134, 169]
[137, 173]
[137, 172]
[141, 142]
[141, 107]
[141, 176]
[142, 108]
[147, 148]
[147, 113]
[147, 182]
[154, 189]
[156, 157]
[156, 122]
[156, 192]
[156, 191]
[157, 193]
[157, 192]
[159, 160]
[159, 195]
[159, 194]
[160, 195]
[162, 128]
[162, 197]
[164, 130]
[164, 200]
[164, 199]
[166, 167]
[169, 170]
[169, 204]
[170, 206]
[172, 173]
[172, 207]
[173, 209]
[175, 176]
[175, 141]
[175, 211]
[175, 210]
[176, 142]
[176, 211]
[182, 148]
[189, 225]
[191, 192]
[191, 157]
[192, 193]
[192, 228]
[193, 194]
[193, 159]
[193, 228]
[194, 195]
[194, 160]
[194, 230]
[195, 230]
[197, 233]
[199, 200]
[200, 166]
[204, 170]
[204, 240]
[206, 207]
[206, 172]
[206, 241]
[207, 173]
[210, 211]
[210, 176]
[215, 216]
[216, 182]
[219, 220]
[223, 189]
[225, 191]
[228, 194]
[233, 199]
[240, 241]
[240, 206]
[241, 207]
