[0, 1]
[0, 36]
[1, 2]
[1, 37]
[1, 36]
[2, 38]
[2, 37]
[7, 8]
[7, 43]
[8, 9]
[8, 44]
[8, 43]
[9, 10]
[9, 44]
[12, 13]
[12, 48]
[13, 14]
[13, 49]
[13, 48]
[14, 15]
[14, 49]
[15, 16]
[15, 51]
[16, 51]
[19, 55]
[19, 54]
[28, 29]
[28, 63]
[29, 65]
[32, 68]
[32, 67]
[34, 69]
[36, 37]
[36, 2]
[36, 72]
[36, 71]
[37, 38]
[37, 73]
[37, 72]
[38, 39]
[38, 73]
[43, 44]
[43, 9]
[43, 79]
[44, 10]
[44, 79]
[48, 49]
[48, 14]
[49, 15]
[49, 85]
[51, 87]
[54, 55]
[54, 90]
[55, 56]
[55, 90]
[56, 57]
[57, 58]
[57, 93]
[58, 94]
[58, 93]
[61, 62]
[61, 97]
[61, 96]
[62, 63]
[62, 28]
[62, 97]
[63, 29]
[63, 99]
[65, 101]
[65, 100]
[67, 68]
[67, 103]
[67, 102]
[68, 69]
[68, 34]
[68, 103]
[71, 72]
[71, 37]
[72, 73]
[72, 38]
[73, 39]
[73, 109]
[76, 77]
[76, 111]
[77, 43]
[82, 48]
[82, 117]
[85, 51]
[87, 88]
[88, 54]
[88, 124]
[90, 56]
[90, 125]
[93, 94]
[93, 128]
[94, 95]
[94, 130]
[95, 96]
[95, 61]
[95, 130]
[96, 97]
[96, 62]
[96, 132]
[97, 63]
[97, 133]
[97, 132]
[99, 100]
[99, 65]
[99, 135]
[99, 134]
[100, 101]
[100, 136]
[100, 135]
[101, 102]
[101, 67]
[101, 136]
[102, 103]
[102, 68]
[102, 138]
[103, 69]
[103, 138]
[105, 71]
[105, 141]
[105, 140]
[109, 144]
[111, 77]
[111, 147]
[116, 117]
[116, 82]
[116, 152]
[116, 151]
[117, 152]
[119, 85]
[124, 125]
[124, 90]
[124, 159]
[128, 94]
[128, 164]
[130, 96]
[130, 166]
[130, 165]
[132, 133]
[133, 134]
[133, 99]
[134, 135]
[134, 100]
[135, 136]
[135, 101]
[135, 171]
[136, 102]
[136, 172]
[136, 171]
[138, 174]
[138, 173]
[140, 141]
[140, 175]
[141, 177]
[143, 144]
[143, 109]
[143, 179]
[143, 178]
[144, 179]
[147, 183]
[149, 150]
[149, 185]
[150, 151]
[150, 116]
[150, 186]
[150, 185]
[151, 152]
[151, 117]
[151, 187]
[151, 186]
[152, 187]
[156, 157]
[159, 125]
[159, 195]
[162, 128]
[162, 198]
[162, 197]
[164, 165]
[164, 130]
[164, 200]
[164, 199]
[165, 166]
[165, 200]
[166, 132]
[171, 172]
[171, 206]
[172, 173]
[172, 138]
[172, 208]
[173, 174]
[173, 209]
[173, 208]
[174, 209]
[175, 141]
[175, 211]
[177, 178]
[177, 143]
[177, 213]
[178, 179]
[178, 144]
[178, 214]
[178, 213]
[179, 215]
[179, 214]
[181, 147]
[181, 216]
[183, 149]
[183, 218]
[185, 186]
[185, 151]
[185, 220]
[186, 187]
[186, 152]
[186, 222]
[187, 223]
[187, 222]
[190, 156]
[195, 196]
[195, 231]
[195, 230]
[196, 197]
[196, 162]
[196, 231]
[197, 198]
[198, 199]
[198, 164]
[198, 234]
[199, 200]
[199, 165]
[199, 235]
[199, 234]
[200, 166]
[200, 236]
[200, 235]
[203, 204]
[203, 238]
[204, 205]
[205, 206]
[205, 171]
[206, 172]
[208, 209]
[208, 174]
[208, 244]
[208, 243]
[209, 244]
[211, 177]
[213, 214]
[213, 179]
[214, 215]
[215, 216]
[215, 181]
[220, 186]
[222, 223]
[227, 228]
[230, 231]
[230, 196]
[231, 197]
[234, 235]
[234, 200]
[235, 236]
[238, 204]
[243, 244]
[243, 209]
