[1, 37]
[1, 36]
[3, 39]
[3, 38]
[5, 6]
[5, 41]
[5, 40]
[6, 42]
[6, 41]
[8, 43]
[10, 11]
[11, 12]
[12, 13]
[12, 48]
[13, 14]
[13, 48]
[14, 50]
[21, 22]
[21, 57]
[21, 56]
[22, 58]
[22, 57]
[25, 60]
[32, 68]
[32, 67]
[35, 36]
[35, 1]
[35, 70]
[36, 37]
[36, 72]
[37, 38]
[37, 3]
[37, 73]
[37, 72]
[38, 39]
[38, 74]
[38, 73]
[39, 40]
[39, 5]
[39, 74]
[40, 41]
[40, 6]
[40, 76]
[41, 42]
[41, 77]
[41, 76]
[42, 43]
[42, 8]
[42, 78]
[42, 77]
[43, 79]
[43, 78]
[48, 14]
[48, 83]
[50, 51]
[50, 85]
[51, 52]
[52, 53]
[52, 88]
[53, 19]
[53, 88]
[56, 57]
[56, 22]
[56, 91]
[57, 58]
[58, 59]
[59, 60]
[59, 25]
[59, 95]
[60, 95]
[62, 28]
[62, 98]
[65, 66]
[65, 100]
[66, 67]
[66, 32]
[66, 102]
[67, 68]
[67, 102]
[68, 69]
[70, 36]
[70, 106]
[70, 105]
[72, 73]
[72, 38]
[72, 107]
[73, 74]
[73, 39]
[74, 40]
[76, 77]
[76, 42]
[76, 112]
[77, 78]
[77, 43]
[77, 113]
[77, 112]
[78, 79]
[78, 113]
[79, 80]
[79, 115]
[80, 81]
[80, 116]
[80, 115]
[81, 116]
[83, 118]
[85, 51]
[85, 120]
[88, 123]
[91, 57]
[91, 127]
[91, 126]
[95, 130]
[98, 133]
[100, 66]
[100, 136]
[102, 68]
[102, 138]
[102, 137]
[105, 106]
[105, 141]
[106, 107]
[106, 72]
[106, 141]
[107, 73]
[107, 143]
[112, 113]
[112, 78]
[112, 147]
[113, 79]
[113, 149]
[115, 116]
[115, 81]
[115, 150]
[118, 154]
[118, 153]
[120, 156]
[120, 155]
[122, 123]
[122, 88]
[122, 157]
[126, 127]
[126, 161]
[130, 166]
[130, 165]
[132, 133]
[132, 98]
[136, 137]
[136, 102]
[136, 172]
[136, 171]
[137, 138]
[137, 172]
[138, 174]
[141, 107]
[141, 177]
[143, 144]
[143, 178]
[144, 180]
[146, 147]
[146, 112]
[147, 113]
[147, 183]
[149, 150]
[149, 115]
[149, 185]
[149, 184]
[150, 116]
[150, 185]
[153, 154]
[154, 155]
[154, 120]
[155, 156]
[155, 191]
[156, 157]
[156, 122]
[156, 191]
[157, 123]
[157, 193]
[160, 161]
[160, 126]
[161, 127]
[165, 166]
[166, 132]
[171, 172]
[171, 137]
[171, 207]
[172, 138]
[172, 207]
[175, 141]
[175, 211]
[175, 210]
[177, 178]
[177, 143]
[177, 213]
[178, 144]
[178, 213]
[180, 146]
[180, 216]
[180, 215]
[183, 184]
[183, 149]
[184, 185]
[184, 150]
[184, 220]
[185, 221]
[185, 220]
[191, 157]
[193, 194]
[193, 229]
[193, 228]
[194, 160]
[194, 229]
[204, 205]
[204, 239]
[205, 171]
[205, 241]
[207, 243]
[210, 211]
[211, 177]
[215, 216]
[220, 221]
[228, 229]
[228, 194]
[234, 235]
[239, 205]
[241, 207]
