[1, 2]
[1, 37]
[2, 3]
[2, 38]
[2, 37]
[3, 4]
[3, 38]
[4, 5]
[5, 6]
[9, 10]
[9, 45]
[9, 44]
[10, 45]
[17, 53]
[21, 56]
[26, 62]
[26, 61]
[28, 64]
[30, 31]
[30, 65]
[31, 67]
[33, 34]
[33, 69]
[34, 69]
[35, 1]
[35, 70]
[37, 38]
[37, 3]
[37, 73]
[37, 72]
[38, 4]
[38, 73]
[43, 44]
[43, 9]
[43, 78]
[44, 45]
[44, 10]
[44, 80]
[45, 80]
[48, 83]
[53, 54]
[53, 89]
[54, 55]
[54, 90]
[54, 89]
[55, 56]
[55, 21]
[55, 91]
[55, 90]
[56, 92]
[56, 91]
[58, 24]
[58, 94]
[61, 62]
[61, 97]
[61, 96]
[62, 28]
[62, 97]
[64, 65]
[64, 30]
[64, 99]
[65, 31]
[67, 33]
[69, 104]
[72, 73]
[72, 38]
[72, 108]
[73, 109]
[73, 108]
[76, 77]
[76, 112]
[76, 111]
[77, 78]
[77, 43]
[77, 113]
[77, 112]
[78, 44]
[78, 114]
[78, 113]
[80, 116]
[85, 121]
[85, 120]
[89, 90]
[89, 55]
[89, 125]
[89, 124]
[90, 91]
[90, 56]
[90, 125]
[91, 92]
[91, 127]
[92, 58]
[92, 128]
[92, 127]
[94, 129]
[96, 97]
[96, 62]
[96, 132]
[97, 132]
[99, 65]
[99, 134]
[104, 139]
[108, 109]
[108, 144]
[108, 143]
[109, 144]
[111, 112]
[111, 77]
[112, 113]
[112, 78]
[112, 148]
[113, 114]
[113, 149]
[113, 148]
[114, 80]
[114, 150]
[114, 149]
[116, 117]
[116, 152]
[117, 83]
[117, 153]
[117, 152]
[120, 121]
[120, 156]
[120, 155]
[121, 157]
[121, 156]
[124, 125]
[124, 90]
[125, 91]
[125, 161]
[127, 128]
[128, 129]
[128, 94]
[128, 164]
[129, 165]
[129, 164]
[134, 169]
[141, 142]
[141, 176]
[142, 143]
[142, 108]
[142, 178]
[143, 144]
[143, 109]
[143, 178]
[144, 180]
[148, 149]
[148, 114]
[148, 184]
[148, 183]
[149, 150]
[149, 184]
[150, 116]
[152, 153]
[152, 188]
[153, 189]
[153, 188]
[155, 156]
[155, 121]
[155, 191]
[155, 190]
[156, 157]
[156, 192]
[156, 191]
[157, 158]
[157, 193]
[157, 192]
[158, 124]
[158, 194]
[158, 193]
[161, 127]
[161, 196]
[164, 165]
[164, 199]
[169, 204]
[173, 139]
[173, 209]
[173, 208]
[176, 142]
[176, 212]
[176, 211]
[178, 144]
[178, 214]
[180, 215]
[183, 184]
[183, 149]
[184, 150]
[184, 220]
[188, 189]
[188, 224]
[189, 190]
[189, 155]
[189, 224]
[190, 191]
[190, 156]
[191, 192]
[191, 157]
[191, 227]
[192, 193]
[192, 158]
[192, 227]
[193, 194]
[194, 195]
[194, 230]
[195, 196]
[195, 161]
[195, 231]
[195, 230]
[196, 231]
[198, 199]
[198, 164]
[198, 234]
[199, 165]
[199, 234]
[202, 237]
[204, 240]
[204, 239]
[207, 208]
[207, 173]
[207, 242]
[208, 209]
[210, 211]
[210, 176]
[211, 212]
[212, 178]
[214, 215]
[214, 180]
[220, 221]
[224, 190]
[227, 193]
[230, 231]
[230, 196]
[236, 237]
[236, 202]
[239, 240]
[240, 241]
[241, 242]
[241, 207]
[242, 208]
