[2, 3]
[2, 38]
[2, 37]
[3, 38]
[6, 7]
[9, 45]
[9, 44]
[11, 46]
[15, 16]
[15, 50]
[16, 52]
[18, 19]
[18, 54]
[18, 53]
[19, 54]
[21, 57]
[21, 56]
[23, 24]
[24, 60]
[28, 64]
[30, 31]
[36, 37]
[36, 2]
[36, 71]
[37, 38]
[37, 3]
[44, 45]
[44, 79]
[45, 46]
[45, 11]
[45, 81]
[46, 81]
[49, 50]
[49, 15]
[49, 85]
[50, 16]
[50, 85]
[52, 53]
[52, 18]
[52, 88]
[53, 54]
[53, 19]
[53, 88]
[54, 90]
[56, 57]
[56, 91]
[57, 23]
[57, 93]
[60, 61]
[60, 96]
[60, 95]
[61, 62]
[61, 97]
[61, 96]
[62, 28]
[62, 97]
[64, 30]
[64, 99]
[68, 104]
[70, 71]
[70, 36]
[71, 37]
[71, 107]
[78, 79]
[78, 44]
[79, 45]
[79, 115]
[81, 116]
[83, 49]
[83, 119]
[88, 54]
[88, 124]
[88, 123]
[90, 91]
[90, 56]
[90, 125]
[91, 57]
[91, 127]
[93, 94]
[94, 95]
[94, 60]
[94, 130]
[95, 96]
[95, 61]
[95, 131]
[95, 130]
[96, 97]
[96, 62]
[96, 131]
[97, 133]
[99, 135]
[104, 139]
[107, 108]
[107, 143]
[107, 142]
[108, 109]
[108, 143]
[109, 110]
[110, 146]
[112, 78]
[115, 116]
[115, 81]
[116, 152]
[119, 85]
[119, 154]
[122, 123]
[122, 88]
[123, 124]
[124, 125]
[124, 90]
[125, 91]
[125, 161]
[127, 93]
[127, 162]
[130, 131]
[130, 96]
[130, 166]
[130, 165]
[131, 97]
[131, 167]
[131, 166]
[133, 99]
[133, 169]
[133, 168]
[135, 171]
[137, 138]
[138, 139]
[138, 104]
[140, 175]
[142, 143]
[142, 108]
[142, 178]
[142, 177]
[143, 109]
[143, 178]
[146, 112]
[146, 181]
[152, 153]
[152, 187]
[153, 154]
[153, 119]
[153, 189]
[154, 189]
[156, 122]
[156, 192]
[156, 191]
[161, 162]
[161, 127]
[162, 198]
[165, 166]
[165, 131]
[166, 167]
[167, 168]
[167, 133]
[167, 203]
[168, 169]
[168, 203]
[169, 135]
[169, 205]
[171, 137]
[171, 207]
[171, 206]
[175, 210]
[177, 178]
[177, 143]
[180, 181]
[180, 146]
[184, 185]
[184, 219]
[185, 221]
[187, 153]
[187, 222]
[189, 225]
[191, 192]
[191, 226]
[192, 193]
[193, 194]
[194, 195]
[195, 161]
[195, 231]
[198, 234]
[203, 169]
[203, 238]
[205, 206]
[205, 171]
[206, 207]
[206, 242]
[207, 242]
[219, 185]
[221, 222]
[221, 187]
[225, 226]
[225, 191]
[226, 192]
[231, 232]
[232, 198]
[234, 235]
[235, 236]
[236, 237]
[237, 238]
[237, 203]
