[1, 2]
[1, 36]
[2, 3]
[2, 38]
[3, 39]
[3, 38]
[8, 9]
[9, 10]
[13, 48]
[15, 51]
[15, 50]
[17, 18]
[18, 19]
[18, 54]
[19, 20]
[19, 55]
[19, 54]
[20, 21]
[20, 55]
[21, 57]
[23, 59]
[23, 58]
[25, 26]
[25, 60]
[26, 27]
[26, 62]
[27, 28]
[27, 62]
[28, 64]
[30, 31]
[30, 66]
[31, 67]
[31, 66]
[34, 69]
[36, 2]
[36, 72]
[36, 71]
[38, 39]
[38, 74]
[38, 73]
[39, 40]
[39, 74]
[40, 6]
[40, 76]
[48, 84]
[48, 83]
[50, 51]
[50, 86]
[51, 17]
[51, 87]
[51, 86]
[54, 55]
[54, 20]
[54, 90]
[55, 21]
[55, 90]
[57, 58]
[57, 23]
[57, 93]
[57, 92]
[58, 59]
[58, 94]
[58, 93]
[59, 60]
[59, 25]
[59, 94]
[60, 26]
[60, 96]
[62, 28]
[62, 98]
[64, 30]
[64, 100]
[64, 99]
[66, 67]
[66, 102]
[66, 101]
[67, 68]
[67, 103]
[67, 102]
[68, 69]
[68, 34]
[68, 103]
[70, 71]
[70, 36]
[70, 106]
[70, 105]
[71, 72]
[71, 106]
[72, 73]
[72, 38]
[73, 74]
[73, 39]
[74, 40]
[78, 79]
[78, 113]
[79, 80]
[79, 115]
[80, 81]
[80, 116]
[80, 115]
[81, 116]
[83, 84]
[83, 119]
[84, 50]
[84, 120]
[84, 119]
[86, 87]
[86, 121]
[90, 126]
[92, 93]
[92, 58]
[92, 128]
[92, 127]
[93, 94]
[93, 59]
[93, 128]
[94, 60]
[96, 62]
[96, 132]
[96, 131]
[98, 99]
[98, 64]
[98, 134]
[99, 100]
[99, 135]
[99, 134]
[100, 101]
[100, 66]
[100, 136]
[100, 135]
[101, 102]
[101, 67]
[101, 136]
[102, 103]
[102, 68]
[103, 69]
[103, 139]
[105, 106]
[105, 71]
[105, 141]
[105, 140]
[106, 72]
[106, 142]
[106, 141]
[113, 79]
[113, 148]
[115, 116]
[115, 81]
[115, 151]
[116, 151]
[119, 120]
[119, 155]
[120, 121]
[120, 86]
[120, 156]
[120, 155]
[121, 87]
[121, 156]
[124, 90]
[124, 160]
[124, 159]
[126, 127]
[126, 92]
[126, 162]
[126, 161]
[127, 128]
[127, 93]
[127, 163]
[127, 162]
[128, 94]
[128, 163]
[131, 132]
[131, 167]
[131, 166]
[132, 98]
[132, 168]
[132, 167]
[134, 135]
[134, 100]
[134, 170]
[134, 169]
[135, 136]
[135, 101]
[135, 171]
[135, 170]
[136, 102]
[136, 171]
[139, 174]
[140, 141]
[140, 106]
[140, 175]
[141, 142]
[142, 178]
[144, 145]
[144, 180]
[144, 179]
[145, 146]
[145, 180]
[146, 147]
[147, 148]
[147, 113]
[151, 186]
[155, 156]
[155, 121]
[156, 192]
[158, 159]
[158, 124]
[159, 160]
[160, 161]
[160, 126]
[160, 196]
[161, 162]
[161, 127]
[161, 197]
[161, 196]
[162, 163]
[162, 128]
[162, 198]
[162, 197]
[163, 199]
[163, 198]
[165, 166]
[165, 131]
[165, 201]
[166, 167]
[166, 132]
[166, 202]
[166, 201]
[167, 168]
[167, 203]
[167, 202]
[168, 169]
[168, 134]
[168, 203]
[169, 170]
[169, 135]
[170, 171]
[170, 136]
[170, 206]
[171, 206]
[173, 174]
[173, 139]
[173, 209]
[174, 209]
[175, 141]
[175, 211]
[175, 210]
[178, 179]
[178, 144]
[178, 214]
[179, 180]
[179, 145]
[179, 215]
[179, 214]
[180, 146]
[180, 215]
[186, 221]
[189, 155]
[189, 225]
[189, 224]
[192, 158]
[192, 228]
[192, 227]
[196, 197]
[196, 162]
[196, 232]
[197, 198]
[197, 163]
[197, 233]
[197, 232]
[198, 199]
[198, 233]
[199, 165]
[199, 235]
[201, 202]
[201, 167]
[201, 237]
[201, 236]
[202, 203]
[202, 168]
[202, 238]
[202, 237]
[203, 169]
[203, 239]
[203, 238]
[206, 241]
[210, 211]
[211, 212]
[212, 178]
[214, 215]
[214, 180]
[217, 218]
[218, 219]
[223, 224]
[223, 189]
[224, 225]
[225, 226]
[226, 227]
[226, 192]
[227, 228]
[228, 229]
[229, 230]
[230, 196]
[232, 233]
[232, 198]
[233, 199]
[235, 236]
[235, 201]
[236, 237]
[236, 202]
[237, 238]
[237, 203]
[238, 239]
[239, 240]
[240, 241]
[240, 206]
[243, 209]
