[6, 7]
[6, 42]
[7, 8]
[7, 43]
[7, 42]
[8, 9]
[8, 44]
[8, 43]
[9, 10]
[9, 45]
[9, 44]
[10, 11]
[10, 45]
[11, 12]
[11, 47]
[12, 47]
[14, 49]
[20, 21]
[20, 56]
[20, 55]
[21, 56]
[25, 26]
[26, 27]
[27, 28]
[28, 29]
[29, 65]
[35, 36]
[36, 72]
[40, 6]
[40, 76]
[42, 43]
[42, 8]
[43, 44]
[43, 9]
[44, 45]
[44, 10]
[44, 80]
[45, 11]
[45, 80]
[47, 83]
[47, 82]
[49, 85]
[49, 84]
[51, 52]
[55, 56]
[55, 21]
[55, 91]
[55, 90]
[56, 91]
[58, 93]
[65, 101]
[67, 102]
[72, 108]
[74, 40]
[74, 110]
[76, 42]
[76, 111]
[80, 116]
[82, 83]
[82, 118]
[82, 117]
[83, 84]
[83, 49]
[83, 118]
[84, 85]
[84, 120]
[85, 51]
[85, 121]
[85, 120]
[89, 90]
[89, 55]
[89, 125]
[89, 124]
[90, 91]
[90, 56]
[90, 126]
[90, 125]
[91, 126]
[93, 128]
[99, 65]
[101, 102]
[101, 67]
[101, 137]
[102, 137]
[106, 72]
[106, 142]
[108, 74]
[108, 144]
[110, 111]
[110, 76]
[110, 145]
[113, 114]
[113, 148]
[114, 80]
[114, 150]
[116, 117]
[116, 82]
[116, 152]
[116, 151]
[117, 118]
[117, 83]
[117, 152]
[118, 84]
[120, 121]
[120, 156]
[121, 122]
[121, 157]
[121, 156]
[122, 157]
[124, 125]
[124, 90]
[124, 160]
[124, 159]
[125, 126]
[125, 91]
[125, 160]
[128, 164]
[132, 167]
[137, 173]
[137, 172]
[142, 108]
[142, 178]
[142, 177]
[144, 145]
[144, 110]
[144, 180]
[145, 111]
[145, 180]
[148, 114]
[148, 183]
[150, 151]
[150, 116]
[150, 186]
[150, 185]
[151, 152]
[151, 117]
[151, 186]
[152, 118]
[152, 188]
[156, 157]
[156, 122]
[156, 191]
[159, 160]
[159, 125]
[159, 195]
[159, 194]
[160, 126]
[160, 196]
[160, 195]
[164, 200]
[171, 172]
[171, 137]
[171, 206]
[172, 173]
[172, 208]
[173, 139]
[173, 209]
[173, 208]
[176, 177]
[176, 142]
[177, 178]
[178, 144]
[180, 216]
[183, 218]
[185, 186]
[185, 151]
[186, 152]
[188, 189]
[188, 223]
[189, 225]
[191, 157]
[191, 226]
[194, 195]
[194, 160]
[195, 196]
[195, 231]
[196, 231]
[198, 164]
[198, 234]
[198, 233]
[200, 236]
[206, 172]
[206, 242]
[206, 241]
[208, 209]
[208, 244]
[209, 244]
[210, 176]
[216, 217]
[217, 218]
[217, 183]
[223, 189]
[225, 226]
[225, 191]
[228, 194]
[233, 234]
[234, 200]
[241, 242]
[242, 208]
