[2, 3]
[2, 38]
[2, 37]
[3, 39]
[3, 38]
[10, 46]
[10, 45]
[12, 48]
[14, 15]
[14, 49]
[15, 51]
[19, 20]
[19, 55]
[19, 54]
[20, 21]
[20, 56]
[20, 55]
[21, 56]
[24, 25]
[24, 60]
[25, 60]
[27, 63]
[27, 62]
[33, 68]
[35, 36]
[36, 37]
[36, 2]
[37, 38]
[37, 3]
[37, 73]
[38, 39]
[38, 73]
[39, 5]
[39, 75]
[42, 43]
[42, 77]
[43, 44]
[43, 79]
[44, 45]
[44, 10]
[44, 80]
[44, 79]
[45, 46]
[45, 81]
[45, 80]
[46, 12]
[46, 82]
[46, 81]
[48, 49]
[48, 14]
[48, 84]
[49, 15]
[49, 85]
[49, 84]
[51, 52]
[51, 86]
[52, 53]
[52, 88]
[53, 54]
[53, 19]
[53, 89]
[53, 88]
[54, 55]
[54, 20]
[54, 89]
[55, 56]
[55, 21]
[55, 91]
[56, 91]
[62, 63]
[63, 64]
[64, 30]
[64, 100]
[67, 68]
[67, 33]
[67, 103]
[67, 102]
[68, 103]
[73, 39]
[73, 108]
[75, 111]
[75, 110]
[77, 43]
[77, 113]
[77, 112]
[79, 80]
[79, 45]
[79, 114]
[80, 81]
[80, 46]
[81, 82]
[81, 117]
[82, 48]
[82, 117]
[84, 85]
[85, 86]
[85, 51]
[85, 121]
[86, 52]
[86, 122]
[86, 121]
[88, 89]
[88, 54]
[88, 124]
[88, 123]
[89, 55]
[89, 125]
[89, 124]
[91, 127]
[91, 126]
[93, 94]
[93, 129]
[93, 128]
[94, 60]
[94, 129]
[100, 101]
[100, 136]
[101, 102]
[101, 67]
[101, 136]
[102, 103]
[102, 68]
[105, 141]
[105, 140]
[108, 143]
[110, 111]
[110, 146]
[111, 112]
[111, 77]
[111, 146]
[112, 113]
[112, 148]
[113, 114]
[113, 79]
[113, 149]
[113, 148]
[114, 80]
[114, 149]
[117, 153]
[121, 122]
[121, 157]
[121, 156]
[122, 123]
[122, 88]
[122, 158]
[122, 157]
[123, 124]
[123, 89]
[123, 159]
[123, 158]
[124, 125]
[124, 159]
[125, 126]
[125, 91]
[125, 161]
[126, 127]
[126, 161]
[127, 128]
[127, 93]
[128, 129]
[128, 94]
[128, 164]
[129, 165]
[129, 164]
[131, 132]
[131, 166]
[132, 133]
[132, 168]
[133, 134]
[133, 169]
[133, 168]
[134, 100]
[134, 170]
[134, 169]
[136, 102]
[136, 172]
[140, 141]
[141, 142]
[141, 177]
[142, 143]
[142, 108]
[142, 178]
[142, 177]
[143, 178]
[146, 112]
[148, 149]
[148, 114]
[148, 183]
[149, 185]
[151, 117]
[151, 186]
[153, 154]
[153, 189]
[153, 188]
[154, 155]
[154, 190]
[154, 189]
[155, 156]
[155, 121]
[155, 191]
[155, 190]
[156, 157]
[156, 122]
[156, 192]
[156, 191]
[157, 158]
[157, 123]
[157, 192]
[158, 159]
[158, 124]
[158, 194]
[159, 125]
[159, 194]
[161, 127]
[161, 197]
[164, 165]
[165, 166]
[165, 131]
[165, 201]
[166, 132]
[166, 202]
[166, 201]
[168, 169]
[168, 134]
[168, 203]
[169, 170]
[170, 136]
[170, 206]
[177, 178]
[177, 143]
[177, 212]
[178, 214]
[183, 149]
[183, 218]
[185, 186]
[185, 151]
[186, 222]
[188, 189]
[188, 154]
[189, 190]
[189, 155]
[189, 225]
[190, 191]
[190, 156]
[190, 225]
[191, 192]
[191, 157]
[191, 227]
[192, 158]
[192, 227]
[194, 230]
[194, 229]
[197, 232]
[201, 202]
[201, 236]
[202, 203]
[202, 168]
[202, 238]
[203, 169]
[203, 239]
[203, 238]
[206, 172]
[206, 241]
[212, 178]
[217, 218]
[217, 183]
[222, 188]
[225, 191]
[229, 230]
[235, 236]
[235, 201]
[236, 202]
[238, 239]
[239, 240]
[240, 241]
[240, 206]
