[0, 36]
[0, 35]
[3, 4]
[4, 40]
[8, 9]
[9, 10]
[9, 45]
[10, 46]
[10, 45]
[13, 49]
[16, 17]
[16, 52]
[17, 18]
[17, 53]
[17, 52]
[18, 53]
[22, 23]
[25, 61]
[31, 66]
[35, 36]
[40, 6]
[40, 76]
[40, 75]
[45, 46]
[46, 47]
[47, 13]
[47, 83]
[49, 85]
[49, 84]
[52, 53]
[52, 18]
[53, 89]
[55, 90]
[61, 27]
[61, 97]
[65, 66]
[65, 31]
[68, 34]
[68, 104]
[74, 75]
[74, 40]
[74, 109]
[75, 76]
[76, 112]
[83, 84]
[83, 49]
[83, 118]
[84, 85]
[84, 120]
[85, 120]
[89, 90]
[89, 55]
[89, 125]
[90, 125]
[93, 129]
[97, 98]
[97, 133]
[98, 134]
[98, 133]
[106, 142]
[109, 75]
[109, 145]
[112, 113]
[116, 152]
[116, 151]
[118, 84]
[120, 156]
[123, 89]
[123, 159]
[125, 160]
[129, 165]
[131, 97]
[133, 134]
[133, 168]
[134, 170]
[136, 137]
[136, 171]
[140, 106]
[140, 175]
[142, 143]
[143, 109]
[145, 180]
[151, 152]
[152, 118]
[152, 188]
[156, 192]
[156, 191]
[159, 160]
[159, 125]
[165, 131]
[165, 200]
[168, 134]
[168, 204]
[170, 171]
[170, 136]
[170, 206]
[170, 205]
[171, 137]
[171, 207]
[171, 206]
[174, 209]
[180, 216]
[182, 183]
[182, 217]
[183, 219]
[188, 223]
[190, 191]
[190, 156]
[191, 192]
[191, 227]
[192, 193]
[192, 228]
[192, 227]
[193, 159]
[193, 229]
[193, 228]
[197, 198]
[198, 199]
[198, 234]
[199, 200]
[199, 165]
[199, 234]
[200, 236]
[202, 168]
[202, 238]
[204, 205]
[204, 170]
[205, 206]
[205, 171]
[205, 241]
[206, 207]
[206, 241]
[214, 180]
[216, 217]
[216, 182]
[217, 183]
[222, 223]
[222, 188]
[227, 228]
[227, 193]
[228, 229]
[231, 197]
[234, 200]
[236, 202]
[238, 204]
[241, 207]
