[1, 2]
[1, 37]
[2, 37]
[7, 42]
[9, 45]
[9, 44]
[11, 46]
[14, 50]
[16, 17]
[16, 52]
[17, 18]
[17, 52]
[18, 19]
[24, 25]
[24, 60]
[24, 59]
[25, 61]
[25, 60]
[35, 1]
[35, 71]
[35, 70]
[37, 73]
[39, 40]
[39, 75]
[40, 75]
[42, 77]
[44, 45]
[44, 80]
[45, 46]
[45, 11]
[45, 80]
[46, 82]
[50, 16]
[50, 85]
[52, 18]
[52, 87]
[56, 91]
[58, 59]
[58, 24]
[58, 93]
[59, 60]
[59, 25]
[59, 95]
[60, 61]
[60, 96]
[60, 95]
[61, 62]
[61, 97]
[61, 96]
[62, 97]
[65, 66]
[65, 101]
[66, 67]
[66, 102]
[66, 101]
[67, 103]
[67, 102]
[69, 104]
[70, 71]
[70, 105]
[71, 37]
[71, 107]
[73, 39]
[73, 109]
[73, 108]
[75, 110]
[77, 113]
[77, 112]
[80, 46]
[80, 115]
[82, 83]
[82, 118]
[83, 119]
[83, 118]
[85, 121]
[87, 123]
[87, 122]
[90, 91]
[90, 56]
[91, 127]
[93, 59]
[93, 128]
[95, 96]
[95, 61]
[95, 131]
[95, 130]
[96, 97]
[96, 62]
[96, 131]
[101, 102]
[101, 67]
[101, 136]
[102, 103]
[102, 138]
[103, 104]
[103, 69]
[103, 138]
[105, 71]
[105, 141]
[105, 140]
[107, 108]
[107, 73]
[107, 143]
[107, 142]
[108, 109]
[108, 144]
[108, 143]
[109, 110]
[109, 75]
[109, 144]
[112, 113]
[112, 147]
[113, 149]
[115, 151]
[115, 150]
[118, 119]
[118, 153]
[119, 85]
[121, 122]
[121, 87]
[121, 157]
[121, 156]
[122, 123]
[122, 158]
[122, 157]
[123, 159]
[123, 158]
[127, 128]
[127, 93]
[127, 163]
[128, 164]
[128, 163]
[130, 131]
[130, 96]
[130, 166]
[130, 165]
[131, 97]
[131, 167]
[131, 166]
[134, 170]
[134, 169]
[136, 102]
[136, 171]
[138, 104]
[138, 174]
[140, 141]
[140, 176]
[140, 175]
[141, 142]
[141, 107]
[141, 176]
[142, 143]
[142, 108]
[143, 144]
[143, 109]
[144, 110]
[144, 180]
[147, 113]
[149, 150]
[149, 115]
[150, 151]
[151, 152]
[152, 153]
[152, 118]
[153, 119]
[153, 189]
[156, 157]
[156, 122]
[157, 158]
[157, 123]
[157, 193]
[158, 159]
[158, 193]
[159, 160]
[159, 195]
[160, 161]
[160, 196]
[160, 195]
[161, 127]
[161, 196]
[163, 164]
[163, 199]
[164, 165]
[164, 130]
[164, 199]
[165, 166]
[165, 131]
[166, 167]
[166, 202]
[167, 202]
[169, 170]
[169, 205]
[169, 204]
[170, 171]
[170, 136]
[170, 205]
[174, 209]
[175, 176]
[175, 141]
[176, 142]
[176, 212]
[180, 181]
[180, 216]
[180, 215]
[181, 147]
[181, 216]
[189, 190]
[189, 225]
[190, 156]
[190, 226]
[190, 225]
[193, 159]
[195, 196]
[195, 161]
[199, 165]
[204, 205]
[204, 170]
[204, 240]
[204, 239]
[205, 171]
[205, 240]
[209, 244]
[212, 213]
[215, 216]
[215, 181]
[223, 189]
[225, 226]
[233, 199]
[239, 240]
[239, 205]
