[0, 1]
[0, 36]
[1, 36]
[8, 9]
[15, 16]
[19, 54]
[22, 23]
[22, 57]
[23, 24]
[24, 60]
[26, 27]
[26, 62]
[27, 62]
[31, 32]
[31, 67]
[31, 66]
[32, 33]
[32, 67]
[33, 69]
[47, 83]
[47, 82]
[54, 89]
[57, 23]
[60, 26]
[60, 95]
[64, 65]
[65, 66]
[65, 31]
[65, 101]
[66, 67]
[66, 32]
[66, 101]
[67, 33]
[69, 104]
[79, 80]
[79, 114]
[80, 81]
[81, 82]
[81, 47]
[82, 83]
[82, 118]
[83, 118]
[85, 86]
[85, 121]
[86, 122]
[86, 121]
[101, 67]
[101, 137]
[105, 141]
[105, 140]
[107, 108]
[107, 143]
[108, 143]
[114, 80]
[114, 150]
[118, 153]
[121, 122]
[121, 156]
[126, 161]
[137, 173]
[140, 141]
[140, 175]
[141, 107]
[141, 177]
[143, 179]
[153, 188]
[156, 122]
[161, 196]
[163, 164]
[163, 199]
[164, 200]
[164, 199]
[171, 137]
[171, 206]
[173, 209]
[173, 208]
[175, 141]
[175, 210]
[177, 143]
[177, 213]
[177, 212]
[179, 180]
[179, 214]
[187, 188]
[187, 153]
[187, 222]
[188, 224]
[196, 231]
[199, 200]
[199, 235]
[200, 235]
[202, 237]
[205, 206]
[205, 171]
[205, 240]
[208, 209]
[208, 244]
[208, 243]
[209, 244]
[212, 213]
[213, 214]
[213, 179]
[214, 180]
[222, 188]
[224, 225]
[225, 226]
[233, 199]
[239, 240]
[239, 205]
[240, 206]
[243, 244]
[243, 209]
