[0, 1]
[0, 36]
[0, 35]
[1, 2]
[1, 36]
[2, 38]
[5, 6]
[5, 40]
[10, 11]
[10, 46]
[11, 47]
[11, 46]
[16, 17]
[21, 22]
[21, 57]
[22, 23]
[22, 57]
[26, 61]
[30, 66]
[35, 36]
[35, 1]
[35, 70]
[36, 2]
[36, 72]
[38, 74]
[40, 6]
[40, 75]
[43, 79]
[46, 47]
[46, 81]
[50, 16]
[50, 86]
[50, 85]
[57, 23]
[57, 93]
[57, 92]
[66, 102]
[66, 101]
[68, 34]
[68, 104]
[70, 36]
[70, 106]
[70, 105]
[72, 38]
[72, 108]
[72, 107]
[74, 75]
[74, 40]
[74, 109]
[77, 43]
[79, 80]
[79, 115]
[79, 114]
[80, 81]
[80, 46]
[80, 115]
[81, 47]
[81, 117]
[84, 85]
[84, 50]
[84, 120]
[85, 86]
[85, 120]
[88, 124]
[88, 123]
[90, 91]
[90, 126]
[90, 125]
[91, 92]
[91, 57]
[91, 126]
[92, 93]
[92, 128]
[93, 94]
[93, 129]
[93, 128]
[94, 130]
[94, 129]
[100, 101]
[100, 66]
[100, 136]
[100, 135]
[101, 102]
[101, 136]
[102, 68]
[102, 138]
[104, 139]
[105, 106]
[105, 141]
[106, 107]
[106, 72]
[106, 142]
[106, 141]
[107, 108]
[107, 142]
[108, 109]
[108, 74]
[108, 144]
[109, 75]
[109, 144]
[114, 115]
[114, 80]
[114, 150]
[114, 149]
[115, 81]
[115, 151]
[115, 150]
[117, 152]
[120, 86]
[123, 124]
[124, 125]
[124, 90]
[125, 126]
[125, 91]
[126, 92]
[126, 162]
[128, 129]
[128, 94]
[129, 130]
[129, 165]
[130, 165]
[134, 135]
[134, 100]
[135, 136]
[135, 101]
[135, 171]
[136, 102]
[136, 171]
[138, 139]
[138, 104]
[141, 142]
[141, 107]
[142, 108]
[142, 178]
[144, 179]
[148, 149]
[148, 114]
[148, 184]
[149, 150]
[149, 115]
[149, 184]
[150, 151]
[150, 186]
[151, 152]
[151, 117]
[151, 187]
[151, 186]
[152, 187]
[154, 120]
[154, 190]
[154, 189]
[162, 128]
[162, 198]
[162, 197]
[165, 201]
[165, 200]
[167, 168]
[168, 134]
[168, 204]
[171, 206]
[178, 179]
[178, 144]
[178, 213]
[179, 215]
[181, 182]
[181, 216]
[182, 148]
[184, 150]
[184, 220]
[186, 187]
[186, 152]
[186, 221]
[189, 190]
[189, 225]
[189, 224]
[190, 225]
[196, 197]
[196, 162]
[197, 198]
[197, 233]
[198, 199]
[198, 233]
[199, 200]
[199, 165]
[200, 201]
[200, 236]
[201, 167]
[201, 236]
[206, 242]
[206, 241]
[213, 179]
[215, 216]
[215, 181]
[216, 182]
[220, 221]
[220, 186]
[221, 187]
[224, 225]
[224, 190]
[228, 229]
[233, 199]
[238, 204]
[241, 242]
[242, 208]
