[3, 39]
[3, 38]
[8, 9]
[8, 44]
[9, 44]
[13, 48]
[16, 17]
[16, 52]
[16, 51]
[17, 18]
[17, 52]
[18, 54]
[20, 56]
[22, 23]
[23, 24]
[26, 62]
[26, 61]
[29, 64]
[31, 67]
[34, 69]
[38, 39]
[39, 5]
[39, 75]
[42, 8]
[42, 78]
[44, 79]
[48, 83]
[51, 52]
[51, 17]
[51, 87]
[52, 18]
[52, 87]
[54, 20]
[56, 22]
[56, 92]
[61, 62]
[61, 96]
[62, 63]
[62, 98]
[63, 64]
[63, 29]
[63, 98]
[67, 68]
[68, 69]
[68, 34]
[68, 104]
[69, 104]
[75, 76]
[76, 42]
[78, 79]
[78, 44]
[78, 113]
[83, 119]
[87, 123]
[92, 93]
[92, 128]
[93, 94]
[93, 128]
[94, 95]
[95, 96]
[95, 61]
[95, 131]
[96, 62]
[96, 132]
[96, 131]
[98, 64]
[98, 133]
[105, 106]
[105, 141]
[105, 140]
[106, 142]
[106, 141]
[108, 143]
[113, 79]
[113, 148]
[117, 83]
[117, 153]
[119, 154]
[123, 159]
[126, 92]
[126, 162]
[128, 94]
[131, 132]
[131, 166]
[132, 133]
[132, 98]
[133, 169]
[137, 173]
[140, 141]
[140, 106]
[140, 176]
[141, 142]
[141, 177]
[141, 176]
[142, 143]
[142, 108]
[142, 178]
[142, 177]
[143, 178]
[145, 146]
[146, 147]
[146, 182]
[147, 148]
[147, 113]
[147, 182]
[148, 184]
[151, 117]
[153, 154]
[153, 119]
[153, 189]
[153, 188]
[154, 189]
[156, 157]
[156, 191]
[157, 123]
[162, 128]
[162, 197]
[165, 166]
[165, 131]
[165, 201]
[165, 200]
[166, 132]
[166, 201]
[169, 135]
[173, 174]
[176, 177]
[176, 142]
[177, 178]
[177, 143]
[177, 213]
[178, 213]
[182, 148]
[182, 218]
[182, 217]
[184, 220]
[184, 219]
[188, 189]
[188, 154]
[191, 157]
[191, 227]
[196, 197]
[196, 162]
[196, 231]
[197, 233]
[200, 201]
[200, 166]
[200, 236]
[201, 237]
[201, 236]
[203, 169]
[203, 239]
[215, 216]
[216, 217]
[216, 182]
[217, 218]
[218, 219]
[218, 184]
[219, 220]
[222, 188]
[231, 197]
[236, 237]
[237, 203]
