[2, 3]
[2, 38]
[3, 4]
[3, 38]
[4, 40]
[6, 42]
[6, 41]
[17, 18]
[17, 53]
[17, 52]
[18, 19]
[18, 53]
[21, 57]
[24, 25]
[24, 60]
[24, 59]
[25, 61]
[25, 60]
[31, 32]
[31, 66]
[32, 68]
[36, 2]
[36, 72]
[38, 4]
[38, 74]
[38, 73]
[40, 41]
[40, 6]
[40, 75]
[41, 42]
[41, 77]
[42, 43]
[42, 77]
[43, 9]
[43, 79]
[48, 49]
[52, 53]
[52, 18]
[52, 88]
[53, 19]
[53, 88]
[57, 93]
[57, 92]
[59, 60]
[59, 25]
[59, 94]
[60, 61]
[60, 96]
[61, 96]
[66, 32]
[66, 102]
[66, 101]
[68, 34]
[68, 104]
[68, 103]
[72, 73]
[72, 38]
[72, 108]
[73, 74]
[73, 108]
[74, 75]
[74, 40]
[74, 110]
[75, 41]
[75, 110]
[77, 43]
[81, 82]
[82, 48]
[91, 92]
[91, 57]
[91, 126]
[92, 93]
[93, 94]
[93, 59]
[94, 60]
[96, 131]
[99, 100]
[99, 135]
[100, 101]
[100, 66]
[100, 136]
[100, 135]
[101, 102]
[101, 136]
[102, 103]
[102, 68]
[102, 138]
[103, 104]
[103, 138]
[108, 74]
[110, 146]
[119, 154]
[125, 126]
[125, 91]
[125, 161]
[126, 92]
[126, 161]
[131, 167]
[131, 166]
[133, 99]
[133, 169]
[135, 136]
[135, 101]
[135, 170]
[136, 102]
[138, 104]
[138, 173]
[140, 141]
[140, 176]
[141, 177]
[141, 176]
[146, 181]
[150, 151]
[150, 185]
[156, 191]
[158, 159]
[158, 194]
[159, 125]
[159, 194]
[164, 165]
[164, 199]
[165, 166]
[165, 131]
[165, 201]
[166, 167]
[166, 201]
[167, 133]
[167, 203]
[169, 170]
[169, 135]
[169, 205]
[170, 136]
[170, 205]
[173, 209]
[176, 177]
[179, 215]
[179, 214]
[183, 184]
[184, 185]
[184, 150]
[184, 220]
[185, 151]
[185, 221]
[185, 220]
[188, 154]
[188, 223]
[191, 227]
[191, 226]
[194, 230]
[198, 199]
[198, 164]
[198, 233]
[199, 165]
[199, 235]
[201, 167]
[203, 169]
[203, 239]
[203, 238]
[205, 240]
[207, 173]
[207, 243]
[214, 215]
[215, 181]
[220, 221]
[221, 222]
[222, 223]
[222, 188]
[226, 227]
[227, 228]
[228, 194]
[230, 231]
[231, 232]
[232, 233]
[232, 198]
[233, 199]
[235, 201]
[238, 239]
[239, 240]
[239, 205]
[243, 209]
