[1, 2]
[1, 37]
[2, 3]
[2, 38]
[2, 37]
[3, 4]
[3, 38]
[10, 11]
[10, 46]
[11, 12]
[11, 47]
[11, 46]
[12, 13]
[12, 48]
[12, 47]
[13, 48]
[15, 50]
[17, 18]
[17, 53]
[17, 52]
[18, 19]
[18, 53]
[19, 55]
[21, 22]
[21, 56]
[22, 58]
[25, 61]
[35, 1]
[35, 71]
[37, 38]
[37, 3]
[37, 72]
[38, 4]
[38, 74]
[46, 47]
[46, 12]
[46, 81]
[47, 48]
[47, 13]
[48, 84]
[50, 86]
[50, 85]
[52, 53]
[52, 18]
[52, 88]
[53, 19]
[53, 89]
[53, 88]
[55, 56]
[55, 21]
[55, 91]
[56, 22]
[56, 91]
[58, 94]
[58, 93]
[61, 97]
[68, 34]
[68, 104]
[68, 103]
[71, 72]
[71, 37]
[72, 38]
[72, 108]
[74, 110]
[76, 112]
[78, 79]
[79, 115]
[81, 47]
[84, 85]
[84, 50]
[85, 86]
[86, 52]
[86, 122]
[88, 89]
[88, 124]
[89, 55]
[89, 125]
[89, 124]
[91, 126]
[93, 94]
[93, 129]
[93, 128]
[94, 129]
[97, 98]
[97, 133]
[98, 99]
[98, 133]
[99, 100]
[100, 101]
[100, 136]
[101, 102]
[101, 137]
[101, 136]
[102, 103]
[102, 68]
[102, 137]
[103, 104]
[103, 139]
[104, 139]
[108, 74]
[108, 144]
[110, 76]
[110, 146]
[112, 78]
[112, 147]
[115, 81]
[118, 84]
[118, 154]
[122, 88]
[122, 158]
[124, 125]
[124, 159]
[125, 126]
[125, 91]
[125, 161]
[126, 162]
[126, 161]
[128, 129]
[128, 94]
[128, 164]
[129, 165]
[129, 164]
[131, 97]
[131, 167]
[131, 166]
[133, 99]
[133, 169]
[136, 137]
[136, 102]
[136, 172]
[136, 171]
[137, 103]
[137, 173]
[137, 172]
[139, 174]
[144, 110]
[144, 180]
[144, 179]
[146, 147]
[146, 112]
[146, 182]
[147, 183]
[147, 182]
[152, 118]
[152, 188]
[156, 122]
[156, 192]
[156, 191]
[158, 159]
[158, 124]
[158, 194]
[159, 125]
[159, 195]
[159, 194]
[161, 162]
[161, 197]
[162, 128]
[162, 198]
[162, 197]
[164, 165]
[165, 166]
[165, 131]
[165, 201]
[166, 167]
[166, 202]
[166, 201]
[167, 133]
[167, 203]
[167, 202]
[171, 172]
[171, 137]
[172, 173]
[172, 208]
[173, 174]
[173, 139]
[173, 209]
[173, 208]
[174, 209]
[175, 141]
[175, 211]
[175, 210]
[178, 179]
[178, 144]
[178, 213]
[179, 180]
[180, 146]
[180, 216]
[182, 183]
[182, 218]
[183, 184]
[183, 219]
[183, 218]
[184, 219]
[186, 152]
[186, 221]
[188, 154]
[188, 223]
[191, 192]
[191, 226]
[192, 158]
[194, 195]
[194, 230]
[194, 229]
[195, 161]
[195, 230]
[197, 198]
[197, 233]
[197, 232]
[198, 164]
[198, 233]
[201, 202]
[201, 167]
[201, 237]
[202, 203]
[202, 237]
[203, 169]
[203, 239]
[208, 209]
[208, 174]
[208, 244]
[208, 243]
[209, 244]
[210, 211]
[211, 212]
[212, 213]
[212, 178]
[213, 179]
[216, 182]
[218, 219]
[218, 184]
[225, 226]
[225, 191]
[226, 192]
[229, 230]
[229, 195]
[232, 233]
[232, 198]
[235, 201]
[237, 203]
[241, 242]
[242, 243]
[242, 208]
[243, 244]
[243, 209]
