[0, 1]
[0, 36]
[0, 35]
[1, 36]
[5, 6]
[5, 41]
[5, 40]
[6, 7]
[6, 42]
[6, 41]
[7, 8]
[7, 43]
[7, 42]
[8, 9]
[8, 43]
[19, 20]
[19, 55]
[20, 21]
[20, 55]
[21, 57]
[24, 60]
[26, 61]
[28, 64]
[30, 31]
[30, 66]
[31, 67]
[31, 66]
[33, 68]
[35, 36]
[35, 1]
[35, 70]
[40, 41]
[40, 6]
[40, 76]
[40, 75]
[41, 42]
[41, 7]
[41, 77]
[41, 76]
[42, 43]
[42, 8]
[42, 77]
[43, 9]
[43, 79]
[47, 13]
[47, 82]
[50, 51]
[51, 52]
[51, 87]
[52, 88]
[52, 87]
[55, 21]
[57, 93]
[57, 92]
[60, 61]
[60, 26]
[60, 96]
[61, 97]
[61, 96]
[64, 30]
[66, 67]
[66, 102]
[67, 68]
[67, 33]
[67, 103]
[67, 102]
[68, 104]
[68, 103]
[70, 36]
[70, 106]
[75, 76]
[75, 41]
[75, 110]
[76, 77]
[76, 42]
[76, 112]
[77, 43]
[77, 112]
[82, 117]
[87, 88]
[87, 123]
[88, 123]
[92, 93]
[92, 127]
[93, 94]
[93, 129]
[94, 60]
[94, 129]
[96, 97]
[96, 132]
[96, 131]
[97, 98]
[97, 132]
[98, 64]
[102, 103]
[102, 68]
[102, 137]
[103, 104]
[103, 139]
[104, 139]
[106, 107]
[106, 142]
[106, 141]
[107, 108]
[107, 142]
[108, 109]
[108, 144]
[109, 110]
[109, 75]
[109, 145]
[109, 144]
[110, 76]
[110, 146]
[110, 145]
[117, 152]
[120, 121]
[120, 156]
[121, 87]
[121, 156]
[123, 159]
[123, 158]
[125, 126]
[126, 127]
[126, 92]
[127, 93]
[131, 132]
[131, 97]
[131, 167]
[131, 166]
[132, 98]
[132, 167]
[137, 103]
[137, 172]
[141, 142]
[141, 107]
[141, 176]
[142, 108]
[142, 178]
[144, 145]
[144, 110]
[144, 180]
[145, 146]
[145, 181]
[145, 180]
[146, 112]
[146, 181]
[150, 186]
[152, 187]
[156, 191]
[158, 159]
[159, 125]
[159, 195]
[166, 167]
[166, 132]
[166, 201]
[169, 204]
[171, 172]
[171, 137]
[171, 207]
[171, 206]
[172, 208]
[172, 207]
[175, 176]
[175, 141]
[175, 211]
[176, 142]
[176, 211]
[178, 144]
[180, 181]
[180, 146]
[181, 217]
[183, 184]
[183, 219]
[183, 218]
[184, 150]
[184, 219]
[186, 187]
[186, 152]
[186, 222]
[186, 221]
[187, 222]
[190, 191]
[190, 156]
[190, 225]
[195, 230]
[197, 233]
[199, 234]
[201, 167]
[201, 236]
[204, 240]
[204, 239]
[206, 207]
[206, 172]
[206, 242]
[207, 208]
[207, 243]
[207, 242]
[208, 243]
[217, 218]
[217, 183]
[218, 219]
[218, 184]
[221, 222]
[221, 187]
[224, 225]
[224, 190]
[225, 191]
[229, 230]
[229, 195]
[233, 234]
[233, 199]
[238, 239]
[238, 204]
[239, 240]
[240, 206]
[242, 243]
[242, 208]
