[1, 2]
[1, 37]
[1, 36]
[2, 3]
[2, 37]
[3, 39]
[5, 41]
[5, 40]
[9, 45]
[12, 13]
[13, 14]
[13, 49]
[14, 50]
[14, 49]
[16, 17]
[16, 51]
[17, 53]
[21, 57]
[21, 56]
[23, 59]
[30, 66]
[30, 65]
[32, 33]
[32, 67]
[33, 34]
[35, 36]
[35, 1]
[35, 71]
[36, 37]
[36, 2]
[36, 71]
[37, 3]
[37, 73]
[39, 40]
[39, 5]
[39, 75]
[40, 41]
[40, 75]
[41, 77]
[43, 9]
[43, 78]
[49, 50]
[49, 85]
[50, 51]
[50, 16]
[50, 86]
[50, 85]
[51, 17]
[51, 87]
[51, 86]
[53, 88]
[56, 57]
[57, 23]
[57, 93]
[62, 98]
[62, 97]
[64, 65]
[64, 30]
[64, 99]
[65, 66]
[66, 67]
[66, 32]
[67, 33]
[67, 103]
[71, 37]
[71, 106]
[73, 39]
[73, 108]
[75, 41]
[75, 111]
[75, 110]
[77, 78]
[77, 43]
[77, 113]
[78, 113]
[82, 118]
[82, 117]
[85, 86]
[85, 51]
[86, 87]
[86, 122]
[87, 88]
[87, 53]
[87, 123]
[87, 122]
[88, 124]
[88, 123]
[90, 56]
[93, 59]
[93, 129]
[96, 97]
[96, 62]
[96, 131]
[97, 98]
[98, 99]
[98, 64]
[99, 65]
[103, 104]
[103, 138]
[105, 106]
[105, 71]
[106, 142]
[110, 111]
[110, 146]
[111, 77]
[111, 147]
[111, 146]
[113, 148]
[117, 118]
[117, 152]
[122, 123]
[122, 88]
[122, 158]
[122, 157]
[123, 124]
[123, 159]
[123, 158]
[124, 90]
[124, 160]
[124, 159]
[129, 130]
[129, 165]
[130, 131]
[130, 96]
[130, 166]
[130, 165]
[131, 97]
[131, 167]
[131, 166]
[137, 138]
[137, 103]
[138, 104]
[142, 108]
[142, 177]
[146, 147]
[147, 148]
[147, 113]
[147, 183]
[148, 184]
[148, 183]
[151, 152]
[151, 117]
[152, 118]
[155, 191]
[155, 190]
[157, 158]
[157, 123]
[158, 159]
[158, 124]
[158, 194]
[159, 160]
[159, 195]
[159, 194]
[160, 161]
[160, 196]
[160, 195]
[161, 162]
[161, 197]
[161, 196]
[162, 198]
[162, 197]
[165, 166]
[165, 131]
[166, 167]
[167, 168]
[168, 169]
[168, 204]
[169, 204]
[171, 137]
[171, 206]
[176, 177]
[176, 142]
[176, 212]
[177, 212]
[179, 215]
[179, 214]
[183, 184]
[183, 219]
[183, 218]
[184, 220]
[184, 219]
[189, 190]
[189, 155]
[190, 191]
[191, 157]
[194, 195]
[194, 160]
[195, 196]
[195, 161]
[195, 231]
[196, 197]
[196, 162]
[196, 231]
[197, 198]
[197, 233]
[198, 199]
[198, 234]
[198, 233]
[199, 165]
[199, 235]
[199, 234]
[204, 240]
[204, 239]
[206, 242]
[214, 215]
[218, 219]
[218, 184]
[219, 220]
[220, 221]
[223, 189]
[231, 197]
[233, 234]
[233, 199]
[234, 235]
[235, 236]
[239, 240]
[240, 206]
