[0, 36]
[0, 35]
[6, 42]
[8, 9]
[8, 43]
[9, 45]
[14, 50]
[17, 53]
[19, 20]
[25, 60]
[27, 28]
[27, 63]
[28, 29]
[28, 63]
[34, 69]
[35, 36]
[35, 70]
[36, 37]
[36, 72]
[37, 72]
[40, 6]
[40, 75]
[42, 43]
[42, 8]
[43, 9]
[45, 46]
[45, 81]
[45, 80]
[46, 81]
[48, 14]
[48, 83]
[50, 51]
[50, 86]
[50, 85]
[51, 17]
[51, 87]
[51, 86]
[53, 19]
[53, 89]
[53, 88]
[57, 23]
[57, 93]
[60, 96]
[60, 95]
[63, 29]
[67, 103]
[69, 104]
[70, 36]
[70, 105]
[72, 108]
[72, 107]
[74, 75]
[74, 40]
[74, 109]
[80, 81]
[80, 46]
[80, 115]
[83, 119]
[85, 86]
[85, 51]
[86, 87]
[87, 88]
[87, 53]
[87, 123]
[88, 89]
[88, 123]
[93, 94]
[93, 128]
[94, 95]
[94, 60]
[95, 96]
[95, 131]
[96, 97]
[96, 132]
[96, 131]
[97, 63]
[97, 132]
[103, 104]
[103, 69]
[107, 108]
[108, 109]
[108, 74]
[109, 75]
[115, 81]
[115, 151]
[115, 150]
[119, 85]
[119, 155]
[123, 89]
[123, 159]
[123, 158]
[128, 94]
[131, 132]
[131, 97]
[131, 167]
[132, 167]
[135, 136]
[135, 170]
[136, 137]
[137, 103]
[137, 173]
[146, 182]
[148, 183]
[150, 151]
[150, 185]
[151, 152]
[155, 156]
[156, 157]
[156, 192]
[157, 158]
[157, 123]
[157, 193]
[157, 192]
[158, 159]
[158, 193]
[159, 160]
[160, 161]
[170, 136]
[170, 206]
[170, 205]
[173, 209]
[173, 208]
[176, 212]
[178, 214]
[178, 213]
[182, 183]
[182, 148]
[182, 218]
[183, 219]
[183, 218]
[185, 151]
[185, 221]
[189, 155]
[189, 225]
[192, 193]
[192, 158]
[193, 159]
[199, 235]
[205, 206]
[206, 207]
[207, 208]
[207, 173]
[208, 209]
[208, 244]
[209, 244]
[210, 176]
[212, 213]
[212, 178]
[213, 214]
[214, 215]
[215, 216]
[216, 182]
[218, 219]
[219, 185]
[233, 199]
[235, 236]
