[5, 6]
[5, 41]
[6, 41]
[8, 44]
[8, 43]
[10, 11]
[11, 12]
[15, 50]
[17, 18]
[17, 53]
[17, 52]
[18, 19]
[18, 53]
[19, 55]
[32, 68]
[38, 73]
[41, 77]
[43, 44]
[43, 78]
[44, 10]
[44, 80]
[50, 86]
[52, 53]
[52, 18]
[53, 19]
[53, 89]
[55, 56]
[55, 90]
[56, 57]
[57, 58]
[57, 93]
[58, 93]
[62, 28]
[62, 97]
[65, 101]
[65, 100]
[68, 103]
[70, 106]
[70, 105]
[73, 109]
[75, 41]
[75, 111]
[77, 78]
[77, 43]
[77, 112]
[78, 44]
[78, 114]
[80, 116]
[82, 117]
[86, 52]
[86, 122]
[89, 90]
[89, 55]
[89, 125]
[90, 56]
[90, 126]
[90, 125]
[93, 129]
[93, 128]
[95, 96]
[95, 130]
[96, 97]
[96, 62]
[100, 101]
[100, 136]
[100, 135]
[101, 102]
[101, 136]
[102, 103]
[102, 68]
[103, 139]
[105, 106]
[105, 141]
[106, 107]
[106, 141]
[107, 73]
[109, 75]
[109, 145]
[109, 144]
[111, 112]
[111, 77]
[111, 147]
[111, 146]
[112, 78]
[112, 148]
[112, 147]
[114, 80]
[114, 150]
[114, 149]
[116, 117]
[116, 82]
[116, 151]
[119, 155]
[119, 154]
[122, 123]
[122, 158]
[122, 157]
[123, 89]
[123, 159]
[123, 158]
[125, 126]
[125, 160]
[128, 129]
[129, 130]
[129, 95]
[129, 165]
[130, 96]
[130, 165]
[134, 135]
[134, 100]
[134, 170]
[135, 136]
[135, 101]
[135, 171]
[135, 170]
[136, 102]
[136, 172]
[136, 171]
[139, 174]
[141, 107]
[144, 145]
[144, 180]
[145, 146]
[145, 111]
[145, 180]
[146, 147]
[146, 112]
[147, 148]
[148, 149]
[148, 114]
[148, 184]
[149, 150]
[149, 184]
[150, 151]
[150, 116]
[151, 117]
[154, 155]
[154, 190]
[155, 156]
[155, 190]
[156, 157]
[156, 122]
[157, 158]
[157, 123]
[158, 159]
[158, 194]
[159, 160]
[159, 125]
[159, 194]
[160, 126]
[165, 201]
[165, 200]
[168, 134]
[168, 203]
[170, 171]
[170, 136]
[170, 205]
[171, 172]
[172, 173]
[172, 208]
[173, 174]
[173, 139]
[173, 208]
[175, 141]
[175, 210]
[178, 144]
[178, 214]
[178, 213]
[180, 146]
[180, 215]
[184, 150]
[184, 220]
[184, 219]
[190, 156]
[194, 160]
[194, 230]
[198, 199]
[199, 200]
[199, 165]
[199, 235]
[200, 201]
[200, 235]
[201, 202]
[202, 203]
[202, 168]
[202, 238]
[203, 238]
[205, 171]
[205, 241]
[208, 174]
[208, 244]
[208, 243]
[213, 214]
[214, 215]
[214, 180]
[218, 219]
[218, 184]
[219, 220]
[220, 221]
[227, 228]
[228, 194]
[230, 231]
[235, 201]
[243, 244]
