[0, 1]
[0, 35]
[1, 2]
[7, 8]
[7, 43]
[8, 44]
[8, 43]
[10, 11]
[10, 46]
[10, 45]
[11, 12]
[11, 46]
[14, 15]
[14, 49]
[15, 16]
[16, 17]
[17, 18]
[17, 53]
[18, 19]
[18, 53]
[22, 23]
[22, 57]
[23, 24]
[23, 59]
[24, 60]
[24, 59]
[26, 27]
[26, 62]
[26, 61]
[27, 63]
[27, 62]
[29, 64]
[32, 68]
[32, 67]
[35, 1]
[35, 71]
[39, 5]
[39, 75]
[43, 44]
[43, 79]
[44, 45]
[44, 10]
[44, 80]
[44, 79]
[45, 46]
[45, 11]
[45, 81]
[45, 80]
[46, 12]
[46, 82]
[46, 81]
[49, 15]
[49, 84]
[53, 19]
[53, 89]
[56, 57]
[56, 22]
[57, 23]
[57, 93]
[59, 60]
[59, 94]
[60, 61]
[60, 26]
[61, 62]
[61, 27]
[62, 63]
[63, 64]
[63, 29]
[64, 100]
[66, 67]
[66, 32]
[66, 101]
[67, 68]
[67, 103]
[68, 103]
[71, 72]
[71, 107]
[72, 73]
[72, 108]
[72, 107]
[73, 39]
[73, 108]
[75, 76]
[75, 111]
[75, 110]
[76, 111]
[79, 80]
[79, 45]
[79, 115]
[80, 81]
[80, 46]
[80, 115]
[81, 82]
[82, 83]
[83, 84]
[83, 49]
[83, 119]
[84, 119]
[89, 125]
[89, 124]
[93, 94]
[93, 59]
[93, 129]
[94, 60]
[94, 129]
[100, 101]
[100, 66]
[100, 135]
[101, 67]
[105, 71]
[105, 141]
[107, 108]
[107, 73]
[107, 143]
[107, 142]
[108, 144]
[108, 143]
[110, 111]
[110, 76]
[110, 145]
[113, 79]
[113, 148]
[115, 81]
[115, 151]
[115, 150]
[119, 155]
[122, 158]
[124, 125]
[124, 160]
[125, 126]
[125, 161]
[125, 160]
[126, 127]
[126, 162]
[126, 161]
[127, 93]
[127, 162]
[129, 165]
[129, 164]
[132, 133]
[132, 168]
[132, 167]
[133, 168]
[135, 101]
[135, 171]
[141, 142]
[141, 107]
[142, 143]
[142, 108]
[142, 178]
[143, 144]
[143, 179]
[143, 178]
[144, 145]
[144, 110]
[144, 180]
[144, 179]
[145, 111]
[145, 181]
[145, 180]
[148, 184]
[150, 151]
[150, 185]
[151, 152]
[151, 187]
[152, 187]
[155, 190]
[158, 124]
[158, 194]
[160, 161]
[160, 126]
[160, 195]
[161, 162]
[161, 127]
[162, 198]
[164, 165]
[164, 200]
[164, 199]
[165, 166]
[165, 201]
[165, 200]
[166, 167]
[166, 132]
[166, 202]
[166, 201]
[167, 168]
[167, 133]
[167, 202]
[171, 172]
[172, 173]
[172, 208]
[173, 208]
[178, 179]
[178, 144]
[178, 214]
[178, 213]
[179, 180]
[179, 145]
[179, 215]
[179, 214]
[180, 181]
[180, 216]
[180, 215]
[181, 216]
[184, 185]
[184, 150]
[184, 219]
[185, 151]
[187, 223]
[190, 225]
[192, 158]
[192, 228]
[192, 227]
[194, 195]
[194, 160]
[194, 229]
[195, 161]
[198, 199]
[198, 164]
[198, 234]
[198, 233]
[199, 200]
[199, 165]
[199, 235]
[199, 234]
[200, 201]
[200, 166]
[200, 236]
[200, 235]
[201, 202]
[201, 167]
[201, 237]
[201, 236]
[202, 168]
[202, 237]
[205, 171]
[208, 244]
[208, 243]
[211, 212]
[212, 213]
[212, 178]
[213, 214]
[213, 179]
[214, 215]
[214, 180]
[215, 216]
[215, 181]
[218, 219]
[218, 184]
[219, 185]
[227, 228]
[228, 229]
[228, 194]
[229, 195]
[232, 233]
[232, 198]
[233, 234]
[233, 199]
[234, 235]
[234, 200]
[235, 236]
[235, 201]
[236, 237]
[236, 202]
[243, 244]
