[2, 38]
[2, 37]
[4, 40]
[7, 8]
[8, 9]
[8, 44]
[9, 10]
[9, 45]
[9, 44]
[10, 46]
[10, 45]
[13, 14]
[14, 15]
[14, 50]
[15, 16]
[15, 50]
[16, 17]
[16, 52]
[17, 18]
[17, 53]
[17, 52]
[18, 19]
[18, 53]
[19, 20]
[19, 55]
[20, 55]
[23, 24]
[24, 60]
[26, 27]
[26, 62]
[27, 62]
[35, 36]
[35, 71]
[35, 70]
[36, 37]
[36, 2]
[36, 72]
[36, 71]
[37, 38]
[37, 73]
[37, 72]
[38, 4]
[38, 74]
[38, 73]
[40, 76]
[44, 45]
[44, 10]
[44, 79]
[45, 46]
[45, 81]
[46, 81]
[50, 16]
[50, 86]
[50, 85]
[52, 53]
[52, 18]
[52, 88]
[52, 87]
[53, 19]
[53, 89]
[53, 88]
[55, 91]
[57, 23]
[57, 93]
[60, 26]
[60, 95]
[62, 98]
[62, 97]
[64, 30]
[67, 103]
[70, 71]
[70, 36]
[71, 72]
[71, 37]
[72, 73]
[72, 38]
[72, 108]
[73, 74]
[73, 109]
[73, 108]
[74, 40]
[74, 110]
[74, 109]
[76, 112]
[76, 111]
[79, 45]
[83, 84]
[84, 85]
[84, 50]
[85, 86]
[86, 87]
[86, 52]
[87, 88]
[87, 53]
[88, 89]
[88, 124]
[89, 55]
[89, 125]
[89, 124]
[91, 57]
[91, 127]
[91, 126]
[93, 94]
[93, 128]
[94, 95]
[94, 60]
[95, 131]
[97, 98]
[98, 64]
[98, 134]
[103, 69]
[103, 139]
[103, 138]
[108, 109]
[108, 74]
[108, 143]
[109, 110]
[109, 145]
[110, 111]
[110, 76]
[110, 145]
[111, 112]
[124, 125]
[124, 160]
[124, 159]
[125, 126]
[125, 91]
[125, 160]
[126, 127]
[126, 162]
[127, 128]
[127, 93]
[127, 163]
[127, 162]
[128, 94]
[128, 163]
[131, 97]
[131, 167]
[131, 166]
[134, 135]
[134, 170]
[134, 169]
[135, 136]
[135, 171]
[135, 170]
[136, 137]
[136, 172]
[136, 171]
[137, 138]
[137, 103]
[137, 172]
[138, 139]
[140, 175]
[143, 109]
[143, 179]
[145, 111]
[145, 181]
[156, 192]
[156, 191]
[158, 159]
[158, 124]
[159, 160]
[159, 125]
[159, 195]
[160, 126]
[160, 195]
[162, 163]
[162, 128]
[162, 197]
[165, 166]
[165, 131]
[166, 167]
[166, 202]
[167, 203]
[167, 202]
[169, 170]
[169, 135]
[169, 205]
[170, 171]
[170, 136]
[170, 205]
[171, 172]
[171, 137]
[172, 138]
[172, 208]
[175, 211]
[175, 210]
[177, 143]
[179, 145]
[181, 182]
[181, 217]
[182, 217]
[186, 222]
[186, 221]
[188, 154]
[188, 223]
[191, 192]
[191, 226]
[192, 158]
[192, 228]
[195, 230]
[197, 163]
[197, 232]
[202, 203]
[202, 238]
[203, 169]
[203, 238]
[205, 171]
[208, 243]
[210, 211]
[211, 177]
[221, 222]
[222, 223]
[222, 188]
[226, 192]
[236, 202]
[242, 243]
[242, 208]
