[4, 40]
[4, 39]
[8, 43]
[10, 45]
[12, 48]
[12, 47]
[14, 15]
[17, 18]
[20, 21]
[20, 56]
[20, 55]
[21, 22]
[21, 56]
[22, 58]
[24, 60]
[26, 61]
[28, 63]
[38, 39]
[38, 4]
[38, 73]
[39, 40]
[39, 75]
[40, 6]
[40, 75]
[45, 80]
[47, 48]
[47, 83]
[48, 14]
[48, 83]
[55, 56]
[55, 21]
[55, 90]
[56, 22]
[56, 92]
[58, 24]
[60, 61]
[60, 26]
[60, 95]
[72, 73]
[72, 38]
[73, 39]
[75, 111]
[77, 43]
[83, 118]
[85, 120]
[90, 56]
[90, 125]
[92, 58]
[92, 127]
[95, 61]
[95, 131]
[100, 66]
[100, 136]
[111, 77]
[111, 147]
[118, 154]
[124, 125]
[124, 90]
[124, 160]
[124, 159]
[125, 161]
[125, 160]
[129, 95]
[129, 165]
[129, 164]
[131, 166]
[136, 171]
[144, 145]
[144, 180]
[145, 111]
[145, 180]
[147, 148]
[147, 182]
[151, 152]
[152, 118]
[152, 188]
[154, 120]
[158, 159]
[158, 124]
[158, 194]
[159, 160]
[159, 125]
[159, 195]
[159, 194]
[160, 161]
[160, 196]
[160, 195]
[161, 127]
[161, 197]
[161, 196]
[164, 165]
[164, 200]
[165, 166]
[165, 131]
[165, 200]
[176, 211]
[180, 216]
[182, 148]
[182, 218]
[185, 151]
[185, 220]
[188, 154]
[188, 224]
[192, 158]
[194, 195]
[194, 160]
[194, 230]
[194, 229]
[195, 196]
[195, 161]
[195, 230]
[196, 197]
[197, 198]
[198, 164]
[200, 166]
[205, 171]
[205, 240]
[208, 209]
[216, 182]
[218, 219]
[219, 220]
[219, 185]
[222, 188]
[224, 225]
[229, 230]
[229, 195]
[230, 196]
[239, 240]
[239, 205]
[242, 208]
