[4, 5]
[4, 39]
[5, 41]
[13, 14]
[13, 49]
[14, 49]
[17, 53]
[17, 52]
[22, 23]
[22, 58]
[22, 57]
[23, 24]
[23, 58]
[28, 29]
[28, 64]
[28, 63]
[29, 65]
[29, 64]
[31, 67]
[33, 34]
[37, 38]
[37, 73]
[38, 39]
[38, 4]
[38, 74]
[38, 73]
[39, 5]
[39, 74]
[41, 42]
[42, 43]
[43, 79]
[45, 46]
[52, 53]
[52, 88]
[53, 54]
[53, 89]
[53, 88]
[54, 89]
[56, 57]
[56, 22]
[57, 58]
[57, 23]
[58, 24]
[62, 63]
[62, 28]
[62, 98]
[63, 64]
[63, 29]
[63, 99]
[63, 98]
[64, 65]
[64, 99]
[65, 31]
[65, 101]
[67, 33]
[67, 103]
[67, 102]
[73, 74]
[73, 39]
[79, 45]
[79, 114]
[83, 49]
[83, 118]
[86, 52]
[86, 122]
[86, 121]
[88, 89]
[88, 54]
[88, 124]
[88, 123]
[89, 124]
[98, 99]
[98, 64]
[98, 134]
[98, 133]
[99, 65]
[99, 135]
[99, 134]
[101, 102]
[101, 67]
[101, 137]
[102, 103]
[102, 137]
[103, 104]
[106, 107]
[106, 141]
[107, 73]
[107, 143]
[111, 112]
[111, 146]
[114, 150]
[118, 154]
[120, 121]
[120, 86]
[120, 155]
[121, 122]
[122, 123]
[122, 88]
[123, 124]
[123, 89]
[124, 160]
[129, 130]
[133, 134]
[133, 99]
[134, 135]
[134, 170]
[135, 101]
[135, 171]
[135, 170]
[137, 103]
[137, 172]
[140, 141]
[140, 106]
[140, 175]
[141, 107]
[143, 144]
[144, 180]
[146, 112]
[146, 182]
[146, 181]
[150, 151]
[150, 185]
[151, 152]
[152, 118]
[152, 188]
[154, 155]
[154, 120]
[154, 189]
[155, 121]
[155, 191]
[160, 195]
[163, 129]
[163, 198]
[167, 133]
[170, 171]
[171, 172]
[171, 137]
[175, 141]
[175, 211]
[175, 210]
[180, 181]
[180, 146]
[181, 182]
[181, 217]
[182, 217]
[184, 185]
[184, 150]
[184, 220]
[184, 219]
[185, 151]
[185, 221]
[185, 220]
[188, 189]
[188, 154]
[188, 223]
[189, 155]
[191, 227]
[195, 231]
[195, 230]
[197, 198]
[197, 163]
[198, 234]
[200, 201]
[200, 235]
[201, 167]
[210, 211]
[219, 220]
[219, 185]
[220, 221]
[221, 222]
[222, 223]
[222, 188]
[223, 189]
[227, 228]
[228, 229]
[229, 230]
[229, 195]
[230, 231]
[231, 197]
[234, 235]
[234, 200]
[235, 201]
[238, 239]
