[0, 1]
[0, 36]
[1, 2]
[1, 36]
[2, 3]
[2, 38]
[3, 4]
[3, 39]
[3, 38]
[4, 39]
[6, 41]
[8, 9]
[8, 44]
[8, 43]
[9, 45]
[9, 44]
[11, 12]
[12, 13]
[13, 14]
[14, 15]
[14, 50]
[15, 51]
[15, 50]
[17, 53]
[19, 20]
[19, 54]
[20, 21]
[20, 56]
[21, 57]
[21, 56]
[23, 59]
[25, 60]
[27, 28]
[27, 63]
[27, 62]
[28, 64]
[28, 63]
[31, 32]
[31, 67]
[31, 66]
[32, 68]
[32, 67]
[36, 2]
[38, 39]
[38, 4]
[38, 74]
[38, 73]
[39, 74]
[41, 77]
[41, 76]
[43, 44]
[43, 9]
[44, 45]
[44, 80]
[45, 11]
[45, 81]
[45, 80]
[50, 51]
[50, 86]
[50, 85]
[51, 17]
[51, 86]
[53, 54]
[53, 19]
[54, 20]
[56, 57]
[56, 91]
[57, 23]
[59, 60]
[59, 25]
[59, 95]
[59, 94]
[60, 95]
[62, 63]
[62, 28]
[62, 98]
[62, 97]
[63, 64]
[63, 99]
[63, 98]
[64, 100]
[64, 99]
[66, 67]
[66, 32]
[66, 101]
[67, 68]
[67, 103]
[68, 69]
[68, 104]
[68, 103]
[69, 104]
[70, 36]
[70, 105]
[73, 74]
[73, 39]
[73, 109]
[74, 110]
[74, 109]
[76, 77]
[77, 43]
[77, 113]
[80, 81]
[80, 115]
[81, 82]
[81, 117]
[82, 118]
[82, 117]
[84, 85]
[84, 50]
[85, 86]
[85, 51]
[91, 57]
[91, 127]
[91, 126]
[94, 95]
[94, 60]
[94, 130]
[95, 131]
[95, 130]
[97, 98]
[97, 63]
[97, 132]
[98, 99]
[98, 64]
[98, 134]
[99, 100]
[99, 135]
[99, 134]
[100, 101]
[100, 66]
[100, 136]
[100, 135]
[101, 67]
[101, 137]
[101, 136]
[103, 104]
[103, 69]
[103, 139]
[103, 138]
[104, 139]
[105, 140]
[109, 110]
[109, 145]
[109, 144]
[110, 76]
[110, 145]
[113, 114]
[114, 115]
[114, 80]
[114, 150]
[115, 81]
[115, 151]
[115, 150]
[117, 118]
[117, 153]
[117, 152]
[118, 84]
[118, 153]
[126, 127]
[126, 162]
[127, 163]
[127, 162]
[130, 131]
[130, 166]
[131, 132]
[131, 97]
[131, 166]
[132, 98]
[132, 168]
[134, 135]
[134, 100]
[134, 170]
[135, 136]
[135, 101]
[135, 171]
[135, 170]
[136, 137]
[136, 172]
[136, 171]
[137, 138]
[137, 103]
[137, 173]
[137, 172]
[138, 139]
[138, 104]
[138, 174]
[138, 173]
[139, 174]
[140, 176]
[140, 175]
[143, 144]
[143, 109]
[144, 145]
[144, 110]
[144, 180]
[145, 181]
[145, 180]
[150, 151]
[151, 152]
[151, 117]
[151, 187]
[152, 153]
[152, 118]
[152, 188]
[152, 187]
[153, 189]
[153, 188]
[156, 192]
[156, 191]
[159, 195]
[159, 194]
[162, 163]
[162, 198]
[163, 198]
[166, 132]
[166, 201]
[168, 134]
[168, 204]
[168, 203]
[170, 171]
[170, 136]
[171, 172]
[171, 137]
[171, 207]
[172, 173]
[172, 138]
[172, 207]
[173, 174]
[173, 139]
[175, 176]
[175, 211]
[176, 211]
[180, 181]
[181, 182]
[182, 218]
[187, 188]
[187, 153]
[188, 189]
[188, 224]
[189, 190]
[189, 224]
[190, 191]
[190, 156]
[191, 192]
[191, 227]
[192, 227]
[194, 195]
[194, 229]
[195, 196]
[196, 162]
[196, 232]
[198, 234]
[198, 233]
[201, 236]
[203, 204]
[203, 239]
[203, 238]
[204, 170]
[204, 240]
[204, 239]
[207, 173]
[221, 187]
[224, 190]
[229, 195]
[232, 233]
[232, 198]
[233, 234]
[238, 239]
[238, 204]
[239, 240]
