[1, 2]
[1, 37]
[1, 36]
[2, 3]
[2, 37]
[7, 8]
[7, 43]
[7, 42]
[8, 9]
[8, 44]
[8, 43]
[9, 45]
[9, 44]
[14, 15]
[15, 51]
[17, 53]
[17, 52]
[19, 20]
[22, 57]
[26, 61]
[28, 29]
[28, 64]
[28, 63]
[29, 64]
[32, 68]
[32, 67]
[35, 36]
[35, 1]
[36, 37]
[36, 2]
[36, 72]
[37, 3]
[37, 72]
[42, 43]
[42, 8]
[42, 77]
[43, 44]
[43, 9]
[44, 45]
[44, 80]
[45, 80]
[51, 52]
[51, 17]
[51, 87]
[52, 53]
[52, 88]
[52, 87]
[53, 19]
[53, 89]
[53, 88]
[57, 92]
[59, 60]
[59, 94]
[60, 61]
[60, 26]
[60, 96]
[61, 96]
[63, 64]
[63, 29]
[63, 98]
[67, 68]
[67, 103]
[67, 102]
[68, 69]
[68, 103]
[72, 107]
[74, 75]
[75, 111]
[77, 43]
[77, 112]
[80, 116]
[80, 115]
[82, 83]
[82, 118]
[82, 117]
[83, 84]
[83, 119]
[83, 118]
[84, 85]
[84, 120]
[84, 119]
[85, 51]
[85, 120]
[87, 88]
[87, 53]
[87, 123]
[88, 89]
[88, 123]
[89, 90]
[90, 126]
[92, 127]
[94, 60]
[94, 130]
[94, 129]
[96, 132]
[98, 64]
[98, 134]
[98, 133]
[101, 102]
[101, 67]
[101, 136]
[102, 103]
[102, 68]
[102, 138]
[103, 69]
[103, 139]
[103, 138]
[107, 143]
[107, 142]
[111, 112]
[111, 77]
[112, 148]
[114, 115]
[114, 80]
[115, 116]
[115, 151]
[116, 117]
[116, 82]
[116, 151]
[117, 118]
[117, 83]
[118, 119]
[118, 84]
[119, 120]
[119, 85]
[123, 89]
[123, 159]
[126, 127]
[126, 92]
[126, 162]
[126, 161]
[127, 163]
[127, 162]
[129, 130]
[130, 96]
[130, 166]
[132, 133]
[132, 98]
[133, 134]
[134, 135]
[135, 136]
[135, 101]
[136, 102]
[136, 172]
[138, 139]
[138, 173]
[140, 141]
[140, 176]
[141, 142]
[141, 107]
[141, 176]
[142, 143]
[143, 144]
[144, 145]
[145, 111]
[148, 114]
[148, 183]
[151, 117]
[151, 187]
[161, 162]
[161, 127]
[161, 196]
[162, 163]
[163, 129]
[163, 199]
[166, 132]
[166, 202]
[172, 173]
[172, 138]
[172, 207]
[173, 139]
[173, 209]
[176, 142]
[176, 212]
[176, 211]
[182, 183]
[182, 148]
[187, 222]
[189, 225]
[196, 162]
[199, 200]
[200, 166]
[202, 238]
[202, 237]
[204, 240]
[204, 239]
[207, 173]
[207, 242]
[209, 244]
[210, 211]
[210, 176]
[211, 212]
[212, 213]
[213, 214]
[221, 222]
[221, 187]
[229, 230]
[230, 196]
[237, 238]
[238, 239]
[238, 204]
[239, 240]
