[1, 2]
[1, 37]
[1, 36]
[2, 37]
[4, 39]
[7, 8]
[8, 9]
[8, 44]
[9, 45]
[9, 44]
[13, 14]
[13, 49]
[13, 48]
[14, 50]
[14, 49]
[18, 19]
[19, 20]
[20, 21]
[21, 22]
[21, 57]
[22, 58]
[22, 57]
[26, 62]
[35, 36]
[35, 1]
[36, 37]
[36, 2]
[37, 73]
[39, 75]
[44, 45]
[44, 80]
[44, 79]
[45, 46]
[45, 81]
[45, 80]
[46, 81]
[48, 49]
[48, 14]
[48, 84]
[48, 83]
[49, 50]
[49, 85]
[49, 84]
[50, 86]
[50, 85]
[57, 58]
[57, 92]
[58, 59]
[59, 95]
[62, 63]
[63, 64]
[63, 99]
[64, 100]
[64, 99]
[68, 34]
[68, 104]
[73, 39]
[73, 109]
[73, 108]
[75, 76]
[75, 110]
[76, 112]
[79, 80]
[79, 45]
[80, 81]
[80, 46]
[80, 116]
[81, 116]
[83, 84]
[83, 49]
[83, 119]
[83, 118]
[84, 85]
[84, 50]
[84, 119]
[85, 86]
[85, 121]
[86, 121]
[88, 124]
[92, 58]
[92, 128]
[99, 100]
[99, 134]
[100, 66]
[100, 136]
[107, 108]
[107, 73]
[107, 142]
[108, 109]
[109, 110]
[109, 75]
[109, 145]
[110, 76]
[110, 146]
[110, 145]
[116, 152]
[118, 119]
[118, 84]
[118, 154]
[118, 153]
[119, 85]
[119, 155]
[119, 154]
[121, 157]
[121, 156]
[124, 125]
[124, 159]
[125, 126]
[125, 161]
[126, 92]
[126, 161]
[128, 163]
[134, 100]
[134, 170]
[134, 169]
[136, 172]
[136, 171]
[140, 141]
[140, 176]
[140, 175]
[141, 142]
[141, 107]
[141, 176]
[142, 108]
[142, 178]
[145, 146]
[145, 181]
[145, 180]
[146, 112]
[146, 181]
[152, 153]
[152, 118]
[153, 154]
[153, 119]
[154, 155]
[154, 190]
[155, 156]
[155, 121]
[155, 190]
[156, 157]
[156, 192]
[157, 158]
[157, 193]
[157, 192]
[158, 159]
[158, 124]
[158, 194]
[158, 193]
[159, 125]
[159, 194]
[161, 197]
[163, 199]
[163, 198]
[165, 166]
[165, 201]
[165, 200]
[166, 202]
[166, 201]
[168, 169]
[168, 134]
[168, 204]
[168, 203]
[169, 170]
[169, 205]
[169, 204]
[170, 171]
[170, 136]
[170, 206]
[170, 205]
[171, 172]
[171, 207]
[171, 206]
[172, 207]
[175, 176]
[175, 141]
[175, 211]
[176, 142]
[176, 212]
[176, 211]
[178, 213]
[180, 181]
[180, 146]
[180, 216]
[180, 215]
[181, 217]
[181, 216]
[185, 186]
[185, 221]
[185, 220]
[186, 152]
[186, 222]
[186, 221]
[190, 156]
[190, 226]
[190, 225]
[192, 193]
[192, 158]
[192, 227]
[193, 194]
[193, 159]
[193, 229]
[194, 230]
[194, 229]
[197, 198]
[197, 163]
[198, 199]
[198, 234]
[199, 200]
[199, 165]
[199, 234]
[200, 201]
[200, 166]
[201, 202]
[201, 237]
[202, 203]
[202, 168]
[202, 237]
[203, 204]
[203, 169]
[203, 239]
[204, 205]
[204, 170]
[204, 240]
[204, 239]
[205, 206]
[205, 171]
[205, 240]
[206, 207]
[206, 172]
[207, 243]
[211, 212]
[212, 213]
[212, 178]
[215, 216]
[215, 181]
[216, 217]
[220, 221]
[220, 186]
[221, 222]
[222, 223]
[223, 224]
[224, 225]
[224, 190]
[225, 226]
[226, 227]
[226, 192]
[227, 193]
[229, 230]
[234, 200]
[237, 203]
[239, 240]
[239, 205]
[240, 206]
[243, 209]
