[0, 1]
[0, 36]
[1, 37]
[1, 36]
[3, 4]
[3, 39]
[4, 5]
[4, 39]
[12, 48]
[14, 49]
[19, 20]
[19, 54]
[20, 21]
[20, 56]
[21, 56]
[24, 60]
[24, 59]
[26, 62]
[28, 64]
[32, 68]
[36, 37]
[36, 71]
[37, 3]
[39, 5]
[39, 75]
[42, 43]
[43, 44]
[43, 79]
[44, 79]
[48, 49]
[48, 14]
[48, 84]
[48, 83]
[49, 84]
[53, 54]
[53, 19]
[53, 89]
[54, 20]
[54, 90]
[54, 89]
[56, 91]
[59, 60]
[59, 95]
[60, 26]
[60, 95]
[62, 28]
[62, 98]
[62, 97]
[64, 65]
[64, 99]
[65, 66]
[65, 101]
[66, 32]
[66, 101]
[68, 69]
[68, 104]
[69, 104]
[71, 37]
[71, 107]
[75, 76]
[75, 110]
[76, 42]
[76, 112]
[82, 83]
[82, 48]
[83, 84]
[83, 49]
[84, 120]
[89, 90]
[89, 125]
[90, 91]
[90, 56]
[90, 126]
[90, 125]
[91, 127]
[91, 126]
[93, 59]
[93, 128]
[97, 98]
[98, 99]
[98, 64]
[99, 65]
[99, 135]
[101, 137]
[101, 136]
[104, 139]
[107, 143]
[107, 142]
[109, 110]
[109, 75]
[109, 145]
[110, 76]
[110, 145]
[112, 147]
[116, 82]
[116, 151]
[120, 156]
[122, 157]
[125, 126]
[125, 91]
[126, 127]
[126, 162]
[127, 128]
[127, 93]
[127, 162]
[135, 136]
[135, 101]
[135, 171]
[136, 137]
[136, 171]
[142, 143]
[143, 109]
[145, 181]
[145, 180]
[147, 182]
[149, 150]
[150, 151]
[150, 116]
[150, 186]
[151, 186]
[154, 120]
[154, 189]
[156, 157]
[156, 122]
[156, 191]
[162, 128]
[162, 197]
[165, 166]
[169, 135]
[169, 204]
[171, 137]
[171, 207]
[171, 206]
[175, 211]
[175, 210]
[180, 181]
[180, 216]
[181, 182]
[181, 147]
[181, 216]
[186, 222]
[186, 221]
[189, 225]
[189, 224]
[191, 157]
[191, 226]
[194, 230]
[194, 229]
[197, 232]
[199, 165]
[199, 235]
[203, 204]
[203, 169]
[203, 238]
[206, 207]
[206, 242]
[207, 242]
[210, 211]
[211, 212]
[212, 213]
[213, 214]
[214, 180]
[216, 182]
[221, 222]
[224, 225]
[225, 226]
[225, 191]
[228, 229]
[228, 194]
[229, 230]
[235, 236]
[236, 237]
[237, 238]
[237, 203]
[238, 204]
