[0, 1]
[0, 36]
[0, 35]
[1, 2]
[1, 36]
[2, 38]
[4, 5]
[20, 56]
[22, 58]
[24, 25]
[24, 59]
[32, 68]
[35, 36]
[35, 1]
[36, 2]
[38, 4]
[38, 74]
[38, 73]
[49, 84]
[51, 17]
[51, 87]
[54, 20]
[54, 89]
[56, 22]
[56, 92]
[58, 59]
[58, 24]
[59, 25]
[63, 64]
[63, 99]
[64, 65]
[64, 99]
[65, 101]
[68, 34]
[68, 103]
[73, 74]
[73, 108]
[77, 113]
[79, 80]
[79, 115]
[80, 115]
[82, 83]
[82, 117]
[83, 84]
[83, 49]
[83, 119]
[84, 120]
[84, 119]
[87, 88]
[87, 123]
[88, 89]
[88, 54]
[88, 123]
[92, 58]
[92, 128]
[92, 127]
[99, 65]
[99, 135]
[101, 136]
[103, 138]
[107, 108]
[107, 73]
[107, 143]
[107, 142]
[108, 74]
[108, 144]
[108, 143]
[113, 79]
[113, 148]
[115, 150]
[117, 83]
[117, 152]
[119, 120]
[119, 154]
[120, 121]
[120, 156]
[121, 87]
[121, 157]
[121, 156]
[123, 89]
[123, 158]
[127, 128]
[127, 163]
[128, 164]
[128, 163]
[132, 167]
[135, 136]
[135, 101]
[138, 174]
[142, 143]
[142, 108]
[143, 144]
[143, 179]
[144, 179]
[146, 182]
[150, 186]
[152, 188]
[154, 120]
[154, 190]
[156, 157]
[157, 158]
[157, 123]
[158, 194]
[163, 164]
[163, 199]
[164, 200]
[164, 199]
[167, 202]
[169, 135]
[182, 148]
[182, 218]
[186, 152]
[188, 154]
[188, 224]
[188, 223]
[190, 156]
[194, 160]
[194, 229]
[199, 200]
[199, 235]
[200, 201]
[200, 236]
[200, 235]
[201, 202]
[201, 167]
[201, 237]
[201, 236]
[202, 237]
[206, 241]
[210, 211]
[216, 182]
[218, 219]
[219, 220]
[220, 186]
[223, 224]
[224, 190]
[228, 229]
[228, 194]
[232, 233]
[233, 199]
[235, 236]
[235, 201]
[236, 237]
[236, 202]
[240, 241]
[240, 206]
