[1, 2]
[1, 37]
[2, 37]
[7, 8]
[7, 42]
[8, 44]
[10, 11]
[11, 12]
[14, 50]
[14, 49]
[17, 18]
[17, 53]
[17, 52]
[18, 53]
[21, 22]
[21, 57]
[22, 23]
[22, 57]
[23, 24]
[24, 25]
[25, 61]
[28, 64]
[30, 66]
[30, 65]
[37, 73]
[37, 72]
[39, 75]
[42, 8]
[42, 78]
[44, 10]
[49, 50]
[49, 84]
[50, 51]
[51, 52]
[51, 17]
[51, 87]
[52, 53]
[52, 18]
[52, 87]
[57, 23]
[57, 93]
[57, 92]
[64, 65]
[64, 30]
[65, 66]
[65, 101]
[66, 102]
[66, 101]
[72, 73]
[73, 39]
[75, 76]
[75, 110]
[76, 42]
[78, 44]
[78, 113]
[82, 83]
[82, 118]
[83, 84]
[83, 49]
[83, 118]
[84, 50]
[87, 53]
[87, 122]
[91, 92]
[91, 57]
[92, 93]
[93, 129]
[95, 61]
[95, 130]
[98, 64]
[101, 102]
[104, 139]
[110, 76]
[110, 145]
[113, 148]
[115, 116]
[115, 151]
[116, 82]
[116, 151]
[118, 84]
[118, 154]
[118, 153]
[121, 122]
[121, 87]
[121, 156]
[124, 159]
[129, 130]
[129, 95]
[130, 166]
[132, 98]
[132, 168]
[132, 167]
[139, 174]
[141, 142]
[145, 181]
[148, 184]
[151, 186]
[153, 154]
[154, 155]
[155, 156]
[155, 121]
[156, 122]
[159, 194]
[166, 167]
[166, 132]
[166, 202]
[167, 168]
[167, 203]
[167, 202]
[168, 169]
[168, 203]
[175, 141]
[175, 210]
[179, 145]
[179, 215]
[179, 214]
[181, 182]
[181, 216]
[182, 148]
[182, 218]
[184, 220]
[186, 221]
[194, 229]
[196, 197]
[202, 203]
[202, 168]
[202, 237]
[203, 169]
[214, 215]
[215, 216]
[215, 181]
[216, 182]
[218, 184]
[220, 221]
[220, 186]
[223, 224]
[224, 225]
[237, 203]
[240, 241]
[241, 242]
