[3, 4]
[4, 5]
[7, 43]
[10, 11]
[10, 46]
[10, 45]
[11, 47]
[11, 46]
[13, 48]
[15, 16]
[15, 50]
[16, 17]
[17, 18]
[18, 54]
[24, 25]
[24, 59]
[29, 30]
[29, 65]
[29, 64]
[30, 66]
[30, 65]
[36, 37]
[36, 72]
[36, 71]
[37, 3]
[37, 73]
[37, 72]
[43, 44]
[44, 45]
[44, 10]
[44, 80]
[45, 46]
[45, 11]
[45, 80]
[46, 47]
[47, 48]
[47, 13]
[48, 84]
[50, 16]
[50, 85]
[56, 22]
[56, 92]
[59, 25]
[64, 65]
[64, 30]
[64, 99]
[65, 66]
[65, 101]
[66, 101]
[71, 72]
[71, 37]
[71, 107]
[71, 106]
[72, 73]
[72, 108]
[72, 107]
[73, 74]
[73, 108]
[74, 75]
[75, 76]
[80, 46]
[84, 85]
[84, 50]
[85, 121]
[96, 97]
[96, 131]
[97, 133]
[99, 65]
[99, 134]
[101, 137]
[103, 104]
[103, 139]
[103, 138]
[104, 139]
[105, 106]
[105, 71]
[105, 141]
[106, 107]
[106, 72]
[106, 142]
[106, 141]
[107, 108]
[107, 73]
[107, 143]
[107, 142]
[108, 74]
[108, 144]
[108, 143]
[113, 149]
[113, 148]
[118, 84]
[118, 154]
[121, 157]
[121, 156]
[124, 125]
[125, 126]
[125, 161]
[126, 92]
[126, 162]
[126, 161]
[131, 97]
[131, 167]
[131, 166]
[133, 134]
[133, 99]
[133, 169]
[134, 170]
[134, 169]
[137, 138]
[137, 103]
[138, 139]
[138, 104]
[138, 174]
[139, 174]
[141, 142]
[141, 107]
[141, 177]
[142, 143]
[142, 108]
[142, 177]
[143, 144]
[146, 147]
[146, 182]
[146, 181]
[147, 148]
[147, 113]
[147, 183]
[147, 182]
[148, 149]
[148, 184]
[148, 183]
[149, 150]
[149, 185]
[149, 184]
[150, 186]
[150, 185]
[152, 118]
[154, 155]
[154, 190]
[154, 189]
[155, 156]
[155, 121]
[155, 191]
[155, 190]
[156, 157]
[156, 191]
[161, 162]
[161, 197]
[161, 196]
[162, 163]
[162, 197]
[163, 164]
[163, 199]
[164, 199]
[166, 167]
[166, 202]
[166, 201]
[167, 133]
[167, 203]
[167, 202]
[169, 170]
[169, 204]
[170, 171]
[171, 137]
[171, 207]
[175, 141]
[175, 211]
[175, 210]
[177, 143]
[177, 212]
[181, 182]
[181, 147]
[181, 216]
[182, 183]
[182, 148]
[183, 184]
[183, 149]
[184, 185]
[184, 150]
[184, 220]
[185, 186]
[185, 221]
[185, 220]
[186, 152]
[186, 222]
[186, 221]
[189, 190]
[189, 155]
[189, 225]
[189, 224]
[190, 191]
[190, 156]
[190, 225]
[191, 157]
[194, 230]
[194, 229]
[196, 197]
[196, 162]
[197, 163]
[197, 233]
[199, 235]
[201, 202]
[201, 167]
[201, 237]
[202, 203]
[202, 237]
[203, 204]
[203, 169]
[204, 170]
[207, 242]
[210, 211]
[211, 212]
[211, 177]
[216, 182]
[220, 221]
[220, 186]
[221, 222]
[224, 225]
[224, 190]
[225, 191]
[229, 230]
[230, 196]
[233, 199]
[235, 201]
[237, 203]
[241, 242]
[241, 207]
