[0, 1]
[0, 36]
[0, 35]
[1, 2]
[1, 36]
[2, 38]
[4, 5]
[4, 40]
[5, 41]
[5, 40]
[7, 8]
[7, 43]
[7, 42]
[8, 9]
[8, 44]
[8, 43]
[9, 10]
[9, 45]
[9, 44]
[10, 11]
[10, 45]
[11, 12]
[11, 47]
[12, 48]
[12, 47]
[14, 15]
[14, 50]
[14, 49]
[15, 16]
[15, 51]
[15, 50]
[16, 17]
[16, 52]
[16, 51]
[17, 18]
[17, 53]
[17, 52]
[18, 19]
[18, 54]
[18, 53]
[19, 54]
[21, 22]
[21, 57]
[21, 56]
[22, 23]
[22, 58]
[22, 57]
[23, 58]
[26, 27]
[26, 62]
[27, 28]
[27, 63]
[27, 62]
[28, 64]
[28, 63]
[30, 66]
[30, 65]
[35, 36]
[35, 1]
[35, 71]
[36, 2]
[36, 72]
[36, 71]
[38, 4]
[38, 73]
[40, 41]
[41, 42]
[41, 7]
[41, 77]
[42, 43]
[42, 8]
[42, 78]
[42, 77]
[43, 44]
[43, 9]
[43, 79]
[43, 78]
[44, 45]
[44, 10]
[44, 79]
[45, 11]
[45, 81]
[47, 48]
[48, 49]
[48, 14]
[49, 50]
[49, 15]
[49, 85]
[50, 51]
[50, 16]
[50, 86]
[50, 85]
[51, 52]
[51, 17]
[51, 86]
[52, 53]
[52, 18]
[52, 88]
[53, 54]
[53, 19]
[53, 88]
[54, 90]
[56, 57]
[56, 22]
[57, 58]
[57, 23]
[57, 93]
[58, 94]
[58, 93]
[60, 26]
[60, 96]
[62, 63]
[62, 28]
[63, 64]
[63, 99]
[64, 65]
[64, 30]
[64, 99]
[65, 66]
[65, 101]
[66, 101]
[71, 72]
[71, 107]
[71, 106]
[72, 73]
[72, 38]
[72, 108]
[72, 107]
[73, 109]
[73, 108]
[77, 78]
[77, 43]
[77, 113]
[77, 112]
[78, 79]
[78, 44]
[78, 114]
[78, 113]
[79, 45]
[79, 115]
[79, 114]
[81, 47]
[85, 86]
[85, 51]
[85, 120]
[86, 52]
[88, 54]
[90, 56]
[90, 125]
[93, 94]
[93, 128]
[94, 60]
[94, 130]
[96, 62]
[96, 132]
[99, 65]
[99, 135]
[99, 134]
[101, 136]
[104, 139]
[106, 107]
[106, 72]
[107, 108]
[107, 73]
[108, 109]
[108, 144]
[109, 110]
[109, 144]
[110, 111]
[111, 112]
[111, 77]
[111, 147]
[112, 113]
[112, 78]
[112, 148]
[112, 147]
[113, 114]
[113, 79]
[113, 149]
[113, 148]
[114, 115]
[114, 150]
[114, 149]
[115, 81]
[115, 150]
[120, 86]
[120, 156]
[120, 155]
[125, 161]
[127, 128]
[127, 93]
[127, 162]
[128, 94]
[130, 96]
[130, 166]
[132, 168]
[134, 135]
[134, 170]
[134, 169]
[135, 136]
[135, 101]
[135, 170]
[138, 139]
[138, 104]
[138, 173]
[144, 110]
[144, 180]
[147, 148]
[147, 113]
[148, 149]
[148, 114]
[148, 184]
[149, 150]
[149, 115]
[149, 184]
[152, 153]
[152, 187]
[153, 154]
[154, 155]
[154, 120]
[154, 190]
[155, 156]
[155, 190]
[156, 157]
[157, 158]
[157, 193]
[158, 159]
[158, 194]
[158, 193]
[159, 125]
[159, 195]
[159, 194]
[161, 162]
[161, 127]
[161, 197]
[161, 196]
[162, 128]
[162, 198]
[162, 197]
[166, 132]
[166, 202]
[166, 201]
[168, 169]
[168, 134]
[168, 204]
[169, 170]
[169, 135]
[169, 204]
[170, 136]
[170, 206]
[173, 139]
[173, 209]
[180, 216]
[180, 215]
[184, 150]
[184, 220]
[184, 219]
[187, 153]
[187, 223]
[187, 222]
[190, 156]
[190, 226]
[193, 194]
[193, 159]
[193, 228]
[194, 195]
[195, 196]
[195, 161]
[195, 231]
[196, 197]
[196, 162]
[196, 232]
[196, 231]
[197, 198]
[197, 233]
[197, 232]
[198, 233]
[201, 202]
[202, 168]
[202, 238]
[204, 170]
[204, 240]
[206, 207]
[207, 173]
[207, 243]
[213, 214]
[214, 215]
[214, 180]
[215, 216]
[216, 217]
[217, 218]
[218, 219]
[218, 184]
[219, 220]
[220, 221]
[221, 222]
[221, 187]
[222, 223]
[228, 194]
[231, 232]
[231, 197]
[232, 233]
[232, 198]
[238, 204]
[240, 206]
[243, 209]
