[0, 1]
[0, 35]
[1, 37]
[3, 4]
[3, 39]
[4, 5]
[4, 40]
[4, 39]
[5, 40]
[7, 43]
[13, 14]
[13, 49]
[13, 48]
[14, 49]
[22, 57]
[24, 25]
[24, 60]
[24, 59]
[25, 60]
[27, 28]
[27, 62]
[35, 1]
[35, 71]
[35, 70]
[37, 3]
[37, 73]
[39, 40]
[39, 5]
[39, 75]
[40, 75]
[43, 44]
[43, 78]
[44, 45]
[45, 46]
[46, 47]
[46, 82]
[47, 48]
[47, 13]
[47, 82]
[48, 49]
[48, 14]
[49, 85]
[51, 17]
[51, 86]
[57, 93]
[57, 92]
[59, 60]
[59, 25]
[59, 94]
[60, 96]
[62, 28]
[62, 98]
[70, 71]
[70, 105]
[71, 37]
[73, 39]
[73, 109]
[75, 111]
[78, 44]
[78, 113]
[82, 48]
[82, 118]
[85, 86]
[85, 51]
[85, 121]
[86, 122]
[86, 121]
[92, 93]
[92, 128]
[92, 127]
[93, 94]
[93, 59]
[93, 128]
[94, 60]
[94, 130]
[96, 62]
[96, 132]
[98, 134]
[101, 102]
[102, 138]
[105, 71]
[109, 75]
[111, 112]
[111, 147]
[111, 146]
[112, 113]
[112, 78]
[112, 148]
[112, 147]
[113, 148]
[115, 116]
[116, 82]
[116, 152]
[118, 119]
[118, 154]
[119, 85]
[119, 155]
[119, 154]
[121, 122]
[122, 123]
[122, 158]
[123, 124]
[123, 158]
[124, 125]
[124, 160]
[125, 160]
[127, 128]
[127, 93]
[127, 163]
[128, 94]
[128, 163]
[130, 96]
[130, 166]
[132, 98]
[138, 174]
[146, 147]
[146, 112]
[146, 182]
[147, 148]
[147, 113]
[147, 183]
[147, 182]
[148, 184]
[148, 183]
[152, 118]
[154, 155]
[154, 190]
[155, 121]
[155, 190]
[158, 124]
[158, 193]
[160, 196]
[160, 195]
[163, 199]
[163, 198]
[166, 132]
[174, 209]
[178, 179]
[178, 214]
[178, 213]
[179, 180]
[179, 215]
[179, 214]
[180, 146]
[180, 215]
[182, 183]
[182, 148]
[183, 184]
[184, 220]
[193, 229]
[193, 228]
[195, 196]
[195, 231]
[195, 230]
[196, 232]
[196, 231]
[198, 199]
[198, 234]
[199, 200]
[199, 235]
[199, 234]
[200, 166]
[200, 235]
[203, 239]
[213, 214]
[213, 179]
[214, 215]
[214, 180]
[220, 221]
[227, 228]
[227, 193]
[228, 229]
[229, 230]
[229, 195]
[230, 231]
[230, 196]
[231, 232]
[232, 198]
[234, 235]
[234, 200]
[237, 203]
[239, 240]
[240, 241]
[241, 207]
