[0, 1]
[0, 36]
[0, 35]
[1, 36]
[3, 4]
[3, 39]
[3, 38]
[4, 40]
[4, 39]
[7, 8]
[11, 47]
[18, 54]
[20, 21]
[20, 56]
[21, 56]
[23, 58]
[27, 28]
[27, 62]
[31, 32]
[35, 36]
[35, 1]
[35, 70]
[38, 39]
[38, 4]
[39, 40]
[40, 41]
[40, 76]
[41, 7]
[41, 76]
[45, 11]
[45, 81]
[47, 13]
[47, 83]
[54, 20]
[54, 90]
[56, 92]
[56, 91]
[58, 93]
[62, 28]
[62, 97]
[65, 31]
[65, 100]
[70, 36]
[70, 106]
[70, 105]
[76, 111]
[81, 47]
[81, 116]
[83, 119]
[86, 122]
[86, 121]
[88, 54]
[88, 123]
[90, 91]
[90, 56]
[90, 126]
[91, 92]
[91, 127]
[91, 126]
[92, 93]
[92, 58]
[92, 128]
[92, 127]
[93, 128]
[96, 97]
[96, 62]
[96, 132]
[96, 131]
[97, 133]
[97, 132]
[99, 100]
[99, 65]
[99, 134]
[100, 136]
[105, 106]
[105, 140]
[106, 142]
[110, 111]
[110, 76]
[110, 146]
[111, 146]
[115, 116]
[115, 81]
[115, 150]
[119, 154]
[121, 122]
[121, 157]
[122, 123]
[122, 88]
[122, 157]
[126, 127]
[126, 92]
[126, 161]
[127, 128]
[127, 93]
[127, 163]
[128, 163]
[130, 131]
[130, 96]
[131, 132]
[131, 97]
[132, 133]
[132, 168]
[133, 134]
[133, 99]
[133, 169]
[133, 168]
[134, 100]
[134, 169]
[136, 137]
[136, 172]
[136, 171]
[137, 138]
[137, 172]
[138, 139]
[140, 106]
[142, 108]
[142, 178]
[142, 177]
[149, 150]
[149, 115]
[149, 184]
[150, 116]
[154, 190]
[154, 189]
[157, 123]
[157, 193]
[161, 127]
[161, 196]
[168, 169]
[168, 134]
[168, 204]
[168, 203]
[169, 205]
[169, 204]
[171, 172]
[171, 137]
[172, 138]
[172, 208]
[177, 178]
[178, 214]
[184, 150]
[187, 223]
[189, 190]
[189, 224]
[190, 191]
[191, 157]
[193, 229]
[195, 196]
[195, 161]
[195, 230]
[200, 201]
[200, 236]
[200, 235]
[201, 202]
[201, 236]
[202, 203]
[202, 168]
[203, 204]
[203, 169]
[203, 239]
[204, 205]
[204, 239]
[205, 171]
[208, 244]
[221, 187]
[223, 224]
[223, 189]
[224, 190]
[229, 230]
[229, 195]
[230, 196]
[235, 236]
[235, 201]
[236, 202]
[239, 205]
[242, 208]
