[0, 1]
[0, 35]
[3, 39]
[6, 7]
[7, 8]
[7, 43]
[8, 9]
[8, 44]
[8, 43]
[9, 44]
[11, 47]
[11, 46]
[15, 51]
[15, 50]
[19, 20]
[19, 55]
[19, 54]
[20, 56]
[20, 55]
[24, 60]
[24, 59]
[26, 61]
[30, 66]
[30, 65]
[33, 34]
[33, 69]
[33, 68]
[34, 69]
[35, 1]
[35, 71]
[35, 70]
[43, 44]
[43, 9]
[43, 78]
[44, 80]
[46, 47]
[46, 81]
[47, 48]
[50, 51]
[50, 86]
[50, 85]
[51, 52]
[51, 86]
[54, 55]
[54, 20]
[54, 89]
[55, 56]
[55, 91]
[56, 92]
[56, 91]
[59, 60]
[59, 94]
[60, 61]
[60, 26]
[60, 96]
[61, 96]
[65, 66]
[65, 100]
[66, 67]
[67, 68]
[67, 33]
[67, 103]
[68, 69]
[68, 34]
[68, 103]
[70, 71]
[70, 106]
[71, 106]
[78, 44]
[78, 114]
[80, 81]
[80, 46]
[80, 115]
[81, 47]
[85, 86]
[85, 51]
[85, 120]
[86, 52]
[89, 55]
[89, 125]
[91, 92]
[91, 126]
[94, 60]
[94, 130]
[94, 129]
[96, 131]
[98, 134]
[100, 66]
[100, 136]
[103, 69]
[103, 138]
[106, 142]
[110, 111]
[110, 145]
[111, 112]
[111, 147]
[112, 78]
[112, 148]
[112, 147]
[114, 115]
[114, 80]
[115, 81]
[115, 151]
[119, 120]
[119, 85]
[120, 86]
[125, 126]
[125, 91]
[125, 161]
[125, 160]
[126, 92]
[126, 162]
[126, 161]
[129, 130]
[129, 164]
[130, 131]
[130, 96]
[130, 166]
[131, 167]
[131, 166]
[134, 100]
[138, 173]
[140, 106]
[140, 176]
[142, 178]
[144, 145]
[144, 110]
[144, 180]
[144, 179]
[145, 111]
[145, 180]
[147, 148]
[147, 183]
[148, 114]
[148, 184]
[148, 183]
[151, 152]
[151, 186]
[160, 161]
[160, 126]
[160, 196]
[161, 162]
[161, 197]
[161, 196]
[162, 198]
[162, 197]
[164, 130]
[164, 200]
[166, 167]
[166, 201]
[176, 142]
[176, 211]
[178, 179]
[178, 144]
[178, 214]
[179, 180]
[179, 145]
[179, 215]
[179, 214]
[180, 216]
[180, 215]
[183, 184]
[186, 152]
[186, 222]
[186, 221]
[191, 192]
[194, 160]
[196, 197]
[196, 162]
[196, 232]
[197, 198]
[197, 233]
[197, 232]
[198, 164]
[198, 234]
[198, 233]
[200, 201]
[200, 166]
[200, 236]
[201, 167]
[201, 237]
[201, 236]
[207, 173]
[214, 215]
[214, 180]
[215, 216]
[221, 222]
[222, 223]
[223, 224]
[232, 233]
[232, 198]
[233, 234]
[234, 200]
[236, 237]
[237, 238]
[238, 239]
