[0, 36]
[0, 35]
[3, 4]
[3, 38]
[4, 40]
[6, 41]
[15, 16]
[15, 50]
[16, 52]
[20, 21]
[20, 55]
[21, 22]
[22, 58]
[26, 62]
[26, 61]
[28, 29]
[35, 36]
[35, 71]
[35, 70]
[36, 37]
[36, 72]
[36, 71]
[37, 38]
[37, 3]
[37, 72]
[38, 4]
[40, 41]
[40, 6]
[40, 76]
[40, 75]
[41, 77]
[41, 76]
[45, 46]
[49, 50]
[49, 15]
[49, 85]
[50, 16]
[50, 85]
[52, 18]
[55, 21]
[58, 94]
[61, 62]
[61, 97]
[61, 96]
[62, 28]
[62, 98]
[62, 97]
[68, 34]
[68, 104]
[70, 71]
[70, 36]
[70, 105]
[71, 72]
[71, 37]
[72, 38]
[75, 76]
[75, 41]
[76, 77]
[76, 112]
[77, 78]
[77, 112]
[83, 49]
[85, 120]
[94, 95]
[95, 96]
[95, 61]
[96, 97]
[96, 62]
[96, 132]
[97, 98]
[97, 132]
[98, 99]
[99, 135]
[101, 137]
[101, 136]
[104, 139]
[105, 71]
[112, 78]
[112, 148]
[112, 147]
[127, 163]
[127, 162]
[132, 98]
[132, 167]
[135, 136]
[135, 101]
[135, 170]
[136, 137]
[136, 172]
[137, 173]
[137, 172]
[142, 178]
[142, 177]
[144, 180]
[147, 148]
[147, 183]
[148, 149]
[148, 183]
[149, 185]
[153, 189]
[158, 194]
[160, 196]
[162, 163]
[162, 197]
[165, 166]
[165, 201]
[165, 200]
[166, 167]
[166, 132]
[166, 201]
[169, 170]
[169, 135]
[169, 205]
[170, 136]
[170, 205]
[172, 173]
[172, 207]
[173, 139]
[173, 209]
[177, 178]
[177, 212]
[178, 144]
[180, 181]
[180, 216]
[181, 147]
[181, 217]
[181, 216]
[183, 149]
[185, 151]
[185, 220]
[189, 190]
[189, 225]
[190, 226]
[190, 225]
[192, 158]
[194, 160]
[194, 230]
[194, 229]
[196, 197]
[196, 162]
[196, 231]
[197, 163]
[200, 201]
[200, 166]
[201, 167]
[205, 240]
[207, 173]
[207, 242]
[212, 178]
[216, 217]
[217, 183]
[225, 226]
[226, 192]
[229, 230]
[230, 231]
[230, 196]
[231, 197]
