[0, 1]
[0, 36]
[0, 35]
[1, 37]
[1, 36]
[4, 40]
[4, 39]
[6, 7]
[6, 41]
[9, 10]
[9, 45]
[10, 11]
[10, 45]
[13, 49]
[13, 48]
[16, 52]
[20, 21]
[21, 22]
[22, 58]
[28, 29]
[28, 63]
[29, 65]
[35, 36]
[35, 1]
[35, 71]
[36, 37]
[36, 72]
[36, 71]
[37, 38]
[37, 72]
[38, 39]
[38, 4]
[39, 40]
[39, 75]
[40, 41]
[40, 6]
[40, 75]
[41, 7]
[41, 77]
[45, 11]
[45, 81]
[48, 49]
[49, 50]
[49, 85]
[50, 16]
[50, 85]
[52, 87]
[54, 20]
[54, 89]
[63, 29]
[63, 99]
[65, 31]
[65, 101]
[65, 100]
[68, 69]
[68, 104]
[69, 104]
[71, 72]
[71, 37]
[72, 38]
[75, 41]
[79, 45]
[79, 115]
[81, 116]
[85, 120]
[87, 123]
[89, 125]
[91, 92]
[91, 127]
[91, 126]
[92, 58]
[92, 127]
[95, 96]
[96, 132]
[99, 100]
[99, 65]
[99, 135]
[99, 134]
[100, 101]
[100, 136]
[100, 135]
[101, 102]
[101, 137]
[101, 136]
[102, 68]
[102, 138]
[102, 137]
[104, 139]
[109, 75]
[109, 145]
[115, 116]
[115, 81]
[115, 151]
[116, 151]
[118, 119]
[119, 120]
[119, 85]
[119, 155]
[120, 155]
[123, 89]
[123, 159]
[125, 126]
[125, 91]
[125, 160]
[126, 127]
[126, 92]
[127, 163]
[129, 95]
[129, 164]
[132, 168]
[134, 135]
[134, 100]
[135, 136]
[135, 101]
[135, 171]
[136, 137]
[136, 102]
[136, 172]
[136, 171]
[137, 138]
[137, 173]
[137, 172]
[138, 139]
[138, 104]
[138, 174]
[138, 173]
[139, 174]
[142, 178]
[147, 148]
[147, 182]
[155, 191]
[157, 123]
[157, 192]
[159, 160]
[159, 125]
[160, 126]
[160, 196]
[163, 164]
[163, 129]
[164, 200]
[168, 134]
[168, 204]
[171, 172]
[171, 137]
[171, 207]
[171, 206]
[172, 173]
[172, 138]
[172, 208]
[172, 207]
[173, 174]
[173, 139]
[173, 209]
[173, 208]
[174, 209]
[176, 142]
[176, 211]
[182, 148]
[182, 217]
[185, 151]
[185, 220]
[189, 155]
[189, 225]
[189, 224]
[191, 192]
[191, 157]
[196, 232]
[200, 201]
[200, 235]
[201, 202]
[202, 168]
[202, 238]
[206, 207]
[206, 172]
[207, 208]
[207, 173]
[207, 243]
[208, 209]
[208, 174]
[208, 243]
[216, 217]
[216, 182]
[219, 220]
[219, 185]
[224, 225]
[225, 191]
[230, 196]
[234, 235]
[234, 200]
[235, 201]
[238, 204]
[243, 209]
