[2, 38]
[2, 37]
[4, 5]
[4, 40]
[4, 39]
[5, 6]
[5, 40]
[6, 7]
[6, 42]
[7, 42]
[9, 10]
[9, 45]
[9, 44]
[10, 11]
[10, 46]
[10, 45]
[11, 47]
[11, 46]
[13, 49]
[15, 51]
[15, 50]
[19, 54]
[21, 22]
[21, 57]
[22, 23]
[22, 57]
[26, 62]
[28, 29]
[29, 65]
[31, 32]
[35, 70]
[37, 38]
[37, 73]
[37, 72]
[38, 39]
[38, 4]
[38, 74]
[38, 73]
[39, 40]
[39, 5]
[39, 75]
[39, 74]
[40, 6]
[40, 76]
[40, 75]
[42, 78]
[44, 45]
[44, 10]
[44, 80]
[44, 79]
[45, 46]
[45, 11]
[45, 81]
[45, 80]
[46, 47]
[46, 82]
[46, 81]
[47, 13]
[47, 82]
[49, 50]
[49, 15]
[49, 85]
[49, 84]
[50, 51]
[50, 86]
[50, 85]
[51, 87]
[51, 86]
[53, 54]
[53, 19]
[57, 23]
[57, 93]
[62, 28]
[65, 31]
[70, 105]
[72, 73]
[72, 38]
[73, 74]
[73, 39]
[73, 109]
[74, 75]
[74, 40]
[74, 109]
[75, 76]
[75, 111]
[76, 42]
[76, 111]
[78, 79]
[78, 44]
[78, 114]
[79, 80]
[79, 45]
[79, 114]
[80, 81]
[80, 46]
[80, 116]
[81, 82]
[81, 47]
[81, 117]
[81, 116]
[82, 118]
[82, 117]
[84, 85]
[84, 50]
[84, 120]
[85, 86]
[85, 51]
[85, 121]
[85, 120]
[86, 87]
[86, 121]
[87, 53]
[91, 57]
[93, 128]
[99, 65]
[99, 135]
[99, 134]
[109, 75]
[109, 145]
[109, 144]
[111, 147]
[114, 80]
[114, 150]
[116, 117]
[116, 82]
[116, 152]
[116, 151]
[117, 118]
[117, 152]
[118, 84]
[118, 154]
[120, 121]
[120, 86]
[120, 155]
[121, 87]
[121, 157]
[124, 125]
[124, 159]
[125, 91]
[125, 161]
[128, 164]
[130, 131]
[131, 167]
[133, 134]
[133, 99]
[133, 169]
[133, 168]
[134, 135]
[134, 169]
[142, 178]
[144, 145]
[144, 179]
[145, 111]
[147, 148]
[147, 182]
[148, 114]
[148, 184]
[150, 151]
[150, 116]
[150, 186]
[151, 152]
[151, 117]
[151, 186]
[152, 118]
[152, 188]
[154, 155]
[154, 120]
[154, 189]
[155, 121]
[157, 158]
[157, 192]
[158, 159]
[158, 124]
[158, 194]
[159, 125]
[159, 194]
[161, 197]
[161, 196]
[164, 130]
[167, 168]
[167, 133]
[167, 203]
[168, 169]
[168, 134]
[168, 203]
[169, 135]
[169, 205]
[173, 174]
[173, 209]
[173, 208]
[174, 209]
[176, 142]
[178, 179]
[178, 144]
[178, 214]
[179, 145]
[179, 214]
[182, 148]
[182, 218]
[184, 150]
[184, 220]
[184, 219]
[186, 152]
[186, 222]
[186, 221]
[188, 189]
[188, 154]
[188, 224]
[189, 155]
[189, 224]
[192, 158]
[196, 197]
[196, 232]
[196, 231]
[197, 232]
[201, 167]
[201, 237]
[201, 236]
[203, 169]
[205, 206]
[205, 240]
[206, 242]
[208, 209]
[208, 174]
[216, 182]
[218, 219]
[218, 184]
[219, 220]
[220, 221]
[220, 186]
[221, 222]
[222, 188]
[226, 192]
[231, 232]
[231, 197]
[236, 237]
[237, 203]
[240, 206]
[242, 208]
