[0, 1]
[0, 36]
[0, 35]
[1, 36]
[3, 4]
[3, 39]
[3, 38]
[4, 39]
[6, 42]
[6, 41]
[8, 9]
[8, 44]
[9, 45]
[9, 44]
[16, 52]
[18, 19]
[18, 54]
[19, 54]
[22, 23]
[22, 57]
[26, 62]
[26, 61]
[28, 29]
[28, 63]
[29, 30]
[29, 65]
[30, 65]
[33, 34]
[33, 69]
[33, 68]
[34, 69]
[35, 36]
[35, 1]
[35, 71]
[36, 71]
[38, 39]
[38, 4]
[38, 73]
[41, 42]
[41, 76]
[42, 8]
[44, 45]
[44, 79]
[45, 46]
[45, 81]
[46, 81]
[48, 14]
[48, 83]
[52, 18]
[54, 90]
[54, 89]
[56, 57]
[56, 22]
[56, 91]
[57, 23]
[60, 61]
[60, 26]
[60, 96]
[61, 62]
[61, 96]
[62, 63]
[62, 28]
[62, 98]
[63, 29]
[63, 99]
[63, 98]
[65, 101]
[67, 68]
[67, 33]
[67, 103]
[68, 69]
[68, 34]
[68, 103]
[71, 106]
[73, 39]
[73, 109]
[76, 42]
[76, 112]
[76, 111]
[79, 45]
[83, 119]
[83, 118]
[89, 90]
[89, 125]
[90, 91]
[90, 56]
[90, 125]
[91, 57]
[96, 62]
[96, 131]
[98, 99]
[98, 134]
[99, 65]
[99, 135]
[99, 134]
[101, 67]
[101, 137]
[101, 136]
[103, 69]
[103, 139]
[105, 106]
[105, 71]
[105, 141]
[106, 141]
[109, 144]
[111, 112]
[111, 146]
[112, 113]
[112, 148]
[113, 79]
[113, 148]
[118, 119]
[118, 154]
[118, 153]
[119, 154]
[121, 122]
[121, 157]
[121, 156]
[122, 123]
[122, 157]
[123, 89]
[125, 91]
[125, 161]
[130, 131]
[130, 96]
[130, 165]
[131, 167]
[134, 135]
[134, 169]
[135, 136]
[135, 101]
[136, 137]
[137, 103]
[143, 144]
[143, 109]
[143, 178]
[144, 180]
[146, 112]
[148, 184]
[153, 154]
[153, 119]
[153, 189]
[153, 188]
[154, 190]
[154, 189]
[156, 157]
[156, 122]
[157, 123]
[157, 193]
[161, 196]
[165, 131]
[167, 168]
[168, 169]
[168, 134]
[168, 204]
[169, 135]
[169, 205]
[169, 204]
[178, 144]
[180, 146]
[180, 215]
[184, 185]
[185, 151]
[188, 189]
[188, 154]
[189, 190]
[190, 156]
[193, 194]
[193, 229]
[193, 228]
[194, 195]
[194, 230]
[194, 229]
[195, 196]
[195, 161]
[195, 230]
[204, 205]
[204, 240]
[205, 240]
[209, 244]
[227, 228]
[227, 193]
[228, 229]
[228, 194]
[229, 230]
[229, 195]
[230, 196]
[234, 235]
