[3, 4]
[3, 38]
[4, 5]
[4, 40]
[5, 6]
[5, 40]
[8, 43]
[12, 13]
[12, 48]
[13, 14]
[13, 48]
[14, 15]
[18, 54]
[18, 53]
[20, 56]
[20, 55]
[22, 58]
[24, 25]
[24, 60]
[25, 26]
[25, 60]
[28, 29]
[28, 64]
[28, 63]
[29, 30]
[29, 65]
[29, 64]
[30, 66]
[30, 65]
[32, 33]
[32, 68]
[33, 69]
[33, 68]
[35, 71]
[37, 38]
[37, 3]
[37, 73]
[37, 72]
[38, 4]
[38, 74]
[38, 73]
[40, 6]
[43, 79]
[45, 81]
[48, 14]
[48, 84]
[53, 54]
[53, 89]
[53, 88]
[54, 55]
[54, 20]
[54, 90]
[54, 89]
[55, 56]
[55, 90]
[56, 22]
[58, 24]
[58, 93]
[60, 26]
[60, 96]
[63, 64]
[63, 29]
[63, 99]
[64, 65]
[64, 30]
[64, 99]
[65, 66]
[66, 32]
[68, 69]
[68, 104]
[69, 104]
[71, 72]
[71, 37]
[71, 107]
[71, 106]
[72, 73]
[72, 38]
[72, 107]
[73, 74]
[73, 109]
[74, 40]
[74, 110]
[74, 109]
[79, 45]
[79, 114]
[81, 82]
[81, 117]
[81, 116]
[82, 48]
[82, 118]
[82, 117]
[84, 85]
[84, 119]
[85, 121]
[87, 88]
[87, 53]
[87, 123]
[88, 89]
[88, 54]
[88, 124]
[88, 123]
[89, 90]
[89, 55]
[89, 124]
[90, 56]
[90, 126]
[93, 129]
[93, 128]
[96, 97]
[96, 132]
[97, 63]
[97, 132]
[99, 65]
[99, 135]
[104, 139]
[105, 106]
[105, 71]
[105, 140]
[106, 107]
[106, 72]
[107, 73]
[107, 143]
[109, 110]
[109, 144]
[110, 111]
[111, 147]
[113, 114]
[113, 79]
[113, 149]
[113, 148]
[114, 149]
[116, 117]
[116, 82]
[116, 152]
[116, 151]
[117, 118]
[117, 153]
[117, 152]
[118, 119]
[118, 84]
[118, 153]
[119, 85]
[119, 155]
[121, 87]
[121, 157]
[123, 124]
[123, 89]
[124, 90]
[124, 160]
[126, 127]
[126, 162]
[126, 161]
[127, 128]
[127, 93]
[127, 163]
[127, 162]
[128, 129]
[128, 164]
[128, 163]
[129, 164]
[132, 168]
[132, 167]
[135, 171]
[137, 138]
[138, 139]
[138, 104]
[138, 174]
[139, 174]
[140, 106]
[140, 176]
[140, 175]
[143, 144]
[143, 109]
[144, 110]
[144, 180]
[147, 148]
[147, 113]
[148, 149]
[148, 114]
[148, 184]
[149, 184]
[151, 152]
[151, 117]
[152, 153]
[152, 118]
[152, 188]
[153, 119]
[153, 189]
[153, 188]
[155, 121]
[155, 191]
[155, 190]
[157, 123]
[157, 193]
[157, 192]
[160, 161]
[160, 126]
[161, 162]
[161, 127]
[162, 163]
[162, 128]
[162, 198]
[163, 164]
[163, 129]
[163, 199]
[163, 198]
[164, 200]
[164, 199]
[166, 167]
[166, 132]
[166, 202]
[167, 168]
[167, 203]
[167, 202]
[168, 204]
[168, 203]
[171, 137]
[171, 207]
[175, 176]
[175, 210]
[176, 212]
[180, 216]
[184, 219]
[188, 189]
[188, 223]
[189, 190]
[189, 155]
[190, 191]
[191, 192]
[191, 157]
[192, 193]
[192, 228]
[193, 194]
[193, 228]
[194, 160]
[198, 199]
[198, 164]
[198, 233]
[199, 200]
[200, 166]
[202, 203]
[202, 168]
[202, 237]
[203, 204]
[204, 205]
[204, 240]
[205, 171]
[205, 241]
[205, 240]
[207, 208]
[207, 242]
[208, 174]
[210, 176]
[216, 217]
[221, 222]
[222, 223]
[222, 188]
[223, 189]
[228, 194]
[231, 232]
[232, 233]
[232, 198]
[233, 199]
[237, 203]
[240, 241]
[241, 242]
[241, 207]
[242, 208]
