[0, 1]
[0, 35]
[1, 37]
[3, 39]
[5, 41]
[5, 40]
[8, 9]
[8, 43]
[9, 10]
[10, 11]
[10, 46]
[11, 46]
[13, 14]
[13, 49]
[13, 48]
[14, 15]
[14, 50]
[14, 49]
[15, 16]
[15, 50]
[16, 17]
[16, 52]
[17, 52]
[22, 23]
[22, 58]
[22, 57]
[23, 24]
[23, 58]
[24, 25]
[25, 61]
[31, 67]
[33, 34]
[35, 1]
[35, 71]
[35, 70]
[37, 3]
[37, 73]
[39, 40]
[39, 5]
[39, 75]
[39, 74]
[40, 41]
[40, 75]
[41, 42]
[42, 43]
[42, 8]
[43, 9]
[46, 82]
[48, 49]
[48, 14]
[49, 50]
[49, 15]
[49, 85]
[50, 16]
[50, 85]
[56, 57]
[56, 22]
[56, 92]
[57, 58]
[57, 23]
[57, 92]
[58, 24]
[61, 62]
[61, 97]
[62, 63]
[62, 97]
[63, 29]
[67, 33]
[70, 71]
[70, 105]
[71, 37]
[71, 107]
[73, 74]
[73, 39]
[74, 75]
[74, 40]
[75, 41]
[80, 46]
[80, 116]
[80, 115]
[82, 48]
[82, 117]
[92, 58]
[92, 127]
[97, 63]
[100, 136]
[105, 71]
[105, 140]
[107, 73]
[107, 143]
[112, 113]
[113, 114]
[114, 115]
[114, 80]
[114, 150]
[115, 116]
[115, 150]
[116, 117]
[116, 82]
[123, 89]
[123, 158]
[129, 165]
[129, 164]
[131, 97]
[131, 167]
[138, 104]
[138, 173]
[140, 176]
[143, 178]
[150, 116]
[157, 158]
[157, 123]
[157, 193]
[158, 194]
[158, 193]
[160, 161]
[160, 195]
[161, 127]
[161, 197]
[164, 165]
[164, 200]
[164, 199]
[165, 131]
[165, 201]
[165, 200]
[167, 202]
[170, 136]
[170, 205]
[173, 209]
[176, 211]
[181, 182]
[181, 217]
[182, 183]
[182, 217]
[188, 224]
[188, 223]
[193, 194]
[193, 228]
[194, 195]
[194, 160]
[195, 161]
[197, 198]
[198, 199]
[198, 164]
[199, 200]
[199, 165]
[200, 201]
[201, 202]
[201, 167]
[201, 237]
[202, 237]
[204, 205]
[204, 170]
[207, 173]
[215, 181]
[217, 183]
[220, 221]
[223, 224]
[224, 225]
[228, 194]
