[1, 2]
[1, 37]
[2, 37]
[4, 5]
[4, 39]
[8, 43]
[14, 15]
[14, 50]
[15, 51]
[15, 50]
[17, 18]
[17, 52]
[20, 56]
[20, 55]
[22, 58]
[22, 57]
[26, 27]
[26, 62]
[27, 28]
[27, 62]
[30, 66]
[30, 65]
[35, 1]
[37, 72]
[39, 5]
[39, 74]
[42, 43]
[42, 8]
[50, 51]
[51, 52]
[51, 17]
[51, 87]
[52, 18]
[52, 88]
[52, 87]
[55, 56]
[55, 90]
[56, 57]
[56, 22]
[56, 92]
[57, 58]
[57, 93]
[57, 92]
[58, 94]
[58, 93]
[62, 28]
[62, 98]
[65, 66]
[66, 67]
[67, 103]
[72, 108]
[72, 107]
[74, 110]
[83, 118]
[87, 88]
[90, 56]
[90, 125]
[92, 93]
[92, 58]
[92, 128]
[93, 94]
[93, 129]
[93, 128]
[94, 130]
[94, 129]
[98, 99]
[98, 134]
[99, 65]
[99, 135]
[99, 134]
[103, 104]
[103, 138]
[107, 108]
[108, 74]
[108, 144]
[110, 111]
[114, 115]
[114, 150]
[114, 149]
[115, 116]
[115, 150]
[116, 152]
[118, 154]
[118, 153]
[120, 121]
[121, 87]
[125, 160]
[128, 129]
[128, 94]
[129, 130]
[129, 165]
[130, 166]
[130, 165]
[132, 98]
[132, 167]
[134, 135]
[135, 136]
[136, 137]
[136, 172]
[137, 138]
[137, 103]
[137, 173]
[137, 172]
[138, 104]
[138, 173]
[140, 141]
[140, 176]
[140, 175]
[141, 107]
[141, 177]
[141, 176]
[144, 110]
[144, 180]
[148, 149]
[148, 114]
[149, 150]
[149, 115]
[149, 185]
[150, 116]
[150, 185]
[152, 153]
[152, 118]
[152, 188]
[153, 154]
[153, 188]
[154, 120]
[154, 190]
[158, 159]
[158, 194]
[159, 160]
[159, 125]
[159, 194]
[162, 128]
[165, 166]
[165, 201]
[166, 167]
[166, 132]
[166, 201]
[172, 173]
[172, 138]
[172, 207]
[173, 209]
[175, 176]
[175, 141]
[176, 177]
[176, 212]
[177, 178]
[177, 213]
[177, 212]
[178, 144]
[178, 214]
[178, 213]
[180, 181]
[185, 221]
[185, 220]
[188, 154]
[188, 224]
[190, 225]
[192, 158]
[192, 227]
[194, 160]
[201, 167]
[207, 173]
[207, 243]
[212, 213]
[212, 178]
[213, 214]
[214, 180]
[220, 221]
[224, 225]
[224, 190]
[231, 232]
[232, 233]
[238, 239]
[239, 205]
[243, 209]
