[2, 38]
[2, 37]
[6, 41]
[8, 44]
[11, 46]
[15, 51]
[18, 19]
[19, 20]
[22, 58]
[24, 60]
[24, 59]
[28, 64]
[28, 63]
[30, 31]
[31, 32]
[31, 67]
[32, 67]
[37, 38]
[38, 4]
[41, 76]
[44, 45]
[44, 80]
[45, 46]
[45, 11]
[45, 81]
[45, 80]
[46, 81]
[48, 49]
[48, 83]
[49, 15]
[51, 52]
[52, 18]
[58, 59]
[58, 24]
[58, 94]
[58, 93]
[59, 60]
[59, 94]
[60, 26]
[60, 96]
[63, 64]
[63, 99]
[63, 98]
[64, 30]
[64, 100]
[64, 99]
[69, 104]
[75, 76]
[75, 41]
[75, 111]
[76, 112]
[76, 111]
[78, 44]
[80, 81]
[80, 46]
[80, 116]
[81, 116]
[83, 49]
[90, 126]
[93, 94]
[93, 59]
[93, 129]
[93, 128]
[94, 60]
[94, 130]
[94, 129]
[96, 131]
[98, 99]
[98, 64]
[98, 133]
[99, 100]
[100, 101]
[100, 136]
[101, 67]
[101, 137]
[101, 136]
[111, 112]
[111, 146]
[112, 78]
[116, 152]
[120, 156]
[122, 123]
[122, 158]
[123, 124]
[123, 158]
[124, 90]
[124, 160]
[128, 129]
[128, 94]
[129, 130]
[130, 131]
[130, 96]
[133, 99]
[133, 169]
[133, 168]
[136, 137]
[141, 177]
[145, 146]
[145, 111]
[145, 181]
[146, 112]
[146, 181]
[149, 150]
[149, 185]
[149, 184]
[150, 116]
[150, 185]
[152, 153]
[153, 189]
[156, 122]
[156, 192]
[158, 124]
[160, 126]
[168, 169]
[168, 203]
[169, 205]
[174, 209]
[175, 141]
[177, 143]
[177, 213]
[181, 217]
[181, 216]
[184, 185]
[184, 150]
[184, 220]
[184, 219]
[185, 220]
[189, 190]
[189, 225]
[190, 156]
[190, 226]
[190, 225]
[192, 158]
[192, 228]
[202, 203]
[202, 168]
[203, 169]
[203, 239]
[205, 206]
[206, 207]
[206, 242]
[207, 208]
[207, 242]
[208, 209]
[208, 174]
[208, 244]
[209, 244]
[215, 216]
[215, 181]
[216, 217]
[219, 220]
[219, 185]
[225, 226]
[226, 192]
[228, 229]
[239, 205]
[242, 208]
