[0, 36]
[0, 35]
[4, 39]
[8, 43]
[10, 11]
[10, 45]
[11, 12]
[12, 13]
[12, 48]
[13, 49]
[13, 48]
[22, 58]
[24, 25]
[24, 60]
[24, 59]
[25, 60]
[27, 28]
[27, 63]
[28, 63]
[35, 36]
[35, 71]
[35, 70]
[36, 72]
[36, 71]
[43, 78]
[45, 11]
[45, 81]
[45, 80]
[48, 49]
[48, 83]
[49, 50]
[49, 85]
[50, 85]
[55, 56]
[55, 91]
[55, 90]
[56, 22]
[56, 92]
[56, 91]
[58, 59]
[58, 24]
[58, 93]
[59, 60]
[59, 25]
[59, 95]
[60, 96]
[60, 95]
[63, 98]
[65, 100]
[67, 68]
[68, 34]
[70, 71]
[70, 36]
[70, 106]
[71, 72]
[71, 107]
[71, 106]
[72, 73]
[72, 107]
[73, 39]
[76, 112]
[78, 113]
[80, 81]
[80, 116]
[80, 115]
[81, 116]
[83, 49]
[85, 120]
[88, 124]
[90, 91]
[90, 56]
[90, 125]
[91, 92]
[92, 93]
[92, 58]
[92, 128]
[93, 59]
[93, 128]
[95, 96]
[96, 97]
[97, 98]
[97, 63]
[97, 133]
[98, 134]
[98, 133]
[100, 135]
[106, 107]
[106, 72]
[106, 142]
[106, 141]
[107, 73]
[107, 143]
[107, 142]
[110, 76]
[110, 146]
[112, 113]
[112, 78]
[113, 149]
[115, 116]
[115, 81]
[115, 150]
[116, 152]
[124, 125]
[124, 90]
[124, 160]
[125, 91]
[125, 160]
[128, 163]
[133, 134]
[133, 168]
[134, 135]
[134, 100]
[134, 170]
[135, 170]
[140, 141]
[140, 106]
[140, 176]
[141, 142]
[141, 107]
[141, 176]
[142, 143]
[142, 178]
[143, 144]
[143, 179]
[143, 178]
[144, 110]
[144, 180]
[144, 179]
[146, 112]
[146, 181]
[149, 150]
[149, 115]
[150, 116]
[152, 188]
[154, 120]
[154, 190]
[154, 189]
[158, 124]
[158, 194]
[160, 196]
[160, 195]
[162, 163]
[162, 128]
[162, 197]
[163, 199]
[165, 166]
[165, 201]
[166, 201]
[168, 134]
[170, 205]
[172, 173]
[172, 208]
[172, 207]
[173, 139]
[173, 209]
[173, 208]
[176, 142]
[176, 212]
[178, 179]
[178, 144]
[178, 214]
[179, 180]
[179, 215]
[179, 214]
[180, 181]
[180, 146]
[180, 216]
[180, 215]
[181, 217]
[181, 216]
[183, 149]
[183, 219]
[188, 189]
[188, 154]
[189, 190]
[190, 226]
[192, 158]
[192, 228]
[194, 195]
[194, 160]
[195, 196]
[196, 197]
[196, 162]
[196, 232]
[197, 163]
[197, 232]
[199, 165]
[199, 235]
[201, 237]
[207, 208]
[207, 173]
[207, 242]
[208, 209]
[212, 178]
[214, 215]
[214, 180]
[215, 216]
[215, 181]
[216, 217]
[217, 183]
[226, 192]
[228, 194]
[235, 201]
[237, 238]
[242, 208]
