[5, 6]
[5, 41]
[5, 40]
[6, 42]
[6, 41]
[8, 44]
[10, 11]
[10, 46]
[11, 47]
[11, 46]
[13, 14]
[14, 50]
[17, 18]
[17, 52]
[18, 54]
[26, 27]
[27, 28]
[27, 63]
[28, 29]
[28, 64]
[28, 63]
[29, 65]
[29, 64]
[33, 34]
[33, 68]
[39, 40]
[39, 5]
[39, 74]
[40, 41]
[40, 6]
[41, 42]
[41, 77]
[42, 8]
[42, 77]
[44, 10]
[44, 80]
[44, 79]
[46, 47]
[46, 82]
[47, 13]
[47, 83]
[47, 82]
[50, 51]
[50, 85]
[51, 52]
[51, 17]
[52, 18]
[54, 55]
[54, 90]
[54, 89]
[55, 91]
[55, 90]
[63, 64]
[63, 29]
[63, 98]
[64, 65]
[65, 101]
[67, 68]
[67, 33]
[67, 103]
[67, 102]
[68, 34]
[68, 103]
[71, 106]
[74, 40]
[74, 110]
[77, 113]
[77, 112]
[79, 80]
[79, 115]
[80, 46]
[80, 115]
[82, 83]
[83, 119]
[85, 51]
[85, 121]
[89, 90]
[89, 55]
[89, 124]
[90, 91]
[90, 126]
[91, 92]
[91, 126]
[95, 96]
[95, 131]
[96, 132]
[96, 131]
[98, 64]
[98, 134]
[98, 133]
[101, 102]
[101, 67]
[101, 137]
[101, 136]
[102, 103]
[102, 68]
[102, 138]
[102, 137]
[103, 139]
[103, 138]
[110, 145]
[112, 113]
[112, 148]
[113, 79]
[113, 149]
[113, 148]
[115, 151]
[115, 150]
[119, 85]
[119, 155]
[119, 154]
[121, 157]
[123, 124]
[123, 89]
[123, 159]
[123, 158]
[124, 90]
[124, 160]
[124, 159]
[126, 92]
[126, 161]
[129, 95]
[131, 132]
[131, 166]
[132, 133]
[132, 98]
[133, 134]
[134, 135]
[134, 170]
[135, 136]
[135, 101]
[135, 170]
[136, 137]
[136, 102]
[136, 172]
[137, 138]
[137, 103]
[137, 172]
[138, 139]
[140, 106]
[140, 176]
[140, 175]
[144, 145]
[144, 110]
[144, 179]
[148, 149]
[149, 150]
[149, 115]
[150, 151]
[151, 152]
[152, 188]
[154, 155]
[154, 190]
[154, 189]
[155, 121]
[155, 191]
[155, 190]
[157, 158]
[157, 123]
[158, 159]
[158, 124]
[158, 194]
[159, 160]
[159, 194]
[160, 161]
[160, 126]
[161, 197]
[163, 129]
[163, 199]
[166, 132]
[166, 202]
[170, 136]
[170, 206]
[172, 138]
[172, 208]
[175, 176]
[176, 212]
[179, 145]
[179, 214]
[182, 148]
[182, 218]
[182, 217]
[188, 189]
[188, 154]
[189, 190]
[189, 155]
[189, 225]
[190, 191]
[190, 226]
[190, 225]
[191, 157]
[191, 227]
[191, 226]
[194, 160]
[194, 230]
[197, 163]
[199, 200]
[200, 166]
[200, 236]
[202, 203]
[202, 238]
[203, 239]
[203, 238]
[206, 172]
[206, 241]
[208, 209]
[208, 244]
[209, 244]
[217, 218]
[222, 188]
[225, 226]
[225, 191]
[226, 227]
[236, 202]
[238, 239]
