[0, 1]
[0, 35]
[1, 2]
[2, 3]
[2, 38]
[3, 4]
[3, 39]
[3, 38]
[4, 40]
[4, 39]
[6, 42]
[6, 41]
[8, 43]
[11, 12]
[12, 13]
[19, 54]
[23, 24]
[23, 59]
[24, 59]
[26, 27]
[26, 62]
[27, 63]
[27, 62]
[34, 69]
[35, 1]
[35, 70]
[38, 39]
[38, 4]
[38, 74]
[38, 73]
[39, 40]
[39, 74]
[40, 41]
[40, 6]
[40, 76]
[41, 42]
[41, 77]
[41, 76]
[42, 43]
[42, 8]
[42, 77]
[51, 87]
[51, 86]
[54, 89]
[56, 91]
[59, 95]
[59, 94]
[62, 63]
[62, 98]
[62, 97]
[63, 98]
[65, 66]
[66, 32]
[66, 102]
[70, 105]
[73, 74]
[73, 39]
[73, 108]
[74, 40]
[76, 77]
[76, 42]
[76, 111]
[77, 43]
[82, 118]
[85, 86]
[85, 51]
[86, 87]
[87, 88]
[88, 89]
[88, 54]
[88, 124]
[89, 125]
[89, 124]
[94, 95]
[94, 129]
[95, 96]
[96, 97]
[96, 62]
[96, 132]
[97, 98]
[97, 63]
[97, 132]
[98, 134]
[102, 103]
[102, 137]
[103, 69]
[108, 74]
[111, 77]
[111, 147]
[115, 116]
[116, 82]
[124, 125]
[125, 91]
[128, 129]
[128, 94]
[128, 163]
[129, 95]
[132, 98]
[134, 169]
[137, 103]
[137, 172]
[145, 111]
[147, 182]
[157, 158]
[158, 124]
[162, 163]
[162, 128]
[163, 129]
[163, 199]
[166, 132]
[166, 201]
[171, 172]
[171, 137]
[171, 207]
[172, 207]
[174, 209]
[182, 218]
[185, 186]
[185, 220]
[186, 187]
[186, 222]
[187, 223]
[187, 222]
[189, 190]
[189, 225]
[190, 225]
[196, 162]
[199, 235]
[201, 237]
[218, 219]
[219, 220]
[219, 185]
[220, 186]
[222, 223]
[223, 189]
[227, 228]
[228, 229]
[229, 230]
[230, 196]
[233, 199]
[235, 201]
[239, 240]
