[2, 3]
[2, 38]
[2, 37]
[3, 4]
[3, 38]
[4, 5]
[4, 40]
[5, 41]
[5, 40]
[9, 10]
[9, 44]
[13, 49]
[13, 48]
[17, 18]
[20, 21]
[20, 56]
[20, 55]
[21, 56]
[24, 25]
[24, 60]
[24, 59]
[25, 61]
[25, 60]
[30, 65]
[37, 38]
[37, 3]
[37, 73]
[37, 72]
[38, 4]
[38, 74]
[38, 73]
[40, 41]
[40, 75]
[41, 42]
[41, 77]
[42, 78]
[42, 77]
[44, 10]
[47, 48]
[47, 13]
[48, 49]
[49, 50]
[49, 85]
[50, 86]
[50, 85]
[55, 56]
[55, 21]
[55, 91]
[56, 91]
[59, 60]
[59, 25]
[59, 95]
[60, 61]
[60, 96]
[60, 95]
[61, 62]
[61, 97]
[61, 96]
[62, 28]
[62, 97]
[65, 100]
[67, 68]
[67, 102]
[68, 69]
[68, 104]
[69, 104]
[71, 72]
[71, 37]
[71, 106]
[72, 73]
[72, 38]
[73, 74]
[73, 109]
[74, 75]
[74, 40]
[74, 109]
[75, 41]
[77, 78]
[77, 113]
[77, 112]
[78, 44]
[78, 114]
[78, 113]
[81, 47]
[85, 86]
[86, 122]
[91, 127]
[91, 126]
[93, 59]
[93, 129]
[93, 128]
[95, 96]
[95, 61]
[96, 97]
[96, 62]
[96, 132]
[97, 132]
[99, 100]
[99, 65]
[100, 136]
[102, 68]
[102, 137]
[105, 106]
[105, 71]
[105, 140]
[106, 72]
[106, 142]
[109, 75]
[112, 113]
[112, 78]
[112, 148]
[112, 147]
[113, 114]
[113, 148]
[114, 150]
[119, 85]
[119, 154]
[122, 123]
[123, 124]
[123, 159]
[124, 125]
[124, 160]
[124, 159]
[125, 126]
[125, 91]
[125, 161]
[125, 160]
[126, 127]
[126, 162]
[126, 161]
[127, 128]
[127, 93]
[127, 162]
[128, 129]
[129, 95]
[136, 137]
[136, 102]
[136, 172]
[137, 172]
[140, 106]
[142, 177]
[147, 148]
[147, 113]
[147, 183]
[148, 114]
[148, 183]
[150, 186]
[152, 187]
[154, 189]
[156, 122]
[156, 191]
[159, 160]
[159, 125]
[159, 194]
[160, 161]
[160, 126]
[161, 162]
[161, 127]
[161, 197]
[162, 128]
[162, 197]
[166, 132]
[170, 136]
[170, 206]
[170, 205]
[172, 208]
[177, 213]
[177, 212]
[180, 216]
[183, 218]
[186, 187]
[186, 152]
[189, 224]
[191, 227]
[194, 160]
[194, 229]
[197, 233]
[199, 235]
[199, 234]
[203, 204]
[203, 239]
[204, 205]
[204, 170]
[204, 239]
[205, 206]
[206, 172]
[208, 174]
[208, 244]
[208, 243]
[212, 213]
[213, 214]
[214, 180]
[216, 217]
[217, 218]
[217, 183]
[233, 234]
[233, 199]
[234, 235]
[235, 236]
[236, 237]
[237, 203]
[239, 205]
[243, 244]
