[0, 1]
[0, 36]
[0, 35]
[1, 2]
[1, 37]
[1, 36]
[2, 3]
[2, 37]
[3, 39]
[7, 8]
[8, 44]
[14, 15]
[14, 49]
[15, 16]
[18, 19]
[26, 61]
[30, 66]
[33, 34]
[33, 68]
[35, 36]
[35, 1]
[35, 70]
[36, 37]
[36, 2]
[37, 3]
[37, 73]
[39, 40]
[39, 74]
[40, 41]
[40, 76]
[41, 7]
[41, 77]
[41, 76]
[44, 45]
[45, 46]
[49, 15]
[56, 57]
[56, 92]
[56, 91]
[57, 58]
[57, 93]
[57, 92]
[58, 59]
[58, 93]
[59, 95]
[64, 30]
[66, 102]
[68, 34]
[68, 104]
[68, 103]
[70, 36]
[70, 106]
[70, 105]
[73, 74]
[73, 39]
[73, 108]
[74, 40]
[74, 110]
[76, 77]
[76, 112]
[77, 113]
[77, 112]
[88, 124]
[88, 123]
[91, 92]
[91, 57]
[91, 127]
[91, 126]
[92, 93]
[92, 58]
[92, 127]
[93, 59]
[93, 129]
[95, 61]
[95, 131]
[95, 130]
[102, 103]
[102, 68]
[102, 138]
[102, 137]
[103, 104]
[103, 138]
[105, 106]
[105, 140]
[106, 107]
[106, 142]
[107, 108]
[107, 73]
[107, 143]
[107, 142]
[108, 74]
[108, 144]
[108, 143]
[110, 76]
[110, 145]
[112, 113]
[112, 147]
[113, 114]
[116, 151]
[120, 86]
[120, 156]
[123, 124]
[126, 127]
[126, 92]
[127, 93]
[129, 130]
[129, 95]
[130, 131]
[131, 167]
[133, 134]
[133, 168]
[136, 137]
[136, 102]
[137, 138]
[137, 103]
[138, 104]
[140, 106]
[140, 176]
[140, 175]
[142, 143]
[142, 108]
[143, 144]
[143, 179]
[144, 145]
[144, 110]
[144, 179]
[145, 181]
[147, 113]
[147, 183]
[147, 182]
[151, 187]
[153, 154]
[153, 189]
[154, 120]
[154, 189]
[156, 192]
[156, 191]
[167, 168]
[167, 133]
[167, 203]
[167, 202]
[168, 134]
[168, 204]
[168, 203]
[175, 176]
[175, 211]
[176, 142]
[176, 212]
[176, 211]
[179, 145]
[181, 182]
[181, 147]
[182, 183]
[187, 153]
[189, 225]
[189, 224]
[191, 192]
[191, 226]
[192, 193]
[192, 228]
[193, 228]
[195, 196]
[195, 230]
[202, 203]
[202, 168]
[203, 204]
[204, 205]
[204, 240]
[205, 206]
[205, 241]
[205, 240]
[206, 241]
[211, 212]
[212, 213]
[213, 179]
[224, 225]
[225, 226]
[225, 191]
[226, 192]
[230, 196]
[240, 241]
[240, 206]
