[3, 4]
[3, 39]
[3, 38]
[4, 5]
[4, 40]
[4, 39]
[5, 41]
[5, 40]
[11, 12]
[11, 47]
[11, 46]
[12, 48]
[12, 47]
[16, 17]
[16, 52]
[17, 52]
[19, 20]
[25, 61]
[28, 64]
[30, 31]
[31, 67]
[38, 39]
[38, 4]
[38, 74]
[38, 73]
[39, 40]
[39, 5]
[39, 74]
[40, 41]
[40, 76]
[41, 7]
[41, 77]
[41, 76]
[44, 80]
[44, 79]
[46, 47]
[46, 12]
[46, 82]
[46, 81]
[47, 48]
[47, 83]
[47, 82]
[48, 49]
[48, 83]
[49, 50]
[50, 16]
[50, 86]
[61, 97]
[64, 30]
[64, 100]
[64, 99]
[67, 103]
[67, 102]
[70, 105]
[72, 73]
[72, 38]
[73, 74]
[73, 39]
[74, 40]
[76, 77]
[76, 112]
[77, 113]
[77, 112]
[79, 80]
[79, 115]
[80, 81]
[80, 46]
[80, 115]
[81, 82]
[81, 47]
[81, 117]
[82, 83]
[82, 48]
[82, 117]
[83, 49]
[86, 52]
[86, 122]
[93, 129]
[93, 128]
[97, 98]
[97, 132]
[98, 99]
[98, 64]
[98, 134]
[99, 100]
[99, 135]
[99, 134]
[100, 136]
[100, 135]
[102, 103]
[102, 138]
[102, 137]
[103, 139]
[103, 138]
[105, 141]
[105, 140]
[112, 113]
[112, 148]
[113, 79]
[113, 148]
[115, 81]
[115, 150]
[117, 83]
[122, 123]
[122, 158]
[123, 124]
[123, 158]
[127, 128]
[127, 93]
[127, 162]
[128, 129]
[131, 132]
[131, 97]
[132, 98]
[132, 168]
[134, 135]
[134, 100]
[135, 136]
[136, 137]
[136, 102]
[136, 172]
[137, 138]
[137, 103]
[137, 172]
[138, 139]
[140, 141]
[140, 176]
[140, 175]
[141, 142]
[141, 176]
[142, 143]
[143, 144]
[143, 179]
[144, 145]
[144, 179]
[148, 184]
[150, 186]
[150, 185]
[156, 122]
[158, 124]
[158, 194]
[158, 193]
[161, 162]
[161, 127]
[161, 196]
[162, 128]
[162, 198]
[168, 134]
[168, 203]
[172, 138]
[172, 208]
[175, 176]
[175, 141]
[175, 211]
[176, 142]
[176, 211]
[179, 145]
[182, 148]
[182, 218]
[184, 185]
[184, 150]
[185, 186]
[186, 187]
[186, 222]
[187, 188]
[187, 223]
[187, 222]
[188, 189]
[188, 224]
[188, 223]
[189, 225]
[189, 224]
[193, 194]
[193, 229]
[193, 228]
[194, 230]
[194, 229]
[196, 162]
[198, 199]
[199, 200]
[200, 201]
[200, 236]
[201, 202]
[201, 237]
[201, 236]
[202, 203]
[202, 168]
[202, 237]
[205, 241]
[213, 179]
[218, 184]
[222, 223]
[222, 188]
[223, 224]
[223, 189]
[224, 225]
[225, 226]
[228, 229]
[228, 194]
[229, 230]
[230, 196]
[236, 237]
[236, 202]
[237, 203]
