[1, 2]
[1, 36]
[2, 38]
[4, 5]
[5, 6]
[5, 41]
[6, 41]
[8, 44]
[8, 43]
[11, 47]
[15, 51]
[19, 55]
[21, 57]
[25, 61]
[25, 60]
[27, 28]
[27, 63]
[27, 62]
[28, 63]
[32, 68]
[36, 2]
[38, 4]
[38, 74]
[43, 44]
[43, 79]
[44, 45]
[44, 80]
[44, 79]
[45, 11]
[45, 81]
[45, 80]
[47, 83]
[47, 82]
[49, 15]
[49, 85]
[51, 52]
[51, 87]
[52, 53]
[52, 87]
[53, 19]
[55, 21]
[55, 91]
[55, 90]
[57, 58]
[58, 59]
[59, 60]
[59, 25]
[60, 61]
[61, 62]
[61, 27]
[62, 63]
[62, 28]
[62, 98]
[63, 99]
[63, 98]
[65, 66]
[65, 100]
[66, 32]
[66, 102]
[68, 69]
[68, 104]
[68, 103]
[69, 104]
[70, 36]
[70, 106]
[79, 80]
[79, 45]
[80, 81]
[80, 116]
[81, 82]
[81, 47]
[81, 116]
[82, 83]
[82, 118]
[83, 49]
[83, 118]
[85, 51]
[85, 121]
[87, 53]
[87, 123]
[90, 91]
[90, 126]
[91, 57]
[91, 126]
[98, 99]
[99, 100]
[99, 65]
[100, 66]
[102, 103]
[102, 68]
[102, 138]
[103, 104]
[103, 69]
[103, 139]
[103, 138]
[104, 139]
[106, 141]
[111, 147]
[111, 146]
[113, 79]
[116, 82]
[116, 151]
[118, 153]
[121, 87]
[121, 156]
[123, 158]
[128, 129]
[128, 164]
[128, 163]
[129, 164]
[138, 139]
[138, 104]
[138, 174]
[138, 173]
[139, 174]
[141, 177]
[146, 147]
[146, 182]
[147, 113]
[147, 182]
[151, 187]
[151, 186]
[153, 189]
[156, 192]
[158, 194]
[158, 193]
[160, 126]
[163, 164]
[163, 129]
[163, 199]
[163, 198]
[164, 199]
[166, 201]
[168, 203]
[172, 173]
[172, 138]
[172, 207]
[173, 174]
[173, 139]
[177, 212]
[179, 215]
[179, 214]
[184, 219]
[186, 187]
[186, 222]
[186, 221]
[187, 153]
[187, 222]
[192, 193]
[192, 158]
[192, 228]
[193, 194]
[193, 229]
[193, 228]
[194, 160]
[194, 229]
[197, 198]
[197, 163]
[198, 199]
[198, 164]
[198, 234]
[199, 235]
[199, 234]
[203, 239]
[203, 238]
[206, 207]
[206, 172]
[206, 242]
[207, 173]
[207, 242]
[211, 212]
[211, 177]
[214, 215]
[215, 216]
[216, 182]
[221, 222]
[221, 187]
[228, 229]
[228, 194]
[234, 235]
[235, 201]
[238, 239]
[239, 240]
[240, 206]
