[1, 2]
[1, 37]
[1, 36]
[2, 3]
[2, 37]
[3, 39]
[6, 7]
[6, 42]
[7, 43]
[7, 42]
[9, 10]
[10, 11]
[11, 12]
[12, 13]
[12, 48]
[13, 14]
[13, 49]
[13, 48]
[14, 15]
[14, 50]
[14, 49]
[15, 51]
[15, 50]
[18, 53]
[23, 24]
[23, 59]
[23, 58]
[24, 25]
[24, 60]
[24, 59]
[25, 26]
[25, 61]
[25, 60]
[26, 27]
[26, 61]
[27, 28]
[28, 29]
[29, 30]
[32, 68]
[32, 67]
[35, 36]
[35, 1]
[36, 37]
[36, 2]
[36, 72]
[37, 3]
[37, 73]
[37, 72]
[39, 40]
[39, 75]
[40, 6]
[40, 76]
[40, 75]
[42, 43]
[43, 9]
[48, 49]
[48, 14]
[48, 84]
[48, 83]
[49, 50]
[49, 15]
[49, 84]
[50, 51]
[50, 86]
[51, 87]
[51, 86]
[53, 88]
[55, 21]
[55, 91]
[58, 59]
[58, 24]
[58, 93]
[59, 60]
[59, 25]
[60, 61]
[60, 26]
[60, 96]
[61, 27]
[61, 96]
[67, 68]
[72, 73]
[72, 108]
[72, 107]
[73, 39]
[73, 108]
[75, 76]
[75, 111]
[75, 110]
[76, 42]
[76, 111]
[83, 84]
[83, 49]
[83, 119]
[84, 50]
[84, 120]
[84, 119]
[86, 87]
[86, 122]
[87, 88]
[87, 53]
[87, 122]
[88, 124]
[91, 92]
[91, 127]
[91, 126]
[92, 93]
[92, 58]
[92, 127]
[93, 59]
[96, 132]
[98, 134]
[98, 133]
[107, 108]
[107, 73]
[107, 143]
[108, 144]
[108, 143]
[110, 111]
[110, 76]
[110, 146]
[110, 145]
[111, 146]
[113, 114]
[113, 148]
[114, 80]
[117, 83]
[119, 120]
[120, 86]
[120, 156]
[122, 88]
[124, 160]
[126, 127]
[126, 92]
[127, 93]
[127, 163]
[130, 96]
[130, 166]
[130, 165]
[132, 133]
[132, 98]
[132, 168]
[133, 134]
[133, 168]
[136, 137]
[136, 172]
[137, 138]
[137, 173]
[137, 172]
[138, 174]
[138, 173]
[141, 107]
[141, 177]
[143, 144]
[143, 179]
[144, 145]
[144, 110]
[144, 180]
[144, 179]
[145, 146]
[145, 111]
[145, 181]
[145, 180]
[146, 181]
[148, 114]
[156, 122]
[156, 192]
[156, 191]
[160, 126]
[165, 166]
[166, 132]
[166, 202]
[168, 134]
[168, 203]
[172, 173]
[172, 138]
[172, 208]
[172, 207]
[173, 174]
[173, 209]
[173, 208]
[174, 209]
[177, 143]
[177, 213]
[177, 212]
[179, 180]
[179, 145]
[179, 215]
[179, 214]
[180, 181]
[180, 146]
[180, 216]
[180, 215]
[181, 217]
[181, 216]
[186, 187]
[186, 222]
[186, 221]
[187, 188]
[187, 222]
[188, 189]
[188, 224]
[189, 190]
[189, 224]
[190, 191]
[190, 156]
[190, 226]
[191, 192]
[191, 227]
[191, 226]
[192, 193]
[192, 228]
[192, 227]
[193, 194]
[193, 229]
[193, 228]
[194, 160]
[194, 229]
[197, 163]
[197, 232]
[202, 203]
[202, 168]
[202, 238]
[202, 237]
[203, 239]
[203, 238]
[205, 206]
[205, 241]
[205, 240]
[206, 207]
[206, 172]
[206, 242]
[206, 241]
[207, 208]
[207, 173]
[207, 242]
[208, 209]
[208, 174]
[208, 244]
[209, 244]
[211, 212]
[211, 177]
[212, 213]
[213, 214]
[213, 179]
[214, 215]
[214, 180]
[215, 216]
[215, 181]
[216, 217]
[219, 220]
[220, 221]
[220, 186]
[221, 222]
[221, 187]
[222, 188]
[224, 190]
[226, 227]
[226, 192]
[227, 228]
[227, 193]
[228, 229]
[228, 194]
[231, 232]
[231, 197]
[236, 237]
[236, 202]
[237, 238]
[237, 203]
[238, 239]
[239, 240]
[239, 205]
[240, 241]
[240, 206]
[241, 242]
[241, 207]
[242, 208]
