[1, 37]
[1, 36]
[3, 4]
[3, 38]
[4, 5]
[5, 41]
[16, 17]
[16, 51]
[17, 18]
[17, 53]
[18, 54]
[18, 53]
[23, 59]
[28, 29]
[28, 64]
[29, 64]
[34, 69]
[36, 37]
[36, 71]
[37, 38]
[37, 3]
[38, 4]
[41, 77]
[43, 44]
[43, 79]
[43, 78]
[44, 10]
[44, 80]
[44, 79]
[49, 50]
[49, 85]
[49, 84]
[50, 51]
[50, 16]
[50, 86]
[50, 85]
[51, 17]
[51, 87]
[51, 86]
[53, 54]
[53, 89]
[53, 88]
[54, 89]
[59, 60]
[59, 95]
[60, 96]
[60, 95]
[62, 28]
[62, 97]
[64, 99]
[68, 69]
[68, 34]
[68, 103]
[70, 71]
[70, 36]
[70, 106]
[71, 37]
[71, 107]
[71, 106]
[75, 41]
[75, 111]
[77, 78]
[77, 43]
[77, 113]
[77, 112]
[78, 79]
[78, 44]
[78, 113]
[79, 80]
[79, 115]
[80, 81]
[80, 116]
[80, 115]
[81, 82]
[81, 116]
[82, 83]
[82, 118]
[83, 84]
[83, 49]
[83, 118]
[84, 85]
[84, 50]
[85, 86]
[85, 51]
[86, 87]
[87, 88]
[87, 53]
[88, 89]
[88, 54]
[88, 124]
[89, 124]
[95, 96]
[96, 97]
[96, 62]
[97, 133]
[103, 69]
[103, 138]
[106, 107]
[107, 108]
[107, 143]
[108, 143]
[111, 112]
[111, 77]
[111, 147]
[112, 113]
[112, 78]
[112, 147]
[113, 79]
[113, 149]
[115, 116]
[115, 81]
[115, 150]
[116, 82]
[116, 152]
[118, 84]
[118, 153]
[124, 159]
[126, 161]
[133, 99]
[133, 168]
[136, 137]
[137, 138]
[137, 103]
[137, 173]
[138, 173]
[147, 113]
[147, 183]
[147, 182]
[149, 150]
[149, 115]
[149, 184]
[150, 116]
[150, 186]
[152, 153]
[152, 118]
[152, 187]
[158, 159]
[158, 124]
[158, 193]
[168, 204]
[170, 136]
[170, 206]
[173, 208]
[176, 177]
[177, 143]
[182, 183]
[182, 217]
[183, 184]
[183, 149]
[184, 150]
[184, 220]
[186, 187]
[186, 152]
[186, 222]
[186, 221]
[187, 153]
[187, 223]
[187, 222]
[193, 159]
[199, 165]
[202, 168]
[202, 238]
[202, 237]
[204, 170]
[206, 207]
[207, 208]
[207, 173]
[210, 176]
[217, 183]
[220, 221]
[220, 186]
[221, 222]
[221, 187]
[222, 223]
[223, 224]
[230, 231]
[231, 232]
[236, 237]
[236, 202]
[237, 238]
[238, 204]
