[1, 2]
[1, 37]
[1, 36]
[2, 3]
[2, 38]
[2, 37]
[3, 38]
[7, 8]
[7, 43]
[7, 42]
[8, 43]
[17, 18]
[17, 52]
[18, 19]
[19, 20]
[20, 21]
[21, 22]
[22, 23]
[22, 58]
[23, 59]
[23, 58]
[27, 28]
[27, 62]
[28, 29]
[32, 68]
[35, 36]
[35, 1]
[36, 37]
[36, 2]
[37, 38]
[37, 3]
[38, 74]
[42, 43]
[42, 8]
[42, 78]
[43, 78]
[46, 47]
[47, 48]
[48, 84]
[50, 51]
[50, 86]
[51, 52]
[51, 17]
[51, 86]
[52, 18]
[58, 59]
[59, 95]
[61, 62]
[61, 27]
[61, 96]
[62, 28]
[62, 98]
[68, 34]
[68, 103]
[74, 110]
[76, 42]
[78, 113]
[80, 46]
[84, 50]
[84, 120]
[84, 119]
[86, 52]
[86, 122]
[86, 121]
[95, 96]
[95, 61]
[95, 131]
[95, 130]
[96, 62]
[96, 132]
[96, 131]
[98, 99]
[99, 100]
[100, 101]
[105, 141]
[107, 108]
[107, 143]
[107, 142]
[108, 74]
[108, 144]
[108, 143]
[110, 76]
[110, 146]
[113, 149]
[113, 148]
[118, 119]
[118, 84]
[118, 154]
[119, 120]
[119, 155]
[119, 154]
[120, 121]
[120, 86]
[120, 156]
[120, 155]
[121, 122]
[121, 157]
[121, 156]
[122, 158]
[122, 157]
[128, 164]
[130, 131]
[130, 96]
[131, 132]
[132, 98]
[132, 168]
[141, 142]
[141, 107]
[141, 176]
[142, 143]
[142, 108]
[142, 178]
[143, 144]
[143, 178]
[144, 110]
[146, 147]
[146, 182]
[146, 181]
[147, 148]
[147, 113]
[147, 183]
[147, 182]
[148, 149]
[148, 183]
[149, 150]
[149, 185]
[150, 185]
[154, 155]
[154, 120]
[155, 156]
[155, 121]
[155, 191]
[156, 157]
[156, 122]
[156, 192]
[156, 191]
[157, 158]
[157, 193]
[157, 192]
[158, 193]
[160, 161]
[160, 195]
[161, 197]
[164, 130]
[168, 169]
[169, 170]
[169, 205]
[170, 205]
[174, 209]
[175, 176]
[175, 141]
[175, 211]
[175, 210]
[176, 142]
[176, 211]
[178, 144]
[181, 182]
[181, 147]
[181, 217]
[182, 183]
[182, 148]
[182, 217]
[183, 149]
[185, 221]
[185, 220]
[187, 188]
[187, 222]
[188, 154]
[191, 192]
[191, 157]
[191, 226]
[192, 193]
[192, 158]
[192, 228]
[193, 228]
[195, 161]
[195, 231]
[197, 198]
[198, 164]
[205, 241]
[208, 209]
[208, 174]
[208, 244]
[208, 243]
[209, 244]
[210, 211]
[210, 176]
[217, 183]
[220, 221]
[221, 222]
[221, 187]
[222, 188]
[226, 192]
[231, 197]
[237, 238]
[238, 239]
[239, 205]
[243, 244]
[243, 209]
