[0, 1]
[0, 35]
[5, 6]
[5, 41]
[5, 40]
[6, 42]
[6, 41]
[8, 9]
[8, 43]
[13, 14]
[13, 49]
[13, 48]
[14, 50]
[14, 49]
[16, 51]
[19, 20]
[23, 59]
[23, 58]
[26, 61]
[28, 64]
[35, 1]
[35, 70]
[40, 41]
[40, 6]
[40, 76]
[41, 42]
[41, 77]
[41, 76]
[42, 43]
[42, 8]
[42, 77]
[43, 9]
[43, 79]
[48, 49]
[48, 14]
[49, 50]
[49, 85]
[50, 51]
[50, 16]
[50, 86]
[50, 85]
[51, 87]
[51, 86]
[53, 19]
[57, 58]
[57, 23]
[57, 93]
[57, 92]
[58, 59]
[58, 93]
[59, 60]
[60, 61]
[60, 26]
[60, 96]
[61, 96]
[64, 65]
[64, 100]
[64, 99]
[65, 101]
[65, 100]
[68, 104]
[68, 103]
[70, 106]
[70, 105]
[76, 77]
[76, 42]
[76, 111]
[77, 43]
[77, 113]
[79, 80]
[79, 115]
[80, 116]
[80, 115]
[85, 86]
[85, 51]
[85, 120]
[86, 87]
[86, 122]
[87, 53]
[87, 122]
[92, 93]
[92, 58]
[92, 128]
[93, 59]
[93, 128]
[96, 131]
[98, 99]
[98, 64]
[99, 100]
[99, 65]
[99, 135]
[100, 101]
[100, 136]
[100, 135]
[101, 137]
[101, 136]
[103, 104]
[105, 106]
[105, 141]
[106, 142]
[106, 141]
[110, 111]
[110, 76]
[110, 145]
[111, 77]
[111, 147]
[113, 79]
[113, 149]
[115, 116]
[115, 151]
[115, 150]
[116, 117]
[116, 152]
[116, 151]
[117, 118]
[117, 152]
[118, 119]
[119, 120]
[119, 85]
[119, 155]
[120, 86]
[120, 156]
[120, 155]
[122, 158]
[122, 157]
[125, 160]
[128, 164]
[130, 131]
[130, 96]
[130, 166]
[130, 165]
[131, 167]
[131, 166]
[135, 136]
[135, 101]
[135, 171]
[135, 170]
[136, 137]
[136, 172]
[136, 171]
[137, 103]
[137, 172]
[141, 142]
[141, 177]
[141, 176]
[142, 143]
[142, 177]
[145, 111]
[145, 181]
[145, 180]
[147, 113]
[147, 183]
[147, 182]
[149, 150]
[149, 115]
[149, 185]
[150, 151]
[150, 116]
[150, 185]
[151, 152]
[151, 117]
[151, 187]
[152, 118]
[152, 188]
[152, 187]
[155, 156]
[155, 190]
[156, 157]
[156, 122]
[157, 158]
[157, 193]
[158, 159]
[158, 193]
[159, 160]
[159, 125]
[159, 195]
[160, 195]
[162, 128]
[164, 165]
[164, 130]
[164, 199]
[165, 166]
[165, 131]
[166, 167]
[166, 202]
[167, 168]
[167, 203]
[167, 202]
[168, 204]
[168, 203]
[170, 171]
[170, 136]
[170, 206]
[171, 172]
[171, 137]
[171, 207]
[171, 206]
[172, 207]
[175, 176]
[175, 141]
[175, 211]
[176, 177]
[176, 142]
[176, 211]
[177, 143]
[177, 213]
[180, 181]
[180, 215]
[181, 182]
[181, 147]
[182, 183]
[183, 149]
[183, 219]
[185, 151]
[185, 220]
[187, 188]
[187, 223]
[187, 222]
[188, 189]
[188, 224]
[188, 223]
[189, 190]
[189, 155]
[189, 225]
[189, 224]
[190, 156]
[190, 226]
[190, 225]
[193, 159]
[195, 230]
[199, 165]
[199, 235]
[202, 203]
[202, 168]
[202, 237]
[203, 204]
[203, 239]
[204, 170]
[204, 239]
[206, 207]
[206, 172]
[206, 242]
[206, 241]
[207, 242]
[211, 177]
[213, 214]
[214, 215]
[214, 180]
[215, 181]
[219, 220]
[219, 185]
[222, 223]
[222, 188]
[223, 224]
[223, 189]
[224, 225]
[224, 190]
[225, 226]
[226, 227]
[227, 193]
[232, 233]
[233, 199]
[237, 203]
[241, 242]
[241, 207]
