[6, 7]
[6, 41]
[7, 43]
[9, 10]
[9, 45]
[10, 46]
[10, 45]
[13, 48]
[20, 21]
[20, 56]
[21, 57]
[21, 56]
[23, 24]
[23, 59]
[23, 58]
[24, 60]
[24, 59]
[26, 27]
[27, 28]
[27, 63]
[28, 64]
[28, 63]
[30, 31]
[35, 36]
[35, 71]
[36, 37]
[36, 72]
[36, 71]
[37, 38]
[37, 73]
[37, 72]
[38, 39]
[38, 74]
[38, 73]
[39, 75]
[39, 74]
[41, 7]
[43, 9]
[43, 79]
[45, 46]
[56, 57]
[57, 58]
[57, 23]
[58, 59]
[58, 24]
[59, 60]
[59, 95]
[60, 26]
[60, 96]
[60, 95]
[63, 64]
[63, 98]
[64, 30]
[68, 104]
[68, 103]
[71, 72]
[71, 37]
[71, 107]
[72, 73]
[72, 38]
[72, 108]
[72, 107]
[73, 74]
[73, 39]
[73, 109]
[73, 108]
[74, 75]
[74, 109]
[75, 41]
[75, 111]
[79, 45]
[79, 115]
[87, 88]
[87, 123]
[88, 123]
[90, 56]
[90, 126]
[95, 96]
[95, 130]
[96, 132]
[98, 64]
[98, 134]
[98, 133]
[103, 104]
[103, 139]
[103, 138]
[104, 139]
[107, 108]
[107, 73]
[108, 109]
[108, 74]
[109, 75]
[111, 112]
[111, 147]
[111, 146]
[112, 113]
[112, 148]
[112, 147]
[113, 79]
[113, 148]
[115, 116]
[115, 151]
[115, 150]
[116, 151]
[118, 119]
[119, 120]
[119, 155]
[120, 155]
[123, 158]
[126, 127]
[126, 162]
[126, 161]
[127, 128]
[127, 163]
[127, 162]
[128, 129]
[128, 163]
[129, 130]
[129, 95]
[129, 165]
[130, 96]
[130, 166]
[130, 165]
[132, 133]
[132, 98]
[132, 168]
[133, 134]
[133, 168]
[134, 135]
[134, 170]
[135, 136]
[135, 170]
[136, 137]
[136, 172]
[137, 138]
[137, 103]
[137, 172]
[138, 139]
[138, 104]
[138, 174]
[139, 174]
[140, 141]
[140, 175]
[141, 107]
[141, 177]
[146, 147]
[146, 112]
[147, 148]
[147, 113]
[148, 184]
[150, 151]
[150, 116]
[150, 185]
[157, 158]
[157, 123]
[157, 193]
[157, 192]
[158, 193]
[161, 162]
[161, 127]
[161, 197]
[162, 163]
[162, 128]
[162, 197]
[163, 129]
[165, 166]
[166, 132]
[168, 134]
[168, 203]
[170, 136]
[170, 205]
[172, 138]
[174, 209]
[175, 141]
[175, 210]
[177, 213]
[177, 212]
[180, 146]
[180, 216]
[184, 185]
[184, 150]
[184, 219]
[185, 151]
[188, 189]
[188, 224]
[189, 155]
[189, 225]
[189, 224]
[192, 193]
[192, 158]
[192, 228]
[193, 228]
[197, 163]
[203, 239]
[212, 213]
[213, 214]
[214, 180]
[216, 217]
[219, 185]
[224, 225]
[225, 226]
[226, 192]
[236, 237]
[237, 203]
[239, 205]
