[3, 4]
[3, 39]
[3, 38]
[4, 40]
[4, 39]
[7, 8]
[7, 43]
[8, 44]
[8, 43]
[12, 48]
[12, 47]
[15, 51]
[17, 52]
[21, 22]
[21, 57]
[22, 23]
[22, 58]
[22, 57]
[23, 24]
[23, 58]
[24, 25]
[25, 26]
[25, 61]
[26, 61]
[34, 69]
[35, 1]
[38, 39]
[38, 4]
[38, 73]
[39, 40]
[39, 75]
[40, 41]
[40, 76]
[40, 75]
[41, 7]
[41, 76]
[43, 44]
[43, 79]
[43, 78]
[44, 79]
[47, 48]
[47, 83]
[48, 84]
[48, 83]
[51, 52]
[51, 17]
[51, 87]
[52, 87]
[57, 58]
[57, 23]
[57, 93]
[57, 92]
[58, 24]
[58, 93]
[64, 100]
[64, 99]
[66, 102]
[72, 73]
[72, 38]
[72, 107]
[73, 39]
[75, 76]
[75, 41]
[75, 110]
[76, 112]
[78, 79]
[78, 44]
[79, 115]
[83, 84]
[83, 119]
[83, 118]
[84, 85]
[84, 119]
[85, 51]
[85, 121]
[87, 122]
[91, 92]
[91, 57]
[92, 93]
[92, 58]
[92, 128]
[93, 128]
[95, 61]
[95, 130]
[98, 99]
[98, 64]
[99, 100]
[99, 135]
[100, 66]
[100, 136]
[100, 135]
[102, 138]
[102, 137]
[107, 73]
[110, 76]
[110, 146]
[112, 78]
[112, 147]
[115, 150]
[117, 118]
[117, 83]
[117, 152]
[118, 119]
[118, 84]
[118, 154]
[119, 85]
[119, 155]
[119, 154]
[121, 122]
[121, 87]
[121, 157]
[122, 157]
[125, 91]
[125, 160]
[128, 164]
[128, 163]
[130, 166]
[132, 98]
[132, 168]
[135, 136]
[135, 171]
[135, 170]
[136, 137]
[136, 102]
[136, 172]
[136, 171]
[137, 138]
[137, 172]
[138, 139]
[141, 107]
[141, 176]
[146, 147]
[146, 112]
[147, 183]
[149, 150]
[149, 115]
[149, 184]
[152, 118]
[152, 188]
[152, 187]
[154, 155]
[155, 121]
[155, 191]
[157, 192]
[160, 196]
[162, 163]
[162, 128]
[163, 164]
[163, 199]
[164, 130]
[164, 199]
[166, 132]
[168, 203]
[170, 171]
[170, 136]
[170, 206]
[170, 205]
[171, 172]
[171, 137]
[171, 207]
[171, 206]
[172, 138]
[172, 207]
[175, 176]
[175, 141]
[175, 210]
[178, 179]
[178, 214]
[178, 213]
[179, 214]
[183, 184]
[183, 149]
[183, 219]
[183, 218]
[184, 150]
[184, 219]
[187, 188]
[188, 154]
[191, 192]
[191, 157]
[191, 227]
[192, 227]
[194, 160]
[196, 162]
[196, 231]
[199, 235]
[203, 238]
[205, 206]
[205, 171]
[205, 241]
[205, 240]
[206, 207]
[206, 172]
[206, 242]
[206, 241]
[207, 242]
[210, 176]
[213, 214]
[213, 179]
[218, 219]
[218, 184]
[221, 187]
[225, 191]
[233, 199]
[237, 238]
[237, 203]
[240, 241]
[240, 206]
[241, 242]
[241, 207]
