[1, 2]
[1, 37]
[1, 36]
[2, 3]
[2, 38]
[2, 37]
[3, 4]
[3, 39]
[3, 38]
[4, 5]
[4, 39]
[5, 6]
[6, 7]
[7, 8]
[12, 13]
[12, 47]
[13, 49]
[17, 18]
[17, 53]
[18, 53]
[21, 22]
[21, 57]
[21, 56]
[22, 23]
[22, 58]
[22, 57]
[23, 59]
[23, 58]
[26, 27]
[30, 31]
[30, 66]
[30, 65]
[31, 32]
[31, 66]
[36, 37]
[36, 2]
[36, 71]
[37, 38]
[37, 3]
[37, 73]
[38, 39]
[38, 4]
[38, 73]
[39, 5]
[39, 75]
[46, 47]
[46, 12]
[46, 82]
[46, 81]
[47, 13]
[47, 82]
[51, 17]
[53, 89]
[56, 57]
[56, 22]
[56, 91]
[57, 58]
[57, 23]
[58, 59]
[58, 94]
[59, 60]
[59, 95]
[59, 94]
[60, 26]
[60, 95]
[65, 66]
[65, 31]
[65, 101]
[65, 100]
[66, 32]
[66, 102]
[66, 101]
[71, 37]
[71, 106]
[73, 39]
[75, 110]
[77, 78]
[77, 112]
[78, 79]
[79, 115]
[81, 82]
[81, 47]
[81, 117]
[81, 116]
[82, 118]
[82, 117]
[89, 124]
[91, 57]
[91, 127]
[94, 95]
[94, 60]
[99, 100]
[99, 65]
[99, 135]
[100, 101]
[100, 66]
[100, 135]
[101, 102]
[101, 137]
[102, 138]
[102, 137]
[105, 106]
[105, 71]
[105, 141]
[105, 140]
[106, 142]
[106, 141]
[110, 146]
[110, 145]
[112, 78]
[112, 147]
[115, 116]
[115, 81]
[115, 151]
[116, 117]
[116, 82]
[116, 152]
[116, 151]
[117, 118]
[117, 153]
[117, 152]
[118, 153]
[120, 156]
[120, 155]
[124, 160]
[135, 101]
[135, 171]
[137, 138]
[137, 173]
[137, 172]
[138, 139]
[138, 173]
[140, 141]
[140, 106]
[140, 176]
[140, 175]
[141, 142]
[141, 177]
[141, 176]
[142, 143]
[142, 177]
[145, 146]
[145, 180]
[146, 147]
[146, 112]
[146, 182]
[147, 182]
[151, 152]
[151, 117]
[151, 186]
[152, 153]
[152, 118]
[153, 189]
[155, 156]
[155, 190]
[156, 122]
[156, 192]
[160, 161]
[160, 196]
[160, 195]
[161, 127]
[161, 197]
[161, 196]
[164, 200]
[166, 132]
[166, 201]
[171, 172]
[171, 137]
[171, 207]
[171, 206]
[172, 173]
[172, 138]
[172, 207]
[173, 139]
[173, 209]
[175, 176]
[175, 141]
[175, 211]
[175, 210]
[176, 177]
[176, 142]
[176, 211]
[177, 143]
[180, 146]
[180, 216]
[180, 215]
[184, 219]
[186, 152]
[189, 190]
[189, 155]
[190, 156]
[192, 193]
[195, 196]
[195, 161]
[196, 197]
[196, 232]
[197, 233]
[197, 232]
[200, 201]
[200, 166]
[200, 235]
[203, 204]
[203, 239]
[203, 238]
[204, 240]
[204, 239]
[206, 207]
[206, 172]
[206, 241]
[207, 173]
[210, 211]
[210, 176]
[211, 177]
[215, 216]
[216, 182]
[232, 233]
[233, 234]
[234, 235]
[234, 200]
[235, 201]
[238, 239]
[238, 204]
[239, 240]
[240, 241]
[240, 206]
[241, 207]
