[0, 1]
[0, 36]
[1, 2]
[1, 37]
[1, 36]
[2, 3]
[2, 38]
[2, 37]
[3, 39]
[3, 38]
[5, 41]
[7, 8]
[7, 43]
[7, 42]
[8, 43]
[15, 16]
[16, 17]
[16, 52]
[17, 18]
[17, 53]
[17, 52]
[18, 19]
[18, 54]
[18, 53]
[19, 20]
[19, 54]
[22, 23]
[22, 58]
[22, 57]
[23, 24]
[23, 58]
[24, 25]
[25, 61]
[28, 64]
[30, 31]
[30, 66]
[31, 32]
[31, 66]
[32, 33]
[32, 68]
[33, 34]
[33, 69]
[33, 68]
[34, 69]
[36, 37]
[36, 2]
[36, 72]
[36, 71]
[37, 38]
[37, 3]
[37, 72]
[38, 39]
[39, 5]
[39, 75]
[41, 42]
[41, 7]
[41, 76]
[42, 43]
[42, 8]
[45, 11]
[45, 80]
[49, 15]
[52, 53]
[52, 18]
[52, 88]
[53, 54]
[53, 19]
[53, 88]
[54, 20]
[54, 90]
[57, 58]
[57, 23]
[57, 93]
[58, 24]
[58, 94]
[58, 93]
[61, 62]
[61, 97]
[61, 96]
[62, 28]
[62, 97]
[64, 30]
[64, 100]
[64, 99]
[66, 32]
[66, 102]
[68, 69]
[68, 34]
[68, 104]
[68, 103]
[69, 104]
[71, 72]
[71, 37]
[71, 106]
[72, 38]
[72, 108]
[75, 76]
[75, 41]
[75, 111]
[75, 110]
[76, 42]
[76, 111]
[80, 116]
[80, 115]
[82, 83]
[83, 49]
[88, 54]
[88, 124]
[90, 91]
[90, 126]
[90, 125]
[91, 57]
[91, 127]
[91, 126]
[93, 94]
[93, 129]
[93, 128]
[94, 95]
[94, 129]
[95, 96]
[95, 61]
[96, 97]
[96, 62]
[97, 133]
[99, 100]
[100, 66]
[102, 103]
[102, 68]
[102, 138]
[103, 104]
[103, 69]
[103, 139]
[103, 138]
[104, 139]
[105, 106]
[105, 71]
[106, 72]
[106, 142]
[108, 109]
[108, 144]
[109, 110]
[109, 75]
[109, 144]
[110, 111]
[110, 76]
[110, 146]
[111, 146]
[115, 116]
[115, 151]
[115, 150]
[116, 82]
[116, 151]
[124, 125]
[124, 90]
[124, 159]
[125, 126]
[125, 91]
[126, 127]
[127, 128]
[127, 93]
[127, 163]
[128, 129]
[128, 94]
[128, 163]
[129, 95]
[129, 165]
[133, 99]
[133, 169]
[133, 168]
[138, 139]
[138, 104]
[138, 174]
[138, 173]
[139, 174]
[142, 108]
[142, 177]
[144, 110]
[144, 179]
[146, 182]
[150, 151]
[150, 116]
[150, 186]
[150, 185]
[151, 187]
[151, 186]
[153, 154]
[153, 189]
[153, 188]
[154, 189]
[159, 125]
[159, 194]
[163, 129]
[163, 199]
[163, 198]
[165, 166]
[165, 201]
[166, 201]
[168, 169]
[168, 204]
[168, 203]
[169, 170]
[169, 205]
[169, 204]
[170, 206]
[170, 205]
[172, 173]
[172, 138]
[173, 174]
[173, 139]
[177, 212]
[182, 218]
[182, 217]
[184, 185]
[184, 150]
[184, 220]
[184, 219]
[185, 186]
[185, 151]
[185, 221]
[185, 220]
[186, 187]
[186, 221]
[187, 188]
[187, 153]
[187, 223]
[188, 189]
[188, 154]
[188, 224]
[188, 223]
[189, 225]
[189, 224]
[193, 194]
[193, 159]
[193, 229]
[194, 229]
[198, 199]
[198, 233]
[199, 165]
[199, 235]
[201, 237]
[203, 204]
[203, 169]
[204, 205]
[204, 170]
[205, 206]
[205, 241]
[206, 172]
[206, 242]
[206, 241]
[210, 211]
[211, 212]
[211, 177]
[217, 218]
[218, 219]
[218, 184]
[219, 220]
[219, 185]
[220, 221]
[220, 186]
[221, 187]
[223, 224]
[223, 189]
[224, 225]
[227, 193]
[233, 199]
[235, 201]
[237, 203]
[241, 242]
