[1, 37]
[1, 36]
[6, 7]
[6, 42]
[7, 43]
[7, 42]
[9, 10]
[14, 15]
[14, 49]
[15, 16]
[16, 17]
[16, 52]
[17, 18]
[17, 52]
[18, 54]
[20, 21]
[20, 56]
[21, 57]
[21, 56]
[23, 24]
[23, 58]
[26, 62]
[26, 61]
[28, 64]
[33, 68]
[35, 36]
[35, 1]
[35, 70]
[36, 37]
[36, 72]
[37, 72]
[42, 43]
[42, 78]
[43, 9]
[43, 79]
[43, 78]
[49, 15]
[49, 85]
[52, 18]
[52, 88]
[52, 87]
[54, 20]
[56, 57]
[57, 58]
[57, 23]
[58, 24]
[61, 62]
[61, 97]
[62, 28]
[62, 98]
[62, 97]
[68, 104]
[68, 103]
[70, 36]
[70, 106]
[74, 75]
[75, 111]
[78, 79]
[78, 113]
[81, 82]
[81, 117]
[81, 116]
[82, 83]
[82, 117]
[83, 49]
[83, 119]
[85, 86]
[85, 121]
[86, 87]
[86, 52]
[86, 122]
[86, 121]
[87, 88]
[87, 123]
[87, 122]
[88, 54]
[88, 123]
[97, 98]
[97, 133]
[98, 64]
[98, 134]
[98, 133]
[103, 104]
[106, 72]
[106, 142]
[111, 147]
[111, 146]
[113, 79]
[113, 148]
[116, 117]
[116, 82]
[116, 152]
[117, 83]
[117, 153]
[117, 152]
[119, 85]
[119, 155]
[119, 154]
[121, 122]
[121, 87]
[121, 157]
[122, 123]
[122, 88]
[122, 157]
[125, 126]
[125, 161]
[126, 162]
[126, 161]
[133, 134]
[133, 168]
[134, 135]
[134, 170]
[135, 170]
[137, 103]
[140, 106]
[142, 143]
[142, 178]
[142, 177]
[143, 144]
[143, 179]
[143, 178]
[144, 179]
[146, 147]
[146, 182]
[146, 181]
[147, 148]
[147, 113]
[147, 182]
[148, 184]
[152, 153]
[152, 188]
[152, 187]
[153, 154]
[153, 119]
[153, 188]
[154, 155]
[154, 190]
[155, 121]
[155, 191]
[155, 190]
[157, 123]
[157, 192]
[161, 162]
[162, 163]
[163, 129]
[166, 167]
[166, 202]
[166, 201]
[167, 168]
[167, 133]
[167, 203]
[167, 202]
[168, 134]
[168, 203]
[170, 206]
[177, 178]
[177, 143]
[178, 179]
[178, 144]
[179, 215]
[181, 182]
[181, 147]
[181, 217]
[181, 216]
[182, 148]
[182, 218]
[182, 217]
[184, 185]
[184, 219]
[185, 186]
[186, 187]
[186, 152]
[187, 188]
[187, 153]
[187, 223]
[188, 154]
[188, 223]
[190, 191]
[191, 192]
[191, 157]
[191, 227]
[192, 228]
[192, 227]
[195, 161]
[195, 231]
[201, 202]
[201, 167]
[201, 236]
[202, 203]
[202, 168]
[203, 239]
[210, 211]
[211, 177]
[215, 216]
[215, 181]
[216, 217]
[216, 182]
[217, 218]
[218, 219]
[218, 184]
[219, 185]
[227, 228]
[235, 236]
[235, 201]
[236, 202]
