[1, 37]
[1, 36]
[7, 8]
[7, 43]
[8, 9]
[8, 43]
[9, 10]
[9, 45]
[10, 46]
[10, 45]
[15, 51]
[15, 50]
[18, 54]
[20, 21]
[20, 56]
[21, 22]
[21, 57]
[21, 56]
[22, 23]
[22, 57]
[23, 24]
[24, 25]
[27, 63]
[30, 65]
[35, 36]
[35, 1]
[36, 37]
[36, 72]
[37, 3]
[37, 73]
[37, 72]
[40, 41]
[40, 75]
[41, 7]
[43, 9]
[43, 79]
[43, 78]
[45, 46]
[45, 80]
[46, 82]
[50, 51]
[51, 52]
[51, 87]
[52, 18]
[52, 88]
[52, 87]
[54, 20]
[54, 90]
[56, 57]
[56, 22]
[57, 23]
[57, 93]
[65, 101]
[72, 73]
[73, 74]
[73, 109]
[74, 75]
[74, 40]
[74, 110]
[74, 109]
[75, 41]
[75, 110]
[78, 79]
[78, 114]
[79, 80]
[79, 45]
[79, 115]
[79, 114]
[80, 46]
[80, 116]
[80, 115]
[82, 83]
[87, 88]
[88, 54]
[90, 56]
[93, 94]
[93, 129]
[94, 129]
[96, 97]
[96, 132]
[97, 63]
[97, 133]
[97, 132]
[101, 137]
[101, 136]
[109, 110]
[109, 75]
[110, 146]
[112, 78]
[112, 148]
[112, 147]
[114, 115]
[114, 80]
[114, 150]
[115, 116]
[115, 150]
[116, 82]
[116, 152]
[132, 133]
[133, 134]
[133, 169]
[134, 135]
[134, 169]
[135, 136]
[135, 101]
[135, 171]
[136, 137]
[136, 171]
[140, 141]
[141, 142]
[142, 143]
[142, 178]
[143, 109]
[143, 178]
[146, 147]
[146, 112]
[146, 182]
[147, 148]
[147, 182]
[148, 114]
[148, 184]
[150, 116]
[150, 186]
[150, 185]
[152, 187]
[154, 155]
[154, 190]
[154, 189]
[155, 156]
[155, 190]
[156, 157]
[156, 192]
[157, 158]
[157, 193]
[157, 192]
[158, 194]
[158, 193]
[160, 196]
[169, 135]
[169, 205]
[171, 137]
[171, 206]
[178, 214]
[182, 148]
[182, 218]
[184, 185]
[184, 150]
[184, 220]
[185, 186]
[185, 220]
[186, 187]
[186, 152]
[189, 190]
[189, 155]
[190, 156]
[190, 226]
[192, 193]
[192, 158]
[192, 228]
[193, 194]
[193, 228]
[194, 160]
[196, 232]
[199, 200]
[203, 169]
[205, 206]
[205, 171]
[205, 241]
[206, 242]
[206, 241]
[208, 174]
[208, 244]
[214, 215]
[215, 216]
[216, 182]
[218, 184]
[220, 186]
[226, 192]
[228, 194]
[237, 203]
[241, 242]
[242, 208]
