[1, 2]
[1, 37]
[1, 36]
[2, 3]
[2, 38]
[2, 37]
[3, 4]
[3, 39]
[3, 38]
[4, 5]
[4, 39]
[5, 6]
[5, 41]
[6, 41]
[8, 43]
[13, 14]
[13, 49]
[13, 48]
[14, 50]
[14, 49]
[16, 17]
[16, 52]
[16, 51]
[17, 18]
[17, 53]
[17, 52]
[18, 19]
[18, 53]
[19, 20]
[19, 55]
[20, 21]
[20, 56]
[20, 55]
[21, 22]
[21, 57]
[21, 56]
[22, 58]
[22, 57]
[24, 25]
[24, 60]
[24, 59]
[25, 26]
[25, 60]
[26, 27]
[26, 62]
[27, 63]
[27, 62]
[36, 37]
[36, 2]
[37, 38]
[37, 3]
[37, 73]
[38, 39]
[38, 4]
[38, 73]
[39, 5]
[43, 79]
[45, 80]
[48, 49]
[48, 14]
[49, 50]
[49, 85]
[50, 51]
[50, 16]
[50, 85]
[51, 52]
[51, 17]
[51, 87]
[52, 53]
[52, 18]
[52, 87]
[53, 19]
[53, 89]
[55, 56]
[55, 21]
[55, 91]
[56, 57]
[56, 22]
[56, 92]
[56, 91]
[57, 58]
[57, 92]
[58, 59]
[58, 24]
[59, 60]
[59, 25]
[60, 26]
[60, 96]
[62, 63]
[62, 98]
[63, 98]
[66, 67]
[66, 102]
[66, 101]
[67, 102]
[69, 104]
[70, 36]
[73, 39]
[73, 109]
[73, 108]
[79, 80]
[79, 45]
[79, 115]
[80, 115]
[85, 51]
[87, 53]
[87, 123]
[89, 55]
[91, 92]
[91, 57]
[91, 127]
[91, 126]
[92, 58]
[92, 128]
[92, 127]
[96, 62]
[96, 132]
[100, 101]
[100, 66]
[100, 135]
[101, 102]
[101, 67]
[101, 137]
[102, 137]
[104, 139]
[107, 108]
[107, 73]
[107, 143]
[107, 142]
[108, 109]
[108, 144]
[108, 143]
[109, 144]
[117, 118]
[117, 153]
[117, 152]
[118, 119]
[118, 153]
[119, 85]
[123, 89]
[126, 127]
[126, 92]
[126, 162]
[126, 161]
[127, 128]
[127, 163]
[127, 162]
[128, 129]
[128, 164]
[128, 163]
[129, 130]
[129, 164]
[130, 96]
[130, 166]
[132, 98]
[132, 168]
[132, 167]
[135, 101]
[135, 171]
[135, 170]
[142, 143]
[142, 108]
[143, 144]
[143, 109]
[143, 179]
[144, 180]
[144, 179]
[149, 115]
[149, 185]
[149, 184]
[152, 153]
[152, 118]
[152, 188]
[152, 187]
[153, 119]
[153, 188]
[156, 192]
[160, 161]
[160, 126]
[160, 196]
[160, 195]
[161, 162]
[161, 127]
[161, 196]
[162, 163]
[162, 128]
[162, 198]
[163, 164]
[163, 129]
[163, 199]
[163, 198]
[164, 130]
[164, 199]
[166, 167]
[166, 132]
[166, 202]
[167, 168]
[167, 203]
[167, 202]
[168, 169]
[168, 204]
[168, 203]
[169, 170]
[169, 135]
[169, 205]
[169, 204]
[170, 171]
[170, 206]
[170, 205]
[171, 137]
[171, 206]
[176, 142]
[176, 212]
[179, 180]
[182, 183]
[182, 218]
[182, 217]
[183, 184]
[183, 149]
[183, 219]
[183, 218]
[184, 185]
[184, 220]
[184, 219]
[185, 221]
[185, 220]
[187, 188]
[187, 153]
[187, 223]
[188, 223]
[192, 193]
[192, 228]
[192, 227]
[193, 229]
[193, 228]
[195, 196]
[195, 161]
[195, 231]
[196, 162]
[196, 232]
[196, 231]
[198, 199]
[198, 164]
[198, 233]
[202, 203]
[202, 168]
[202, 238]
[202, 237]
[203, 204]
[203, 169]
[203, 238]
[204, 205]
[204, 170]
[204, 240]
[205, 206]
[205, 171]
[205, 240]
[210, 176]
[212, 213]
[213, 179]
[217, 218]
[217, 183]
[218, 219]
[218, 184]
[219, 220]
[219, 185]
[220, 221]
[221, 187]
[227, 228]
[227, 193]
[228, 229]
[229, 195]
[231, 232]
[232, 233]
[232, 198]
[233, 199]
[237, 238]
[237, 203]
[238, 204]
[240, 206]
[243, 209]
