[0, 36]
[0, 35]
[5, 6]
[5, 40]
[6, 42]
[12, 13]
[13, 14]
[18, 53]
[22, 57]
[27, 63]
[27, 62]
[29, 30]
[29, 64]
[33, 69]
[35, 36]
[35, 71]
[35, 70]
[36, 2]
[36, 71]
[39, 40]
[39, 5]
[39, 75]
[40, 6]
[40, 76]
[40, 75]
[42, 43]
[42, 77]
[52, 53]
[52, 18]
[53, 89]
[56, 57]
[56, 22]
[61, 62]
[61, 27]
[61, 96]
[62, 63]
[62, 98]
[63, 64]
[63, 29]
[63, 98]
[64, 30]
[67, 33]
[67, 103]
[70, 71]
[70, 36]
[75, 76]
[76, 77]
[76, 42]
[76, 112]
[77, 43]
[77, 113]
[77, 112]
[84, 85]
[96, 62]
[96, 132]
[98, 64]
[98, 134]
[101, 67]
[101, 137]
[103, 69]
[103, 139]
[103, 138]
[108, 109]
[108, 144]
[109, 75]
[109, 144]
[112, 113]
[113, 149]
[117, 153]
[117, 152]
[122, 123]
[122, 157]
[123, 89]
[123, 159]
[132, 98]
[132, 168]
[134, 135]
[134, 170]
[135, 101]
[135, 171]
[135, 170]
[137, 138]
[137, 103]
[137, 172]
[138, 139]
[144, 180]
[144, 179]
[152, 153]
[152, 188]
[153, 189]
[153, 188]
[155, 191]
[157, 123]
[157, 193]
[159, 195]
[159, 194]
[164, 200]
[164, 199]
[168, 134]
[170, 171]
[170, 205]
[171, 172]
[171, 137]
[171, 207]
[172, 138]
[172, 207]
[179, 180]
[179, 214]
[180, 181]
[183, 149]
[183, 219]
[188, 189]
[188, 224]
[189, 155]
[189, 224]
[191, 157]
[191, 227]
[193, 194]
[193, 159]
[194, 195]
[194, 230]
[195, 196]
[195, 230]
[199, 200]
[205, 171]
[207, 243]
[212, 213]
[213, 214]
[213, 179]
[214, 180]
[219, 220]
[227, 193]
[230, 196]
[239, 205]
[243, 209]
