[3, 4]
[3, 38]
[4, 5]
[4, 40]
[5, 6]
[5, 40]
[10, 45]
[13, 14]
[13, 49]
[13, 48]
[14, 15]
[14, 50]
[14, 49]
[15, 16]
[15, 50]
[19, 20]
[20, 21]
[23, 58]
[28, 64]
[28, 63]
[38, 4]
[38, 74]
[38, 73]
[40, 6]
[40, 76]
[45, 81]
[47, 48]
[47, 13]
[47, 83]
[47, 82]
[48, 49]
[48, 14]
[48, 84]
[48, 83]
[49, 50]
[49, 15]
[49, 85]
[49, 84]
[50, 16]
[50, 85]
[53, 19]
[53, 88]
[58, 94]
[58, 93]
[60, 96]
[60, 95]
[62, 63]
[62, 28]
[62, 97]
[63, 64]
[63, 99]
[64, 65]
[64, 100]
[64, 99]
[65, 66]
[65, 101]
[65, 100]
[66, 101]
[68, 34]
[70, 71]
[70, 106]
[70, 105]
[71, 72]
[71, 106]
[72, 73]
[72, 38]
[73, 74]
[73, 109]
[74, 40]
[74, 110]
[74, 109]
[76, 77]
[77, 113]
[81, 82]
[81, 47]
[82, 83]
[82, 48]
[83, 84]
[83, 49]
[84, 85]
[84, 50]
[85, 121]
[88, 124]
[93, 94]
[94, 95]
[94, 60]
[95, 96]
[96, 97]
[96, 62]
[97, 63]
[97, 133]
[99, 100]
[99, 65]
[100, 101]
[100, 66]
[105, 106]
[105, 71]
[105, 141]
[105, 140]
[106, 72]
[106, 142]
[106, 141]
[109, 110]
[110, 76]
[113, 114]
[114, 115]
[114, 150]
[115, 81]
[115, 150]
[121, 122]
[122, 88]
[124, 90]
[127, 93]
[127, 162]
[133, 99]
[133, 169]
[139, 174]
[140, 141]
[140, 106]
[140, 176]
[141, 142]
[141, 177]
[141, 176]
[142, 177]
[147, 113]
[150, 186]
[152, 153]
[155, 121]
[155, 191]
[155, 190]
[164, 165]
[164, 199]
[165, 201]
[169, 170]
[169, 205]
[170, 171]
[170, 206]
[170, 205]
[171, 172]
[171, 206]
[172, 173]
[173, 174]
[173, 139]
[173, 209]
[174, 209]
[176, 177]
[176, 142]
[176, 211]
[180, 215]
[186, 152]
[186, 221]
[190, 191]
[190, 225]
[191, 192]
[191, 227]
[192, 193]
[192, 227]
[193, 229]
[196, 162]
[199, 165]
[203, 169]
[203, 239]
[205, 206]
[205, 171]
[206, 172]
[206, 242]
[211, 177]
[214, 215]
[214, 180]
[217, 218]
[220, 221]
[220, 186]
[224, 225]
[224, 190]
[225, 191]
[227, 193]
[233, 199]
[239, 205]
