[6, 7]
[6, 41]
[14, 49]
[16, 17]
[16, 52]
[17, 18]
[17, 52]
[25, 26]
[28, 29]
[28, 63]
[29, 30]
[29, 65]
[30, 66]
[30, 65]
[32, 67]
[34, 69]
[35, 36]
[36, 37]
[37, 73]
[40, 41]
[40, 6]
[40, 76]
[40, 75]
[41, 7]
[41, 77]
[41, 76]
[46, 82]
[48, 49]
[48, 14]
[52, 18]
[55, 56]
[55, 90]
[56, 92]
[59, 25]
[59, 95]
[59, 94]
[63, 29]
[63, 98]
[65, 66]
[66, 67]
[66, 32]
[73, 109]
[73, 108]
[75, 76]
[75, 41]
[75, 111]
[76, 77]
[76, 111]
[77, 78]
[78, 114]
[82, 48]
[82, 118]
[90, 56]
[92, 128]
[92, 127]
[94, 95]
[95, 131]
[98, 133]
[105, 106]
[105, 141]
[105, 140]
[106, 107]
[106, 141]
[107, 108]
[107, 73]
[107, 143]
[108, 109]
[108, 143]
[109, 75]
[111, 77]
[111, 146]
[114, 115]
[114, 150]
[115, 151]
[115, 150]
[118, 153]
[124, 90]
[124, 160]
[127, 128]
[127, 163]
[127, 162]
[128, 94]
[128, 164]
[128, 163]
[131, 132]
[131, 167]
[131, 166]
[132, 133]
[132, 98]
[132, 168]
[132, 167]
[133, 168]
[136, 172]
[140, 141]
[140, 106]
[140, 176]
[140, 175]
[141, 107]
[141, 176]
[143, 109]
[146, 182]
[146, 181]
[150, 151]
[150, 186]
[150, 185]
[151, 152]
[151, 186]
[152, 153]
[152, 118]
[152, 188]
[153, 188]
[160, 161]
[160, 196]
[161, 162]
[161, 127]
[161, 197]
[161, 196]
[162, 163]
[162, 128]
[162, 198]
[162, 197]
[163, 164]
[163, 199]
[163, 198]
[164, 200]
[164, 199]
[166, 167]
[166, 132]
[167, 168]
[167, 133]
[175, 176]
[175, 141]
[175, 210]
[181, 182]
[184, 185]
[184, 150]
[184, 220]
[185, 186]
[185, 151]
[185, 220]
[186, 152]
[190, 226]
[193, 194]
[194, 160]
[196, 197]
[196, 162]
[196, 232]
[196, 231]
[197, 198]
[197, 163]
[197, 233]
[197, 232]
[198, 199]
[198, 164]
[198, 233]
[199, 200]
[199, 235]
[200, 166]
[200, 236]
[200, 235]
[205, 206]
[205, 241]
[205, 240]
[206, 172]
[206, 242]
[206, 241]
[209, 244]
[210, 176]
[220, 186]
[226, 227]
[227, 193]
[231, 232]
[231, 197]
[232, 233]
[232, 198]
[233, 199]
[235, 236]
[236, 237]
[237, 238]
[240, 241]
[240, 206]
[241, 242]
