[0, 1]
[0, 35]
[1, 2]
[2, 38]
[4, 5]
[4, 39]
[5, 6]
[8, 44]
[8, 43]
[10, 11]
[10, 46]
[11, 46]
[16, 17]
[16, 51]
[17, 18]
[17, 53]
[18, 19]
[18, 53]
[21, 22]
[21, 57]
[21, 56]
[22, 23]
[22, 57]
[23, 59]
[33, 69]
[35, 1]
[38, 39]
[38, 4]
[39, 5]
[39, 75]
[43, 44]
[43, 78]
[44, 10]
[46, 82]
[46, 81]
[48, 84]
[48, 83]
[51, 17]
[53, 19]
[53, 89]
[53, 88]
[56, 57]
[56, 22]
[56, 91]
[57, 23]
[59, 60]
[59, 95]
[60, 96]
[60, 95]
[62, 63]
[63, 64]
[63, 99]
[64, 99]
[67, 33]
[67, 103]
[67, 102]
[72, 38]
[72, 107]
[75, 110]
[78, 44]
[81, 82]
[82, 83]
[82, 48]
[82, 118]
[83, 84]
[83, 119]
[83, 118]
[84, 119]
[88, 89]
[88, 123]
[91, 57]
[91, 127]
[91, 126]
[95, 96]
[96, 62]
[96, 132]
[99, 134]
[102, 103]
[102, 138]
[103, 69]
[103, 139]
[103, 138]
[109, 110]
[109, 75]
[109, 145]
[110, 145]
[112, 78]
[118, 119]
[118, 84]
[119, 155]
[121, 122]
[121, 157]
[122, 123]
[122, 88]
[122, 158]
[122, 157]
[123, 89]
[123, 158]
[126, 127]
[126, 162]
[126, 161]
[127, 163]
[127, 162]
[129, 95]
[129, 165]
[132, 133]
[132, 168]
[133, 134]
[133, 99]
[133, 169]
[133, 168]
[134, 169]
[136, 102]
[138, 139]
[138, 174]
[139, 174]
[140, 175]
[151, 187]
[151, 186]
[155, 121]
[155, 190]
[157, 158]
[157, 123]
[157, 192]
[158, 194]
[161, 162]
[161, 127]
[161, 196]
[162, 163]
[163, 129]
[165, 201]
[165, 200]
[168, 169]
[168, 134]
[174, 209]
[175, 210]
[177, 213]
[177, 212]
[179, 145]
[179, 214]
[184, 185]
[184, 220]
[185, 186]
[185, 151]
[185, 220]
[186, 187]
[186, 222]
[187, 188]
[187, 223]
[187, 222]
[188, 189]
[188, 223]
[189, 190]
[189, 155]
[190, 226]
[192, 158]
[194, 195]
[194, 230]
[194, 229]
[195, 196]
[195, 161]
[195, 230]
[196, 162]
[200, 201]
[200, 236]
[201, 236]
[207, 208]
[207, 243]
[208, 209]
[208, 174]
[208, 244]
[208, 243]
[209, 244]
[212, 213]
[213, 214]
[213, 179]
[216, 182]
[220, 186]
[222, 223]
[222, 188]
[223, 189]
[226, 192]
[229, 230]
[229, 195]
[230, 196]
[240, 241]
[241, 207]
[243, 244]
[243, 209]
