[0, 36]
[0, 35]
[4, 40]
[4, 39]
[6, 7]
[6, 42]
[7, 8]
[7, 43]
[7, 42]
[8, 43]
[13, 49]
[16, 17]
[16, 51]
[22, 57]
[25, 61]
[25, 60]
[28, 29]
[28, 64]
[29, 65]
[29, 64]
[33, 34]
[35, 36]
[35, 71]
[36, 37]
[36, 71]
[37, 38]
[37, 73]
[38, 39]
[38, 4]
[38, 73]
[39, 40]
[39, 75]
[40, 6]
[40, 75]
[42, 43]
[42, 8]
[42, 77]
[43, 79]
[49, 50]
[49, 85]
[50, 51]
[50, 16]
[50, 85]
[51, 17]
[56, 57]
[56, 22]
[57, 93]
[59, 60]
[59, 25]
[60, 61]
[60, 96]
[61, 62]
[61, 96]
[62, 28]
[62, 98]
[64, 65]
[71, 37]
[73, 39]
[73, 108]
[75, 110]
[77, 43]
[77, 112]
[82, 83]
[83, 49]
[85, 51]
[85, 121]
[85, 120]
[93, 59]
[96, 62]
[96, 132]
[98, 64]
[102, 103]
[102, 137]
[103, 104]
[103, 139]
[104, 139]
[105, 71]
[105, 140]
[110, 145]
[120, 121]
[120, 155]
[121, 122]
[121, 157]
[122, 158]
[122, 157]
[127, 93]
[127, 163]
[132, 98]
[132, 168]
[136, 137]
[136, 102]
[136, 172]
[137, 103]
[137, 173]
[137, 172]
[150, 151]
[150, 186]
[151, 152]
[151, 186]
[155, 121]
[157, 158]
[157, 193]
[157, 192]
[158, 124]
[158, 194]
[158, 193]
[163, 198]
[168, 204]
[168, 203]
[172, 173]
[172, 208]
[173, 139]
[173, 209]
[173, 208]
[178, 179]
[178, 214]
[178, 213]
[179, 145]
[179, 214]
[186, 152]
[189, 155]
[189, 225]
[189, 224]
[192, 193]
[192, 158]
[193, 194]
[193, 229]
[194, 230]
[194, 229]
[196, 232]
[196, 231]
[198, 233]
[200, 236]
[203, 204]
[204, 205]
[204, 240]
[205, 206]
[205, 240]
[206, 172]
[206, 242]
[208, 209]
[208, 243]
[211, 212]
[212, 213]
[212, 178]
[213, 214]
[213, 179]
[216, 217]
[219, 220]
[220, 186]
[223, 224]
[223, 189]
[224, 225]
[229, 230]
[230, 231]
[230, 196]
[231, 232]
[232, 233]
[232, 198]
[240, 206]
[242, 243]
[242, 208]
[243, 209]
