[6, 7]
[6, 42]
[7, 8]
[7, 42]
[18, 19]
[18, 54]
[18, 53]
[19, 20]
[19, 54]
[23, 24]
[24, 25]
[32, 33]
[33, 34]
[33, 69]
[34, 69]
[42, 8]
[42, 77]
[49, 15]
[49, 84]
[53, 54]
[53, 19]
[53, 89]
[53, 88]
[54, 20]
[54, 89]
[70, 106]
[76, 77]
[76, 42]
[76, 112]
[77, 112]
[79, 80]
[79, 114]
[84, 119]
[86, 87]
[86, 122]
[87, 88]
[87, 53]
[87, 122]
[88, 89]
[88, 54]
[93, 94]
[93, 129]
[93, 128]
[94, 129]
[99, 100]
[99, 135]
[99, 134]
[100, 101]
[100, 136]
[100, 135]
[101, 102]
[101, 136]
[106, 142]
[112, 147]
[114, 80]
[114, 150]
[119, 155]
[122, 88]
[122, 157]
[128, 129]
[128, 94]
[128, 164]
[129, 164]
[134, 135]
[134, 100]
[134, 170]
[135, 136]
[135, 101]
[135, 170]
[136, 102]
[140, 106]
[142, 178]
[147, 183]
[150, 151]
[155, 191]
[164, 199]
[168, 134]
[168, 204]
[168, 203]
[170, 136]
[170, 205]
[173, 209]
[173, 208]
[178, 214]
[178, 213]
[180, 216]
[183, 184]
[183, 219]
[183, 218]
[184, 150]
[184, 219]
[191, 157]
[191, 227]
[191, 226]
[203, 204]
[203, 239]
[203, 238]
[204, 205]
[204, 170]
[204, 239]
[207, 208]
[207, 173]
[207, 242]
[208, 209]
[212, 213]
[212, 178]
[213, 214]
[214, 180]
[216, 217]
[217, 218]
[217, 183]
[218, 219]
[218, 184]
[225, 226]
[225, 191]
[226, 227]
[227, 228]
[228, 194]
[231, 197]
[238, 239]
[238, 204]
[239, 205]
[242, 208]
