[1, 37]
[1, 36]
[4, 40]
[9, 45]
[14, 15]
[14, 50]
[15, 51]
[15, 50]
[17, 18]
[17, 52]
[18, 19]
[23, 58]
[25, 61]
[25, 60]
[27, 63]
[32, 68]
[35, 36]
[35, 1]
[36, 37]
[36, 72]
[37, 73]
[37, 72]
[40, 41]
[40, 76]
[40, 75]
[41, 42]
[41, 76]
[42, 43]
[42, 78]
[43, 9]
[43, 79]
[43, 78]
[47, 83]
[50, 51]
[50, 86]
[51, 52]
[51, 17]
[51, 86]
[52, 18]
[52, 88]
[57, 58]
[57, 23]
[57, 93]
[57, 92]
[58, 94]
[58, 93]
[60, 61]
[61, 27]
[63, 64]
[63, 98]
[64, 65]
[65, 66]
[66, 32]
[68, 69]
[68, 104]
[68, 103]
[69, 104]
[72, 73]
[72, 108]
[73, 74]
[73, 108]
[74, 75]
[74, 40]
[74, 110]
[75, 76]
[75, 41]
[75, 110]
[76, 42]
[76, 112]
[78, 79]
[78, 113]
[79, 45]
[79, 115]
[83, 84]
[84, 50]
[84, 120]
[86, 52]
[86, 121]
[88, 124]
[90, 91]
[90, 126]
[90, 125]
[91, 92]
[91, 57]
[91, 126]
[92, 93]
[92, 58]
[93, 94]
[93, 129]
[94, 60]
[94, 129]
[98, 64]
[103, 104]
[103, 69]
[106, 72]
[106, 142]
[108, 74]
[110, 76]
[110, 146]
[110, 145]
[112, 113]
[112, 78]
[112, 148]
[112, 147]
[113, 79]
[113, 149]
[113, 148]
[115, 150]
[120, 121]
[120, 86]
[120, 156]
[120, 155]
[121, 157]
[121, 156]
[124, 125]
[124, 90]
[125, 126]
[125, 91]
[126, 92]
[126, 162]
[129, 164]
[132, 98]
[137, 103]
[137, 172]
[142, 108]
[142, 178]
[142, 177]
[145, 146]
[145, 180]
[146, 147]
[146, 112]
[146, 182]
[147, 148]
[147, 113]
[147, 183]
[147, 182]
[148, 149]
[148, 184]
[148, 183]
[149, 150]
[149, 115]
[149, 184]
[152, 188]
[152, 187]
[155, 156]
[155, 121]
[156, 157]
[157, 158]
[157, 193]
[158, 124]
[158, 194]
[158, 193]
[162, 198]
[162, 197]
[164, 200]
[172, 208]
[177, 178]
[177, 213]
[178, 214]
[178, 213]
[180, 146]
[180, 215]
[182, 183]
[182, 148]
[182, 218]
[182, 217]
[183, 184]
[183, 149]
[183, 219]
[183, 218]
[184, 150]
[184, 219]
[187, 188]
[187, 222]
[188, 224]
[193, 194]
[196, 197]
[196, 162]
[197, 198]
[198, 164]
[205, 241]
[205, 240]
[208, 243]
[213, 214]
[214, 215]
[214, 180]
[217, 218]
[217, 183]
[218, 219]
[218, 184]
[222, 188]
[226, 227]
[227, 193]
[237, 238]
[240, 241]
[241, 242]
[242, 243]
[242, 208]
