[2, 3]
[2, 38]
[2, 37]
[3, 39]
[3, 38]
[5, 6]
[6, 42]
[11, 46]
[14, 49]
[18, 19]
[18, 54]
[19, 55]
[19, 54]
[22, 23]
[22, 58]
[22, 57]
[23, 24]
[23, 59]
[23, 58]
[24, 25]
[24, 60]
[24, 59]
[25, 60]
[28, 29]
[28, 64]
[28, 63]
[29, 65]
[29, 64]
[32, 33]
[32, 68]
[33, 34]
[33, 68]
[35, 71]
[35, 70]
[37, 38]
[37, 3]
[37, 73]
[38, 39]
[38, 73]
[39, 5]
[39, 75]
[42, 77]
[46, 81]
[48, 49]
[48, 14]
[48, 83]
[54, 55]
[55, 56]
[55, 91]
[56, 57]
[56, 22]
[56, 92]
[56, 91]
[57, 58]
[57, 23]
[57, 93]
[57, 92]
[58, 59]
[58, 24]
[58, 94]
[58, 93]
[59, 60]
[59, 25]
[59, 95]
[59, 94]
[60, 96]
[60, 95]
[63, 64]
[63, 29]
[63, 98]
[64, 65]
[68, 34]
[68, 104]
[70, 71]
[70, 106]
[71, 37]
[71, 106]
[73, 39]
[73, 108]
[75, 111]
[81, 116]
[83, 49]
[83, 119]
[91, 92]
[91, 57]
[91, 127]
[92, 93]
[92, 58]
[92, 128]
[92, 127]
[93, 94]
[93, 59]
[93, 128]
[94, 95]
[94, 60]
[95, 96]
[96, 97]
[97, 98]
[97, 63]
[98, 64]
[98, 134]
[102, 68]
[102, 138]
[106, 142]
[108, 144]
[111, 77]
[111, 146]
[119, 120]
[119, 155]
[119, 154]
[120, 156]
[120, 155]
[124, 125]
[124, 159]
[125, 91]
[125, 161]
[127, 128]
[127, 93]
[127, 163]
[128, 94]
[128, 164]
[128, 163]
[134, 135]
[134, 170]
[135, 171]
[135, 170]
[138, 104]
[142, 108]
[142, 178]
[144, 145]
[144, 180]
[144, 179]
[145, 146]
[145, 111]
[145, 180]
[148, 184]
[153, 154]
[153, 119]
[154, 155]
[154, 120]
[155, 156]
[159, 125]
[159, 194]
[161, 127]
[161, 197]
[161, 196]
[163, 164]
[163, 199]
[163, 198]
[164, 165]
[164, 200]
[164, 199]
[165, 200]
[170, 171]
[170, 206]
[171, 172]
[171, 206]
[172, 138]
[176, 142]
[176, 212]
[176, 211]
[178, 179]
[178, 144]
[179, 180]
[179, 145]
[180, 146]
[180, 216]
[184, 185]
[185, 221]
[187, 153]
[187, 223]
[194, 230]
[194, 229]
[196, 197]
[197, 198]
[197, 163]
[198, 199]
[198, 164]
[198, 234]
[199, 200]
[199, 165]
[199, 234]
[204, 170]
[204, 240]
[206, 172]
[210, 211]
[210, 176]
[211, 212]
[212, 178]
[218, 184]
[221, 187]
[228, 229]
[228, 194]
[229, 230]
[230, 196]
[234, 200]
[237, 238]
[238, 204]
[240, 206]
