[2, 3]
[2, 38]
[3, 4]
[3, 39]
[3, 38]
[4, 5]
[4, 39]
[5, 41]
[8, 9]
[8, 43]
[11, 47]
[13, 14]
[14, 15]
[21, 56]
[38, 39]
[38, 4]
[39, 5]
[41, 77]
[43, 9]
[43, 79]
[47, 13]
[47, 83]
[52, 53]
[52, 88]
[53, 54]
[53, 88]
[54, 55]
[55, 56]
[55, 21]
[55, 91]
[56, 91]
[65, 31]
[65, 101]
[71, 72]
[71, 107]
[72, 38]
[72, 107]
[77, 43]
[85, 86]
[85, 121]
[86, 52]
[86, 121]
[88, 54]
[88, 124]
[91, 126]
[107, 142]
[111, 77]
[111, 146]
[121, 156]
[124, 125]
[124, 160]
[125, 126]
[125, 91]
[125, 160]
[134, 170]
[142, 178]
[142, 177]
[146, 181]
[151, 186]
[155, 156]
[155, 121]
[155, 191]
[156, 191]
[158, 124]
[160, 126]
[160, 195]
[170, 171]
[171, 207]
[175, 176]
[175, 211]
[176, 177]
[176, 142]
[176, 212]
[176, 211]
[177, 178]
[177, 213]
[177, 212]
[178, 213]
[180, 181]
[180, 146]
[180, 216]
[180, 215]
[181, 217]
[181, 216]
[183, 184]
[204, 170]
[211, 212]
[211, 177]
[212, 213]
[212, 178]
[215, 216]
[215, 181]
[216, 217]
[217, 183]
[228, 229]
[229, 195]
[232, 233]
[233, 199]
[241, 207]
