[0, 1]
[0, 35]
[6, 42]
[9, 44]
[11, 46]
[13, 49]
[15, 16]
[16, 17]
[16, 52]
[17, 52]
[21, 22]
[21, 57]
[21, 56]
[22, 57]
[30, 66]
[32, 67]
[34, 69]
[35, 1]
[42, 43]
[42, 77]
[43, 44]
[43, 9]
[46, 82]
[46, 81]
[49, 15]
[55, 56]
[55, 21]
[56, 57]
[56, 22]
[57, 93]
[66, 67]
[66, 32]
[66, 101]
[67, 103]
[72, 108]
[76, 77]
[76, 42]
[76, 112]
[76, 111]
[77, 43]
[77, 112]
[81, 82]
[82, 118]
[86, 52]
[89, 55]
[93, 59]
[101, 67]
[101, 137]
[101, 136]
[103, 69]
[103, 138]
[108, 109]
[109, 145]
[111, 112]
[111, 77]
[114, 150]
[118, 154]
[118, 153]
[136, 137]
[136, 172]
[137, 138]
[137, 103]
[137, 172]
[138, 174]
[145, 111]
[150, 151]
[151, 152]
[152, 153]
[152, 118]
[153, 154]
[154, 190]
[163, 164]
[163, 199]
[164, 130]
[164, 199]
[167, 203]
[172, 138]
[172, 207]
[182, 217]
[190, 191]
[190, 225]
[191, 192]
[192, 228]
[194, 160]
[199, 235]
[201, 167]
[203, 239]
[203, 238]
[207, 243]
[212, 213]
[213, 214]
[214, 215]
[215, 216]
[216, 217]
[216, 182]
[219, 220]
[220, 221]
[221, 222]
[225, 191]
[228, 194]
[233, 199]
[235, 201]
[238, 239]
[239, 205]
[243, 244]
