[0, 1]
[0, 35]
[1, 2]
[2, 3]
[2, 38]
[3, 4]
[3, 39]
[3, 38]
[4, 39]
[6, 7]
[11, 46]
[14, 50]
[14, 49]
[17, 18]
[17, 52]
[18, 54]
[20, 55]
[22, 23]
[27, 28]
[28, 64]
[32, 33]
[32, 68]
[32, 67]
[33, 68]
[35, 1]
[35, 71]
[38, 39]
[38, 4]
[38, 73]
[39, 75]
[48, 49]
[48, 14]
[49, 50]
[49, 85]
[50, 86]
[50, 85]
[52, 18]
[52, 87]
[54, 55]
[54, 20]
[55, 91]
[64, 100]
[64, 99]
[67, 68]
[67, 33]
[67, 103]
[68, 104]
[68, 103]
[71, 72]
[71, 106]
[72, 73]
[72, 38]
[72, 108]
[73, 39]
[73, 108]
[75, 76]
[75, 110]
[78, 79]
[79, 115]
[85, 86]
[85, 120]
[86, 87]
[86, 52]
[86, 122]
[87, 123]
[87, 122]
[91, 92]
[92, 93]
[92, 128]
[93, 129]
[93, 128]
[95, 131]
[97, 132]
[99, 100]
[99, 135]
[100, 135]
[103, 104]
[103, 138]
[106, 72]
[108, 144]
[108, 143]
[110, 76]
[115, 116]
[115, 150]
[116, 152]
[118, 154]
[120, 86]
[120, 156]
[120, 155]
[122, 123]
[123, 124]
[123, 159]
[124, 160]
[124, 159]
[128, 129]
[129, 95]
[131, 132]
[131, 97]
[131, 167]
[131, 166]
[132, 167]
[135, 171]
[135, 170]
[137, 138]
[137, 103]
[137, 173]
[137, 172]
[138, 104]
[138, 174]
[138, 173]
[140, 106]
[143, 144]
[143, 179]
[143, 178]
[144, 110]
[144, 179]
[148, 149]
[148, 184]
[149, 150]
[149, 115]
[149, 184]
[150, 116]
[150, 186]
[152, 118]
[154, 155]
[154, 120]
[154, 190]
[154, 189]
[155, 156]
[155, 190]
[156, 122]
[159, 160]
[159, 195]
[159, 194]
[160, 161]
[160, 195]
[166, 167]
[166, 132]
[166, 202]
[166, 201]
[167, 203]
[167, 202]
[169, 170]
[169, 135]
[169, 205]
[169, 204]
[170, 171]
[170, 205]
[171, 172]
[171, 137]
[172, 173]
[172, 138]
[173, 174]
[173, 209]
[174, 209]
[177, 178]
[177, 143]
[177, 212]
[178, 179]
[178, 144]
[184, 150]
[184, 220]
[184, 219]
[186, 152]
[186, 221]
[189, 190]
[189, 155]
[189, 224]
[190, 156]
[190, 226]
[194, 195]
[194, 160]
[194, 230]
[194, 229]
[195, 161]
[195, 231]
[195, 230]
[199, 200]
[199, 234]
[200, 201]
[200, 166]
[201, 202]
[201, 167]
[202, 203]
[202, 238]
[203, 204]
[203, 169]
[203, 239]
[203, 238]
[204, 205]
[204, 170]
[204, 239]
[205, 171]
[209, 244]
[211, 212]
[211, 177]
[212, 178]
[219, 220]
[220, 221]
[220, 186]
[223, 224]
[223, 189]
[224, 190]
[228, 229]
[228, 194]
[229, 230]
[229, 195]
[230, 231]
[231, 232]
[234, 200]
[238, 239]
[238, 204]
[239, 205]
