[1, 2]
[1, 36]
[5, 6]
[5, 41]
[5, 40]
[6, 42]
[6, 41]
[10, 46]
[13, 49]
[21, 22]
[21, 57]
[22, 58]
[22, 57]
[24, 25]
[24, 60]
[24, 59]
[25, 60]
[27, 28]
[28, 29]
[29, 30]
[30, 31]
[36, 2]
[36, 72]
[40, 41]
[40, 6]
[40, 75]
[41, 42]
[46, 81]
[49, 15]
[49, 85]
[49, 84]
[52, 18]
[52, 88]
[52, 87]
[57, 58]
[57, 92]
[58, 59]
[58, 24]
[58, 94]
[59, 60]
[59, 25]
[59, 94]
[72, 73]
[72, 108]
[73, 74]
[73, 108]
[74, 75]
[74, 40]
[74, 110]
[75, 41]
[75, 110]
[80, 81]
[80, 46]
[84, 85]
[85, 121]
[87, 88]
[90, 91]
[90, 126]
[91, 92]
[91, 57]
[91, 127]
[91, 126]
[92, 58]
[92, 127]
[94, 60]
[94, 129]
[102, 103]
[105, 106]
[105, 141]
[105, 140]
[106, 72]
[106, 141]
[108, 74]
[110, 145]
[113, 114]
[113, 149]
[113, 148]
[114, 80]
[114, 150]
[114, 149]
[118, 84]
[118, 153]
[121, 87]
[121, 156]
[126, 127]
[126, 92]
[135, 136]
[136, 102]
[136, 172]
[140, 141]
[140, 106]
[141, 177]
[145, 181]
[147, 148]
[147, 113]
[148, 149]
[148, 114]
[149, 150]
[149, 185]
[150, 151]
[150, 186]
[150, 185]
[151, 152]
[151, 186]
[152, 153]
[152, 118]
[153, 189]
[156, 191]
[158, 194]
[160, 126]
[166, 167]
[172, 173]
[172, 208]
[173, 174]
[173, 208]
[177, 212]
[179, 145]
[181, 147]
[181, 217]
[185, 186]
[185, 151]
[185, 221]
[185, 220]
[186, 152]
[186, 222]
[186, 221]
[189, 190]
[190, 191]
[190, 156]
[190, 226]
[191, 227]
[191, 226]
[194, 160]
[197, 233]
[199, 200]
[199, 234]
[200, 166]
[206, 172]
[206, 242]
[206, 241]
[208, 174]
[208, 244]
[211, 212]
[211, 177]
[220, 221]
[220, 186]
[221, 222]
[226, 227]
[227, 228]
[228, 194]
[233, 234]
[233, 199]
[234, 200]
[239, 240]
[240, 241]
[240, 206]
[241, 242]
[242, 208]
