[3, 39]
[3, 38]
[6, 42]
[10, 11]
[11, 12]
[11, 47]
[12, 13]
[12, 48]
[12, 47]
[13, 14]
[13, 48]
[14, 15]
[14, 50]
[15, 50]
[27, 63]
[33, 34]
[33, 69]
[34, 69]
[35, 36]
[36, 37]
[37, 38]
[37, 3]
[38, 39]
[39, 75]
[42, 8]
[47, 48]
[47, 13]
[47, 83]
[47, 82]
[48, 14]
[48, 84]
[48, 83]
[56, 57]
[56, 91]
[57, 58]
[57, 93]
[58, 24]
[58, 94]
[58, 93]
[63, 29]
[69, 104]
[75, 110]
[79, 80]
[79, 115]
[80, 81]
[80, 115]
[81, 82]
[81, 47]
[81, 117]
[82, 83]
[82, 48]
[82, 117]
[83, 84]
[83, 119]
[84, 50]
[84, 120]
[84, 119]
[91, 57]
[91, 127]
[91, 126]
[93, 94]
[93, 129]
[93, 128]
[94, 129]
[102, 138]
[102, 137]
[107, 143]
[112, 148]
[115, 81]
[115, 150]
[117, 83]
[117, 153]
[119, 120]
[119, 154]
[120, 156]
[126, 127]
[126, 162]
[127, 128]
[127, 93]
[127, 162]
[128, 129]
[128, 94]
[129, 165]
[131, 167]
[131, 166]
[133, 168]
[135, 136]
[135, 171]
[136, 137]
[136, 102]
[136, 172]
[136, 171]
[137, 138]
[137, 172]
[138, 104]
[138, 174]
[143, 179]
[143, 178]
[150, 186]
[153, 154]
[153, 119]
[153, 189]
[153, 188]
[154, 120]
[154, 190]
[154, 189]
[156, 122]
[156, 192]
[156, 191]
[162, 128]
[162, 197]
[165, 166]
[165, 131]
[165, 200]
[166, 167]
[166, 202]
[167, 168]
[167, 133]
[167, 203]
[167, 202]
[168, 203]
[171, 172]
[171, 137]
[171, 207]
[171, 206]
[172, 138]
[172, 208]
[172, 207]
[175, 176]
[176, 212]
[178, 179]
[178, 214]
[178, 213]
[179, 180]
[179, 214]
[180, 181]
[180, 216]
[181, 182]
[181, 217]
[181, 216]
[182, 148]
[182, 218]
[182, 217]
[186, 187]
[186, 221]
[187, 188]
[187, 153]
[188, 189]
[188, 154]
[188, 224]
[189, 190]
[189, 225]
[189, 224]
[190, 191]
[190, 156]
[190, 225]
[191, 192]
[191, 227]
[192, 193]
[192, 227]
[193, 229]
[195, 231]
[195, 230]
[197, 233]
[200, 166]
[200, 236]
[202, 203]
[202, 168]
[203, 239]
[206, 207]
[206, 172]
[206, 241]
[207, 208]
[207, 243]
[208, 174]
[208, 243]
[212, 213]
[212, 178]
[213, 214]
[213, 179]
[214, 180]
[216, 217]
[216, 182]
[217, 218]
[220, 221]
[220, 186]
[221, 187]
[224, 225]
[224, 190]
[225, 191]
[227, 193]
[229, 230]
[229, 195]
[230, 231]
[231, 197]
[236, 202]
[241, 207]
