[1, 2]
[1, 36]
[4, 5]
[4, 40]
[4, 39]
[5, 40]
[7, 8]
[7, 43]
[8, 9]
[8, 44]
[8, 43]
[9, 10]
[9, 45]
[9, 44]
[10, 11]
[10, 45]
[11, 12]
[12, 13]
[13, 14]
[16, 52]
[22, 57]
[27, 28]
[27, 63]
[28, 29]
[28, 64]
[28, 63]
[29, 30]
[29, 65]
[29, 64]
[30, 31]
[30, 66]
[30, 65]
[31, 32]
[31, 66]
[34, 69]
[35, 36]
[35, 1]
[35, 71]
[36, 2]
[36, 71]
[39, 40]
[39, 5]
[39, 74]
[40, 76]
[43, 44]
[43, 9]
[43, 78]
[44, 45]
[44, 10]
[44, 80]
[45, 11]
[45, 80]
[52, 18]
[55, 56]
[55, 91]
[56, 57]
[56, 22]
[56, 91]
[57, 93]
[63, 64]
[63, 29]
[63, 99]
[64, 65]
[64, 30]
[64, 99]
[65, 66]
[65, 31]
[66, 32]
[66, 102]
[74, 40]
[78, 44]
[78, 113]
[84, 85]
[84, 120]
[84, 119]
[85, 120]
[91, 57]
[91, 127]
[91, 126]
[93, 94]
[96, 132]
[99, 65]
[102, 103]
[102, 138]
[103, 69]
[103, 138]
[105, 71]
[105, 141]
[113, 149]
[118, 119]
[118, 84]
[119, 120]
[119, 85]
[119, 155]
[120, 156]
[120, 155]
[124, 125]
[124, 160]
[125, 126]
[125, 91]
[125, 161]
[125, 160]
[126, 127]
[126, 162]
[126, 161]
[127, 93]
[127, 163]
[127, 162]
[132, 133]
[133, 99]
[138, 173]
[141, 142]
[141, 177]
[141, 176]
[142, 143]
[142, 178]
[142, 177]
[143, 144]
[143, 178]
[144, 145]
[144, 180]
[145, 146]
[145, 181]
[145, 180]
[146, 147]
[146, 182]
[146, 181]
[147, 113]
[147, 182]
[155, 156]
[155, 190]
[156, 122]
[160, 161]
[160, 126]
[160, 195]
[161, 162]
[161, 127]
[161, 197]
[162, 163]
[162, 198]
[162, 197]
[163, 164]
[163, 198]
[172, 173]
[172, 138]
[175, 176]
[175, 141]
[175, 211]
[176, 177]
[176, 142]
[176, 211]
[177, 178]
[177, 143]
[178, 144]
[178, 214]
[180, 181]
[180, 146]
[181, 182]
[181, 147]
[186, 221]
[188, 189]
[189, 190]
[189, 155]
[190, 156]
[193, 194]
[193, 228]
[194, 195]
[194, 160]
[195, 161]
[197, 198]
[197, 163]
[197, 233]
[197, 232]
[198, 164]
[198, 233]
[202, 203]
[203, 204]
[203, 239]
[204, 240]
[204, 239]
[211, 177]
[214, 180]
[220, 221]
[220, 186]
[227, 228]
[227, 193]
[228, 194]
[232, 233]
[232, 198]
[236, 202]
[239, 240]
[240, 241]
