[0, 1]
[0, 35]
[1, 37]
[21, 57]
[21, 56]
[23, 59]
[27, 28]
[27, 63]
[27, 62]
[28, 63]
[30, 65]
[35, 1]
[35, 71]
[37, 73]
[44, 10]
[47, 48]
[48, 84]
[56, 57]
[56, 91]
[57, 23]
[59, 94]
[61, 62]
[61, 27]
[62, 63]
[62, 28]
[62, 98]
[63, 99]
[63, 98]
[71, 37]
[73, 74]
[74, 75]
[75, 76]
[76, 112]
[84, 85]
[84, 120]
[85, 86]
[85, 120]
[86, 122]
[91, 57]
[91, 127]
[98, 99]
[98, 133]
[99, 65]
[112, 148]
[112, 147]
[116, 151]
[118, 84]
[120, 86]
[120, 156]
[120, 155]
[122, 123]
[122, 158]
[122, 157]
[123, 124]
[123, 158]
[127, 128]
[127, 162]
[128, 94]
[128, 164]
[132, 133]
[132, 98]
[132, 168]
[132, 167]
[133, 99]
[133, 168]
[137, 138]
[137, 173]
[137, 172]
[138, 104]
[138, 174]
[138, 173]
[143, 179]
[143, 178]
[145, 146]
[146, 147]
[146, 112]
[147, 148]
[148, 184]
[151, 187]
[151, 186]
[155, 156]
[155, 191]
[156, 157]
[156, 122]
[156, 192]
[156, 191]
[157, 158]
[157, 123]
[157, 192]
[158, 124]
[162, 128]
[164, 165]
[164, 199]
[167, 168]
[167, 133]
[167, 203]
[167, 202]
[168, 203]
[170, 206]
[170, 205]
[172, 173]
[172, 138]
[172, 208]
[173, 174]
[173, 208]
[178, 179]
[178, 213]
[179, 145]
[186, 187]
[186, 222]
[187, 188]
[187, 223]
[187, 222]
[188, 223]
[191, 192]
[191, 157]
[191, 226]
[192, 158]
[192, 228]
[199, 165]
[199, 235]
[202, 203]
[202, 168]
[202, 237]
[203, 239]
[205, 206]
[206, 172]
[208, 174]
[208, 244]
[212, 213]
[212, 178]
[213, 179]
[222, 223]
[222, 188]
[225, 226]
[225, 191]
[226, 192]
[228, 229]
[229, 230]
[230, 231]
[231, 232]
[237, 203]
[239, 205]
