[0, 36]
[0, 35]
[3, 4]
[3, 39]
[4, 39]
[6, 42]
[6, 41]
[12, 13]
[13, 49]
[15, 16]
[15, 51]
[15, 50]
[16, 17]
[16, 51]
[17, 18]
[17, 53]
[18, 53]
[20, 21]
[20, 55]
[21, 57]
[24, 25]
[24, 59]
[25, 61]
[32, 33]
[32, 68]
[32, 67]
[33, 69]
[33, 68]
[35, 36]
[35, 71]
[35, 70]
[36, 37]
[36, 71]
[37, 3]
[41, 42]
[41, 77]
[42, 78]
[42, 77]
[44, 80]
[49, 50]
[49, 15]
[49, 84]
[50, 51]
[50, 16]
[51, 17]
[55, 21]
[55, 91]
[59, 25]
[59, 95]
[59, 94]
[61, 62]
[61, 97]
[61, 96]
[62, 63]
[62, 97]
[63, 64]
[63, 99]
[64, 100]
[64, 99]
[67, 68]
[67, 33]
[67, 102]
[68, 69]
[68, 104]
[69, 104]
[70, 71]
[70, 36]
[70, 106]
[71, 37]
[71, 107]
[71, 106]
[77, 78]
[78, 44]
[80, 81]
[80, 116]
[80, 115]
[81, 117]
[81, 116]
[83, 84]
[83, 49]
[83, 119]
[83, 118]
[84, 50]
[84, 119]
[91, 57]
[94, 95]
[94, 129]
[95, 96]
[95, 61]
[96, 97]
[96, 62]
[96, 132]
[97, 63]
[97, 133]
[97, 132]
[99, 100]
[99, 135]
[100, 135]
[102, 68]
[106, 107]
[106, 142]
[106, 141]
[107, 143]
[107, 142]
[109, 145]
[109, 144]
[115, 116]
[115, 81]
[115, 151]
[115, 150]
[116, 117]
[116, 152]
[116, 151]
[117, 118]
[117, 83]
[117, 153]
[117, 152]
[118, 119]
[118, 84]
[118, 154]
[118, 153]
[119, 154]
[122, 157]
[125, 91]
[125, 161]
[125, 160]
[129, 95]
[129, 165]
[129, 164]
[132, 133]
[132, 167]
[133, 99]
[133, 169]
[135, 170]
[140, 141]
[140, 106]
[140, 176]
[140, 175]
[141, 142]
[141, 107]
[141, 176]
[142, 143]
[142, 178]
[143, 144]
[143, 109]
[143, 178]
[144, 145]
[144, 180]
[145, 146]
[145, 180]
[146, 147]
[149, 150]
[149, 115]
[149, 185]
[149, 184]
[150, 151]
[150, 116]
[150, 185]
[151, 152]
[151, 117]
[151, 187]
[152, 153]
[152, 118]
[152, 187]
[153, 154]
[153, 119]
[154, 190]
[156, 157]
[156, 122]
[156, 192]
[157, 193]
[157, 192]
[159, 160]
[159, 125]
[159, 194]
[160, 161]
[160, 196]
[161, 197]
[161, 196]
[164, 165]
[164, 199]
[165, 201]
[167, 133]
[167, 203]
[167, 202]
[169, 170]
[169, 135]
[170, 206]
[173, 174]
[175, 176]
[175, 141]
[176, 142]
[176, 212]
[178, 144]
[178, 214]
[180, 146]
[180, 216]
[180, 215]
[184, 185]
[184, 150]
[184, 220]
[184, 219]
[185, 151]
[185, 220]
[187, 153]
[187, 223]
[187, 222]
[190, 156]
[190, 226]
[192, 193]
[192, 228]
[192, 227]
[193, 194]
[193, 159]
[193, 229]
[193, 228]
[194, 160]
[194, 230]
[194, 229]
[196, 197]
[196, 231]
[197, 198]
[197, 233]
[198, 199]
[198, 164]
[198, 233]
[199, 165]
[201, 202]
[201, 167]
[201, 237]
[201, 236]
[202, 203]
[202, 238]
[202, 237]
[203, 169]
[203, 238]
[206, 207]
[207, 173]
[212, 178]
[214, 215]
[214, 180]
[215, 216]
[216, 217]
[219, 220]
[219, 185]
[222, 223]
[226, 227]
[226, 192]
[227, 228]
[227, 193]
[228, 229]
[228, 194]
[229, 230]
[230, 231]
[230, 196]
[231, 197]
[233, 199]
[236, 237]
[236, 202]
[237, 238]
[237, 203]
[240, 206]
