[1, 37]
[1, 36]
[7, 43]
[9, 45]
[12, 48]
[12, 47]
[18, 19]
[18, 53]
[19, 20]
[19, 55]
[20, 21]
[20, 55]
[21, 57]
[23, 59]
[25, 26]
[28, 64]
[28, 63]
[36, 37]
[36, 72]
[36, 71]
[37, 73]
[37, 72]
[43, 9]
[43, 78]
[45, 46]
[46, 47]
[46, 12]
[47, 48]
[47, 83]
[48, 49]
[48, 84]
[48, 83]
[49, 50]
[49, 84]
[50, 16]
[53, 19]
[53, 89]
[53, 88]
[55, 21]
[55, 90]
[57, 23]
[57, 92]
[59, 25]
[59, 95]
[63, 64]
[63, 99]
[64, 65]
[64, 100]
[64, 99]
[65, 66]
[65, 100]
[66, 32]
[71, 72]
[71, 37]
[71, 107]
[72, 73]
[72, 107]
[75, 76]
[75, 110]
[78, 113]
[83, 84]
[83, 49]
[83, 118]
[84, 50]
[84, 120]
[88, 89]
[88, 124]
[89, 90]
[89, 55]
[89, 124]
[90, 126]
[92, 127]
[95, 96]
[96, 97]
[97, 63]
[99, 100]
[99, 65]
[100, 66]
[100, 136]
[107, 73]
[107, 143]
[107, 142]
[110, 76]
[113, 149]
[117, 118]
[117, 83]
[117, 152]
[118, 84]
[118, 154]
[120, 121]
[121, 122]
[122, 88]
[122, 158]
[124, 90]
[124, 159]
[126, 127]
[126, 92]
[136, 171]
[138, 174]
[138, 173]
[142, 143]
[147, 113]
[147, 183]
[149, 184]
[151, 152]
[151, 117]
[152, 118]
[152, 188]
[154, 120]
[154, 189]
[158, 159]
[158, 124]
[158, 193]
[171, 207]
[171, 206]
[173, 174]
[180, 215]
[183, 184]
[183, 149]
[183, 219]
[183, 218]
[184, 219]
[188, 189]
[188, 154]
[188, 223]
[191, 192]
[191, 227]
[192, 193]
[192, 158]
[192, 228]
[192, 227]
[193, 159]
[193, 229]
[193, 228]
[202, 203]
[203, 169]
[203, 239]
[206, 207]
[206, 242]
[207, 173]
[207, 242]
[213, 214]
[214, 215]
[214, 180]
[217, 218]
[217, 183]
[218, 219]
[218, 184]
[223, 189]
[227, 228]
[227, 193]
[228, 229]
[229, 230]
[230, 231]
[231, 197]
[239, 240]
[240, 206]
