[1, 2]
[1, 37]
[2, 37]
[5, 6]
[5, 40]
[6, 42]
[9, 10]
[9, 44]
[10, 11]
[10, 46]
[11, 46]
[18, 54]
[18, 53]
[21, 56]
[23, 24]
[23, 59]
[23, 58]
[24, 25]
[24, 60]
[24, 59]
[25, 61]
[25, 60]
[27, 28]
[27, 63]
[27, 62]
[28, 29]
[28, 64]
[28, 63]
[29, 30]
[29, 64]
[30, 31]
[30, 66]
[31, 67]
[31, 66]
[37, 72]
[40, 6]
[40, 76]
[40, 75]
[42, 77]
[44, 10]
[46, 82]
[46, 81]
[49, 85]
[49, 84]
[51, 52]
[52, 53]
[52, 18]
[53, 54]
[53, 89]
[54, 55]
[54, 90]
[54, 89]
[55, 56]
[55, 21]
[55, 90]
[56, 92]
[58, 59]
[58, 24]
[58, 94]
[59, 60]
[59, 25]
[59, 95]
[59, 94]
[60, 61]
[60, 95]
[61, 62]
[61, 27]
[61, 97]
[62, 63]
[62, 28]
[62, 97]
[63, 64]
[63, 29]
[64, 30]
[66, 67]
[69, 104]
[70, 71]
[70, 106]
[70, 105]
[71, 72]
[71, 37]
[71, 106]
[72, 108]
[74, 75]
[74, 40]
[74, 109]
[75, 76]
[75, 111]
[76, 77]
[76, 42]
[76, 111]
[81, 82]
[84, 85]
[84, 119]
[85, 51]
[89, 90]
[89, 55]
[89, 125]
[90, 56]
[90, 126]
[90, 125]
[92, 58]
[92, 127]
[94, 95]
[94, 60]
[94, 130]
[95, 61]
[95, 130]
[97, 63]
[97, 132]
[105, 106]
[105, 71]
[105, 140]
[106, 72]
[106, 142]
[108, 109]
[108, 74]
[108, 144]
[109, 75]
[109, 145]
[109, 144]
[111, 77]
[111, 147]
[111, 146]
[114, 149]
[119, 85]
[122, 158]
[122, 157]
[125, 126]
[125, 161]
[125, 160]
[126, 127]
[126, 92]
[126, 162]
[126, 161]
[127, 162]
[130, 166]
[132, 168]
[132, 167]
[136, 137]
[137, 138]
[137, 173]
[138, 104]
[138, 173]
[140, 106]
[140, 176]
[140, 175]
[142, 108]
[142, 178]
[142, 177]
[144, 145]
[144, 179]
[145, 146]
[145, 111]
[146, 147]
[147, 183]
[149, 184]
[151, 152]
[151, 187]
[151, 186]
[152, 153]
[152, 188]
[152, 187]
[153, 119]
[153, 188]
[156, 157]
[156, 122]
[156, 192]
[157, 158]
[157, 192]
[160, 161]
[160, 126]
[160, 196]
[160, 195]
[161, 162]
[161, 127]
[161, 196]
[166, 167]
[166, 132]
[166, 201]
[167, 168]
[170, 136]
[170, 206]
[173, 209]
[173, 208]
[175, 176]
[175, 210]
[176, 177]
[176, 142]
[177, 178]
[177, 213]
[178, 179]
[178, 144]
[178, 214]
[178, 213]
[179, 145]
[179, 215]
[179, 214]
[183, 184]
[183, 149]
[183, 218]
[184, 220]
[186, 187]
[186, 152]
[186, 221]
[187, 188]
[187, 153]
[187, 223]
[188, 223]
[192, 158]
[192, 227]
[195, 196]
[195, 161]
[195, 231]
[195, 230]
[196, 162]
[196, 231]
[199, 234]
[201, 167]
[201, 237]
[206, 207]
[206, 242]
[207, 208]
[207, 173]
[207, 242]
[208, 209]
[208, 244]
[209, 244]
[210, 176]
[213, 214]
[213, 179]
[214, 215]
[215, 216]
[218, 184]
[220, 221]
[220, 186]
[221, 187]
[226, 227]
[226, 192]
[229, 230]
[229, 195]
[230, 231]
[230, 196]
[239, 240]
[240, 206]
[242, 208]
