[2, 3]
[2, 37]
[9, 10]
[9, 45]
[10, 11]
[10, 45]
[11, 12]
[11, 47]
[12, 48]
[12, 47]
[15, 51]
[15, 50]
[20, 21]
[21, 57]
[23, 59]
[25, 61]
[25, 60]
[31, 32]
[31, 67]
[31, 66]
[32, 33]
[32, 68]
[32, 67]
[33, 68]
[36, 37]
[36, 2]
[36, 71]
[37, 3]
[37, 73]
[40, 41]
[40, 76]
[41, 42]
[41, 77]
[41, 76]
[42, 43]
[42, 77]
[43, 9]
[43, 79]
[45, 11]
[45, 81]
[45, 80]
[47, 48]
[47, 83]
[48, 49]
[48, 84]
[48, 83]
[49, 50]
[49, 15]
[49, 84]
[50, 51]
[50, 86]
[51, 86]
[54, 20]
[57, 23]
[59, 60]
[59, 25]
[59, 95]
[59, 94]
[60, 61]
[60, 95]
[64, 100]
[64, 99]
[66, 67]
[66, 32]
[66, 101]
[67, 68]
[67, 33]
[71, 37]
[71, 106]
[73, 108]
[76, 77]
[76, 42]
[76, 112]
[76, 111]
[77, 43]
[77, 113]
[77, 112]
[79, 80]
[79, 45]
[79, 115]
[79, 114]
[80, 81]
[80, 115]
[81, 47]
[81, 117]
[83, 84]
[83, 49]
[83, 119]
[84, 50]
[84, 119]
[88, 54]
[88, 123]
[94, 95]
[94, 60]
[94, 129]
[95, 61]
[99, 100]
[99, 135]
[100, 101]
[100, 66]
[100, 135]
[101, 67]
[106, 142]
[108, 143]
[110, 111]
[110, 76]
[111, 112]
[111, 77]
[111, 147]
[112, 113]
[112, 147]
[113, 114]
[113, 79]
[114, 115]
[114, 80]
[114, 150]
[115, 81]
[115, 150]
[117, 83]
[117, 152]
[119, 155]
[123, 158]
[125, 126]
[126, 127]
[127, 128]
[128, 129]
[128, 94]
[128, 164]
[129, 95]
[129, 164]
[135, 101]
[142, 143]
[142, 108]
[142, 177]
[147, 113]
[150, 185]
[155, 156]
[156, 192]
[158, 194]
[164, 199]
[166, 132]
[166, 202]
[176, 177]
[176, 142]
[176, 211]
[177, 143]
[177, 213]
[184, 185]
[184, 150]
[185, 221]
[192, 158]
[192, 228]
[194, 229]
[196, 197]
[197, 198]
[197, 233]
[198, 199]
[198, 164]
[198, 233]
[202, 203]
[208, 244]
[211, 177]
[226, 192]
[228, 229]
[228, 194]
[233, 199]
[236, 202]
[242, 208]
