[0, 36]
[0, 35]
[2, 38]
[6, 7]
[12, 48]
[14, 49]
[23, 58]
[25, 26]
[25, 61]
[25, 60]
[26, 27]
[26, 62]
[26, 61]
[27, 62]
[31, 66]
[33, 34]
[33, 68]
[35, 36]
[36, 2]
[38, 39]
[38, 74]
[38, 73]
[39, 74]
[48, 49]
[48, 14]
[48, 83]
[53, 89]
[60, 61]
[60, 26]
[61, 62]
[61, 27]
[62, 98]
[64, 100]
[66, 102]
[68, 34]
[68, 104]
[68, 103]
[73, 74]
[73, 39]
[73, 108]
[78, 44]
[78, 113]
[81, 82]
[82, 83]
[82, 48]
[82, 118]
[83, 49]
[83, 119]
[83, 118]
[89, 55]
[92, 58]
[92, 127]
[98, 64]
[98, 134]
[98, 133]
[100, 66]
[102, 103]
[102, 68]
[102, 138]
[103, 104]
[103, 138]
[105, 106]
[105, 141]
[106, 141]
[108, 74]
[108, 143]
[113, 149]
[113, 148]
[115, 81]
[115, 151]
[118, 119]
[118, 154]
[118, 153]
[119, 120]
[119, 155]
[119, 154]
[120, 156]
[120, 155]
[122, 157]
[127, 162]
[129, 130]
[130, 166]
[133, 134]
[134, 100]
[134, 170]
[138, 104]
[138, 173]
[141, 177]
[141, 176]
[143, 178]
[146, 182]
[146, 181]
[148, 149]
[148, 183]
[149, 115]
[151, 187]
[153, 154]
[153, 119]
[153, 189]
[153, 188]
[154, 155]
[154, 120]
[154, 189]
[155, 156]
[156, 157]
[156, 122]
[156, 192]
[157, 193]
[157, 192]
[161, 162]
[161, 127]
[173, 209]
[173, 208]
[176, 177]
[176, 212]
[177, 178]
[177, 143]
[177, 212]
[178, 214]
[181, 182]
[181, 217]
[181, 216]
[182, 183]
[182, 148]
[182, 217]
[183, 149]
[183, 219]
[187, 188]
[187, 153]
[188, 189]
[188, 154]
[188, 224]
[189, 155]
[189, 224]
[192, 193]
[192, 228]
[193, 159]
[193, 228]
[199, 200]
[199, 235]
[199, 234]
[200, 166]
[200, 235]
[203, 204]
[203, 239]
[204, 170]
[204, 239]
[207, 208]
[207, 173]
[207, 243]
[208, 209]
[208, 244]
[208, 243]
[209, 244]
[210, 176]
[212, 178]
[214, 215]
[215, 216]
[215, 181]
[216, 217]
[216, 182]
[217, 183]
[219, 220]
[220, 221]
[221, 187]
[233, 234]
[233, 199]
[234, 235]
[234, 200]
[237, 203]
[241, 207]
[243, 244]
[243, 209]
