[0, 1]
[0, 36]
[1, 37]
[1, 36]
[5, 6]
[5, 40]
[6, 7]
[7, 43]
[10, 11]
[10, 46]
[11, 12]
[11, 46]
[12, 48]
[16, 52]
[20, 21]
[21, 57]
[23, 58]
[25, 26]
[25, 60]
[26, 27]
[27, 28]
[28, 29]
[28, 64]
[29, 30]
[29, 64]
[30, 66]
[33, 69]
[33, 68]
[36, 37]
[36, 72]
[37, 72]
[39, 40]
[39, 5]
[39, 75]
[39, 74]
[40, 6]
[40, 75]
[43, 44]
[43, 79]
[43, 78]
[44, 10]
[44, 80]
[44, 79]
[46, 12]
[46, 82]
[46, 81]
[48, 49]
[48, 84]
[48, 83]
[49, 85]
[49, 84]
[52, 88]
[52, 87]
[57, 58]
[57, 23]
[57, 93]
[57, 92]
[58, 93]
[60, 26]
[60, 95]
[64, 30]
[64, 99]
[66, 67]
[66, 102]
[66, 101]
[67, 68]
[67, 33]
[67, 102]
[68, 69]
[68, 104]
[69, 104]
[70, 36]
[70, 106]
[70, 105]
[74, 75]
[74, 40]
[74, 110]
[74, 109]
[75, 110]
[77, 78]
[77, 43]
[77, 113]
[78, 79]
[78, 44]
[78, 113]
[79, 80]
[79, 115]
[80, 81]
[80, 46]
[80, 115]
[81, 82]
[82, 83]
[82, 48]
[82, 118]
[83, 84]
[83, 49]
[83, 118]
[84, 85]
[85, 86]
[86, 87]
[86, 52]
[86, 122]
[87, 88]
[87, 122]
[88, 124]
[90, 126]
[92, 93]
[92, 58]
[92, 127]
[93, 129]
[95, 131]
[97, 132]
[99, 135]
[101, 102]
[101, 67]
[102, 68]
[102, 138]
[105, 106]
[105, 140]
[106, 72]
[109, 110]
[109, 75]
[109, 145]
[109, 144]
[110, 145]
[113, 79]
[113, 149]
[113, 148]
[115, 81]
[115, 150]
[118, 84]
[118, 154]
[122, 88]
[124, 90]
[124, 160]
[124, 159]
[126, 127]
[126, 92]
[126, 162]
[127, 93]
[127, 163]
[127, 162]
[129, 95]
[131, 132]
[131, 97]
[131, 166]
[135, 101]
[135, 171]
[138, 104]
[138, 174]
[140, 106]
[140, 176]
[140, 175]
[143, 144]
[143, 109]
[143, 178]
[144, 145]
[144, 110]
[144, 180]
[145, 180]
[148, 149]
[148, 184]
[149, 150]
[149, 115]
[149, 184]
[154, 190]
[154, 189]
[156, 122]
[159, 160]
[159, 195]
[159, 194]
[160, 126]
[160, 195]
[162, 163]
[162, 198]
[162, 197]
[163, 129]
[163, 199]
[163, 198]
[166, 132]
[166, 202]
[174, 209]
[175, 176]
[175, 211]
[175, 210]
[176, 177]
[176, 211]
[177, 178]
[177, 143]
[177, 213]
[178, 144]
[178, 214]
[178, 213]
[184, 150]
[189, 190]
[190, 156]
[190, 226]
[194, 195]
[194, 160]
[194, 230]
[194, 229]
[195, 231]
[195, 230]
[197, 198]
[197, 163]
[198, 199]
[199, 235]
[202, 238]
[209, 244]
[210, 211]
[210, 176]
[211, 177]
[213, 214]
[214, 180]
[217, 218]
[218, 184]
[226, 227]
[229, 230]
[229, 195]
[230, 231]
[231, 197]
[235, 236]
[236, 202]
[238, 204]
[242, 243]
[243, 244]
[243, 209]
