[1, 2]
[1, 37]
[1, 36]
[2, 3]
[2, 37]
[3, 4]
[3, 39]
[4, 40]
[4, 39]
[7, 43]
[7, 42]
[9, 45]
[12, 48]
[16, 51]
[18, 19]
[18, 54]
[19, 55]
[19, 54]
[21, 22]
[21, 57]
[21, 56]
[22, 58]
[22, 57]
[26, 62]
[26, 61]
[28, 64]
[28, 63]
[31, 32]
[31, 67]
[32, 68]
[32, 67]
[36, 37]
[36, 2]
[36, 71]
[37, 3]
[37, 73]
[39, 40]
[39, 74]
[40, 41]
[41, 42]
[41, 7]
[41, 77]
[42, 43]
[42, 78]
[42, 77]
[43, 9]
[43, 78]
[45, 81]
[45, 80]
[48, 14]
[48, 84]
[54, 55]
[55, 56]
[55, 21]
[55, 91]
[56, 57]
[56, 22]
[56, 92]
[56, 91]
[57, 58]
[57, 92]
[58, 94]
[61, 62]
[61, 97]
[61, 96]
[62, 63]
[62, 28]
[62, 97]
[63, 64]
[63, 99]
[64, 99]
[67, 68]
[67, 103]
[67, 102]
[68, 103]
[70, 71]
[70, 36]
[70, 105]
[71, 37]
[73, 74]
[73, 39]
[73, 109]
[74, 40]
[74, 110]
[74, 109]
[77, 78]
[77, 43]
[77, 112]
[80, 81]
[80, 116]
[80, 115]
[81, 116]
[84, 119]
[88, 54]
[88, 124]
[88, 123]
[91, 92]
[91, 57]
[91, 127]
[91, 126]
[92, 58]
[92, 127]
[94, 95]
[94, 129]
[95, 96]
[95, 61]
[96, 97]
[96, 62]
[96, 132]
[97, 63]
[97, 133]
[97, 132]
[99, 134]
[102, 103]
[102, 68]
[102, 137]
[105, 71]
[105, 141]
[109, 110]
[109, 145]
[109, 144]
[110, 111]
[110, 146]
[110, 145]
[111, 112]
[111, 77]
[111, 147]
[111, 146]
[112, 78]
[112, 147]
[115, 116]
[115, 81]
[115, 151]
[116, 151]
[118, 119]
[118, 84]
[118, 153]
[121, 122]
[121, 157]
[122, 123]
[122, 88]
[122, 157]
[123, 124]
[123, 159]
[124, 160]
[124, 159]
[126, 127]
[126, 92]
[126, 162]
[127, 162]
[129, 95]
[129, 165]
[132, 133]
[133, 134]
[133, 99]
[133, 169]
[134, 170]
[134, 169]
[136, 137]
[136, 102]
[136, 171]
[137, 103]
[141, 176]
[143, 144]
[143, 109]
[143, 179]
[144, 145]
[144, 110]
[144, 179]
[145, 146]
[145, 111]
[145, 181]
[146, 147]
[146, 112]
[146, 181]
[151, 187]
[151, 186]
[153, 119]
[153, 188]
[157, 123]
[157, 192]
[159, 160]
[159, 194]
[160, 126]
[165, 166]
[165, 201]
[166, 132]
[166, 202]
[166, 201]
[169, 170]
[169, 204]
[170, 171]
[170, 136]
[171, 137]
[171, 207]
[179, 145]
[179, 214]
[181, 147]
[181, 217]
[184, 185]
[184, 220]
[185, 186]
[185, 151]
[185, 221]
[185, 220]
[186, 187]
[186, 221]
[187, 188]
[187, 153]
[188, 224]
[191, 192]
[191, 157]
[191, 226]
[194, 160]
[194, 229]
[201, 202]
[202, 238]
[204, 170]
[204, 240]
[204, 239]
[207, 208]
[207, 243]
[207, 242]
[208, 209]
[208, 244]
[208, 243]
[209, 244]
[213, 214]
[213, 179]
[217, 218]
[218, 184]
[220, 221]
[220, 186]
[221, 187]
[226, 192]
[231, 232]
[232, 233]
[238, 239]
[238, 204]
[239, 240]
[242, 243]
[242, 208]
[243, 244]
[243, 209]
