[6, 42]
[6, 41]
[8, 44]
[8, 43]
[16, 17]
[16, 52]
[16, 51]
[17, 52]
[21, 22]
[21, 56]
[22, 23]
[26, 62]
[26, 61]
[28, 29]
[28, 64]
[29, 30]
[29, 64]
[35, 36]
[35, 70]
[36, 2]
[36, 72]
[40, 41]
[40, 6]
[40, 76]
[41, 42]
[41, 76]
[42, 43]
[42, 8]
[43, 44]
[44, 10]
[44, 80]
[49, 85]
[49, 84]
[51, 52]
[51, 17]
[51, 86]
[52, 88]
[56, 22]
[61, 62]
[61, 96]
[62, 28]
[62, 98]
[64, 30]
[64, 99]
[67, 103]
[67, 102]
[70, 36]
[72, 108]
[72, 107]
[76, 42]
[76, 112]
[80, 81]
[84, 85]
[85, 86]
[85, 51]
[85, 121]
[86, 52]
[86, 121]
[88, 123]
[90, 56]
[93, 129]
[93, 128]
[96, 62]
[98, 99]
[98, 64]
[98, 134]
[98, 133]
[99, 134]
[101, 102]
[101, 67]
[101, 136]
[102, 103]
[103, 104]
[103, 139]
[104, 139]
[107, 108]
[107, 142]
[108, 109]
[112, 148]
[112, 147]
[123, 159]
[123, 158]
[128, 129]
[129, 165]
[133, 134]
[133, 99]
[134, 170]
[136, 102]
[136, 171]
[139, 174]
[140, 175]
[142, 108]
[142, 177]
[147, 148]
[147, 182]
[148, 149]
[148, 184]
[149, 185]
[149, 184]
[151, 152]
[151, 186]
[152, 188]
[155, 121]
[155, 191]
[155, 190]
[158, 159]
[170, 171]
[170, 136]
[171, 207]
[173, 174]
[173, 139]
[175, 210]
[177, 213]
[177, 212]
[180, 181]
[180, 216]
[180, 215]
[181, 182]
[181, 147]
[181, 217]
[181, 216]
[182, 148]
[182, 217]
[184, 185]
[184, 220]
[185, 186]
[185, 151]
[185, 221]
[185, 220]
[186, 152]
[186, 222]
[186, 221]
[188, 223]
[190, 191]
[190, 225]
[191, 227]
[196, 232]
[196, 231]
[202, 237]
[207, 173]
[207, 242]
[212, 213]
[213, 214]
[214, 215]
[214, 180]
[215, 216]
[215, 181]
[216, 217]
[216, 182]
[220, 221]
[220, 186]
[221, 222]
[222, 223]
[222, 188]
[225, 191]
[227, 228]
[228, 229]
[231, 232]
[239, 240]
[240, 241]
[241, 242]
[241, 207]
