[2, 3]
[2, 38]
[3, 39]
[3, 38]
[6, 41]
[9, 10]
[9, 44]
[10, 46]
[12, 13]
[12, 47]
[13, 49]
[15, 16]
[15, 51]
[15, 50]
[16, 51]
[18, 54]
[21, 22]
[21, 57]
[21, 56]
[22, 23]
[22, 58]
[22, 57]
[23, 58]
[26, 62]
[26, 61]
[29, 30]
[29, 65]
[29, 64]
[30, 66]
[30, 65]
[32, 33]
[32, 68]
[33, 34]
[33, 69]
[33, 68]
[34, 69]
[35, 36]
[35, 71]
[35, 70]
[36, 2]
[36, 72]
[36, 71]
[38, 39]
[38, 73]
[41, 76]
[43, 44]
[43, 9]
[44, 10]
[46, 47]
[46, 12]
[46, 82]
[47, 13]
[47, 82]
[49, 50]
[49, 15]
[49, 84]
[50, 51]
[50, 16]
[54, 90]
[56, 57]
[56, 22]
[56, 91]
[57, 58]
[57, 23]
[60, 61]
[60, 26]
[60, 96]
[61, 62]
[61, 96]
[62, 63]
[62, 98]
[63, 64]
[63, 29]
[63, 99]
[63, 98]
[64, 65]
[64, 30]
[64, 99]
[65, 66]
[65, 101]
[66, 32]
[66, 102]
[66, 101]
[68, 69]
[68, 34]
[68, 104]
[69, 104]
[70, 71]
[70, 36]
[70, 106]
[70, 105]
[71, 72]
[71, 107]
[71, 106]
[72, 73]
[72, 38]
[72, 107]
[73, 39]
[76, 112]
[82, 117]
[84, 50]
[84, 120]
[90, 91]
[90, 56]
[90, 126]
[91, 57]
[91, 126]
[96, 62]
[96, 132]
[98, 99]
[98, 64]
[98, 133]
[99, 65]
[101, 102]
[101, 136]
[102, 68]
[104, 139]
[105, 106]
[105, 71]
[105, 141]
[106, 107]
[106, 72]
[106, 142]
[106, 141]
[107, 73]
[107, 143]
[107, 142]
[110, 76]
[110, 146]
[112, 113]
[112, 148]
[113, 114]
[113, 149]
[113, 148]
[114, 115]
[114, 149]
[115, 116]
[115, 151]
[116, 117]
[116, 82]
[116, 152]
[116, 151]
[117, 153]
[117, 152]
[120, 156]
[120, 155]
[122, 123]
[122, 158]
[122, 157]
[123, 158]
[126, 162]
[126, 161]
[128, 164]
[128, 163]
[132, 133]
[132, 98]
[133, 99]
[133, 169]
[136, 102]
[136, 172]
[136, 171]
[141, 142]
[141, 107]
[141, 177]
[141, 176]
[142, 143]
[142, 177]
[146, 112]
[146, 182]
[148, 149]
[148, 114]
[148, 184]
[149, 115]
[149, 184]
[151, 152]
[151, 117]
[151, 186]
[152, 153]
[153, 154]
[154, 155]
[154, 120]
[154, 190]
[155, 156]
[155, 190]
[156, 157]
[156, 122]
[157, 158]
[157, 123]
[157, 193]
[158, 194]
[158, 193]
[160, 161]
[160, 126]
[160, 196]
[161, 162]
[161, 197]
[161, 196]
[162, 163]
[162, 128]
[162, 197]
[163, 164]
[163, 199]
[164, 165]
[164, 200]
[164, 199]
[165, 200]
[169, 170]
[169, 205]
[169, 204]
[170, 171]
[170, 136]
[170, 206]
[170, 205]
[171, 172]
[171, 207]
[171, 206]
[172, 173]
[172, 207]
[173, 139]
[176, 177]
[176, 142]
[176, 212]
[176, 211]
[177, 143]
[177, 213]
[177, 212]
[180, 146]
[180, 216]
[180, 215]
[182, 148]
[182, 218]
[182, 217]
[184, 219]
[186, 152]
[186, 222]
[186, 221]
[190, 156]
[190, 226]
[193, 194]
[193, 229]
[193, 228]
[194, 160]
[194, 229]
[196, 197]
[196, 162]
[196, 232]
[196, 231]
[197, 163]
[197, 232]
[199, 200]
[199, 165]
[199, 235]
[199, 234]
[200, 235]
[203, 204]
[203, 169]
[203, 239]
[204, 205]
[204, 170]
[204, 240]
[204, 239]
[205, 206]
[205, 171]
[205, 240]
[206, 207]
[206, 172]
[207, 173]
[207, 243]
[210, 211]
[210, 176]
[211, 212]
[211, 177]
[212, 213]
[215, 216]
[216, 217]
[216, 182]
[217, 218]
[218, 219]
[218, 184]
[221, 222]
[222, 223]
[223, 224]
[224, 190]
[226, 227]
[227, 228]
[227, 193]
[228, 229]
[228, 194]
[231, 232]
[231, 197]
[234, 235]
[234, 200]
[237, 203]
[239, 240]
[239, 205]
[240, 206]
