[0, 36]
[0, 35]
[2, 37]
[5, 40]
[7, 8]
[7, 42]
[12, 48]
[14, 49]
[16, 51]
[19, 20]
[19, 55]
[20, 21]
[20, 56]
[20, 55]
[21, 22]
[21, 56]
[29, 30]
[30, 31]
[30, 66]
[31, 67]
[31, 66]
[35, 36]
[36, 37]
[36, 2]
[36, 72]
[37, 73]
[37, 72]
[42, 8]
[48, 49]
[48, 14]
[48, 83]
[49, 85]
[51, 87]
[55, 56]
[55, 21]
[56, 22]
[59, 60]
[66, 67]
[66, 102]
[67, 68]
[67, 102]
[68, 34]
[68, 104]
[72, 73]
[79, 115]
[81, 82]
[81, 116]
[82, 83]
[82, 48]
[83, 49]
[85, 51]
[85, 120]
[87, 123]
[89, 55]
[89, 125]
[97, 98]
[98, 134]
[102, 68]
[105, 106]
[106, 72]
[106, 142]
[112, 113]
[112, 148]
[112, 147]
[113, 79]
[113, 149]
[113, 148]
[115, 116]
[115, 81]
[115, 151]
[116, 82]
[116, 151]
[120, 155]
[123, 89]
[123, 159]
[125, 126]
[125, 161]
[126, 161]
[147, 148]
[147, 113]
[147, 183]
[147, 182]
[148, 149]
[148, 183]
[149, 115]
[151, 187]
[153, 154]
[153, 188]
[154, 155]
[154, 120]
[155, 191]
[157, 123]
[157, 193]
[159, 125]
[159, 195]
[165, 166]
[165, 201]
[166, 201]
[168, 134]
[168, 203]
[171, 172]
[171, 206]
[172, 173]
[179, 180]
[182, 183]
[182, 148]
[182, 218]
[182, 217]
[183, 149]
[183, 219]
[183, 218]
[187, 188]
[187, 153]
[188, 154]
[188, 224]
[191, 157]
[191, 227]
[193, 159]
[195, 161]
[195, 230]
[198, 233]
[201, 236]
[203, 239]
[206, 172]
[206, 242]
[213, 179]
[217, 218]
[217, 183]
[218, 219]
[219, 220]
[227, 193]
[239, 240]
[240, 206]
