[1, 2]
[1, 36]
[2, 38]
[4, 5]
[4, 39]
[5, 41]
[14, 15]
[14, 50]
[15, 51]
[15, 50]
[17, 52]
[23, 24]
[23, 58]
[24, 25]
[24, 60]
[25, 26]
[25, 60]
[33, 34]
[33, 68]
[36, 2]
[36, 72]
[38, 39]
[38, 4]
[38, 73]
[39, 5]
[41, 42]
[41, 77]
[42, 78]
[42, 77]
[50, 51]
[50, 86]
[50, 85]
[51, 52]
[51, 17]
[51, 86]
[57, 58]
[57, 23]
[57, 93]
[57, 92]
[58, 24]
[58, 94]
[58, 93]
[60, 26]
[60, 96]
[68, 34]
[70, 36]
[72, 73]
[72, 38]
[72, 107]
[73, 39]
[73, 109]
[77, 78]
[78, 79]
[78, 114]
[79, 80]
[79, 114]
[80, 116]
[85, 86]
[85, 51]
[85, 121]
[86, 52]
[86, 121]
[89, 55]
[89, 125]
[89, 124]
[92, 93]
[92, 58]
[92, 127]
[93, 94]
[93, 129]
[94, 60]
[94, 129]
[96, 97]
[107, 73]
[109, 110]
[109, 145]
[109, 144]
[110, 146]
[110, 145]
[114, 80]
[119, 85]
[121, 157]
[121, 156]
[124, 125]
[125, 126]
[125, 161]
[126, 127]
[126, 92]
[126, 161]
[127, 93]
[129, 164]
[138, 139]
[138, 174]
[139, 174]
[140, 141]
[141, 107]
[141, 177]
[144, 145]
[144, 110]
[144, 180]
[145, 146]
[145, 181]
[145, 180]
[146, 181]
[156, 157]
[156, 192]
[157, 192]
[161, 127]
[166, 202]
[166, 201]
[169, 170]
[177, 212]
[180, 181]
[180, 146]
[180, 215]
[192, 228]
[195, 161]
[198, 164]
[201, 202]
[202, 203]
[202, 238]
[203, 169]
[203, 238]
[211, 212]
[211, 177]
[214, 215]
[214, 180]
[215, 181]
[240, 241]
[241, 242]
[242, 243]
[243, 244]
