[0, 1]
[0, 35]
[1, 2]
[1, 37]
[2, 38]
[2, 37]
[10, 11]
[10, 46]
[10, 45]
[11, 47]
[11, 46]
[13, 14]
[13, 49]
[14, 15]
[14, 50]
[14, 49]
[15, 51]
[15, 50]
[17, 18]
[17, 53]
[18, 53]
[23, 58]
[27, 28]
[28, 29]
[29, 65]
[31, 67]
[31, 66]
[35, 1]
[37, 38]
[37, 73]
[38, 39]
[38, 74]
[38, 73]
[39, 40]
[39, 74]
[40, 6]
[44, 45]
[44, 10]
[44, 80]
[44, 79]
[45, 46]
[45, 11]
[45, 81]
[45, 80]
[46, 47]
[46, 82]
[46, 81]
[47, 13]
[47, 83]
[47, 82]
[49, 50]
[49, 15]
[49, 85]
[50, 51]
[50, 85]
[51, 17]
[51, 87]
[58, 93]
[65, 66]
[65, 31]
[65, 100]
[66, 67]
[66, 102]
[67, 102]
[73, 74]
[73, 39]
[73, 109]
[74, 40]
[74, 110]
[74, 109]
[77, 113]
[77, 112]
[79, 80]
[79, 45]
[79, 115]
[80, 81]
[80, 46]
[80, 115]
[81, 82]
[81, 47]
[82, 83]
[82, 118]
[83, 49]
[83, 119]
[83, 118]
[85, 51]
[85, 120]
[87, 53]
[87, 123]
[93, 129]
[96, 131]
[99, 100]
[99, 65]
[99, 135]
[99, 134]
[100, 66]
[100, 135]
[102, 138]
[102, 137]
[105, 141]
[105, 140]
[109, 110]
[109, 144]
[110, 111]
[111, 112]
[111, 77]
[112, 113]
[112, 148]
[113, 79]
[113, 148]
[115, 81]
[118, 119]
[118, 154]
[119, 120]
[119, 85]
[119, 155]
[119, 154]
[120, 155]
[123, 159]
[127, 93]
[127, 162]
[131, 167]
[131, 166]
[134, 135]
[134, 100]
[134, 170]
[135, 170]
[137, 138]
[138, 139]
[138, 174]
[139, 174]
[140, 141]
[141, 177]
[143, 144]
[143, 109]
[144, 110]
[148, 184]
[148, 183]
[152, 118]
[152, 188]
[152, 187]
[154, 155]
[154, 120]
[155, 191]
[159, 125]
[159, 194]
[162, 197]
[166, 167]
[166, 202]
[166, 201]
[167, 203]
[167, 202]
[170, 206]
[170, 205]
[174, 209]
[177, 143]
[177, 212]
[183, 184]
[184, 220]
[187, 188]
[187, 223]
[188, 154]
[188, 223]
[191, 192]
[191, 227]
[191, 226]
[192, 228]
[192, 227]
[194, 230]
[200, 201]
[200, 166]
[201, 202]
[201, 167]
[202, 203]
[202, 238]
[203, 238]
[205, 206]
[205, 240]
[206, 207]
[206, 242]
[207, 243]
[207, 242]
[220, 221]
[221, 187]
[225, 226]
[225, 191]
[226, 227]
[226, 192]
[227, 228]
[228, 194]
[230, 231]
[231, 197]
[234, 200]
[240, 206]
[242, 243]
[243, 209]
