[2, 3]
[2, 38]
[2, 37]
[3, 38]
[6, 42]
[6, 41]
[9, 10]
[9, 45]
[10, 46]
[10, 45]
[25, 61]
[33, 34]
[35, 71]
[35, 70]
[37, 38]
[37, 3]
[38, 74]
[41, 42]
[42, 78]
[45, 46]
[46, 47]
[46, 82]
[47, 82]
[49, 15]
[57, 23]
[57, 92]
[61, 96]
[66, 102]
[70, 71]
[70, 106]
[70, 105]
[71, 37]
[71, 106]
[78, 79]
[78, 114]
[79, 45]
[79, 114]
[82, 118]
[86, 87]
[87, 88]
[88, 89]
[91, 92]
[91, 57]
[92, 128]
[96, 131]
[100, 66]
[100, 136]
[100, 135]
[102, 103]
[102, 137]
[105, 106]
[105, 71]
[105, 140]
[106, 142]
[111, 147]
[111, 146]
[118, 119]
[128, 164]
[131, 167]
[135, 136]
[135, 170]
[136, 137]
[136, 102]
[137, 103]
[137, 173]
[140, 106]
[140, 176]
[142, 143]
[143, 144]
[146, 147]
[146, 182]
[146, 181]
[147, 182]
[159, 160]
[159, 194]
[160, 196]
[164, 200]
[164, 199]
[167, 202]
[170, 136]
[170, 206]
[176, 142]
[181, 182]
[181, 147]
[181, 217]
[181, 216]
[182, 218]
[182, 217]
[184, 219]
[188, 189]
[188, 223]
[191, 227]
[191, 226]
[193, 194]
[193, 159]
[194, 160]
[194, 230]
[196, 231]
[199, 200]
[199, 235]
[199, 234]
[200, 201]
[200, 235]
[201, 202]
[201, 167]
[201, 237]
[202, 237]
[206, 242]
[206, 241]
[216, 217]
[216, 182]
[217, 218]
[218, 219]
[218, 184]
[223, 189]
[226, 227]
[227, 193]
[230, 231]
[230, 196]
[234, 235]
[234, 200]
[235, 201]
[241, 242]
