[5, 6]
[5, 41]
[6, 41]
[11, 47]
[11, 46]
[13, 14]
[14, 50]
[16, 51]
[22, 23]
[27, 28]
[28, 64]
[30, 31]
[30, 66]
[31, 66]
[35, 36]
[35, 71]
[36, 37]
[36, 71]
[37, 3]
[41, 77]
[41, 76]
[43, 44]
[46, 47]
[46, 81]
[47, 13]
[47, 83]
[50, 51]
[50, 16]
[50, 86]
[50, 85]
[51, 86]
[53, 19]
[56, 22]
[64, 30]
[66, 101]
[71, 37]
[71, 107]
[75, 76]
[75, 41]
[76, 77]
[77, 43]
[81, 47]
[81, 117]
[81, 116]
[83, 84]
[83, 119]
[84, 85]
[84, 50]
[84, 120]
[84, 119]
[85, 86]
[85, 51]
[85, 120]
[86, 122]
[90, 56]
[90, 126]
[93, 129]
[93, 128]
[98, 64]
[98, 133]
[101, 137]
[101, 136]
[103, 139]
[107, 143]
[109, 75]
[116, 117]
[116, 152]
[117, 83]
[117, 152]
[119, 120]
[119, 85]
[119, 155]
[120, 86]
[120, 155]
[122, 123]
[122, 158]
[122, 157]
[123, 124]
[123, 159]
[123, 158]
[124, 90]
[124, 160]
[124, 159]
[126, 127]
[126, 161]
[127, 128]
[127, 93]
[128, 129]
[128, 164]
[129, 130]
[129, 164]
[133, 168]
[135, 136]
[135, 101]
[135, 170]
[136, 137]
[137, 103]
[139, 174]
[140, 141]
[140, 176]
[141, 107]
[141, 176]
[143, 109]
[143, 178]
[146, 147]
[152, 188]
[152, 187]
[157, 158]
[157, 123]
[158, 159]
[158, 124]
[159, 160]
[160, 161]
[160, 126]
[161, 127]
[164, 130]
[164, 200]
[168, 204]
[168, 203]
[170, 136]
[170, 206]
[170, 205]
[174, 209]
[176, 212]
[176, 211]
[178, 213]
[180, 146]
[187, 188]
[187, 223]
[188, 223]
[200, 201]
[200, 235]
[201, 202]
[201, 237]
[202, 203]
[202, 168]
[202, 237]
[203, 204]
[204, 205]
[204, 170]
[204, 240]
[205, 206]
[205, 241]
[205, 240]
[206, 241]
[209, 244]
[211, 212]
[212, 213]
[212, 178]
[234, 235]
[234, 200]
[235, 201]
[237, 203]
[240, 241]
[240, 206]
