[6, 7]
[6, 42]
[7, 43]
[7, 42]
[10, 11]
[10, 45]
[13, 14]
[24, 25]
[25, 26]
[26, 27]
[27, 28]
[28, 29]
[28, 64]
[29, 64]
[31, 32]
[31, 67]
[32, 68]
[32, 67]
[34, 69]
[35, 36]
[35, 71]
[36, 37]
[36, 71]
[39, 40]
[39, 75]
[39, 74]
[40, 6]
[40, 76]
[40, 75]
[42, 43]
[45, 11]
[45, 81]
[45, 80]
[55, 56]
[58, 24]
[58, 94]
[67, 68]
[67, 102]
[68, 69]
[68, 34]
[71, 37]
[71, 107]
[74, 75]
[74, 40]
[75, 76]
[76, 42]
[76, 112]
[80, 81]
[80, 115]
[85, 86]
[85, 120]
[94, 130]
[97, 98]
[98, 64]
[98, 134]
[101, 102]
[101, 67]
[102, 68]
[102, 138]
[107, 108]
[107, 143]
[107, 142]
[108, 74]
[108, 143]
[112, 148]
[112, 147]
[114, 115]
[114, 80]
[114, 149]
[115, 81]
[118, 154]
[120, 86]
[125, 160]
[128, 94]
[130, 166]
[130, 165]
[134, 135]
[134, 170]
[135, 101]
[135, 170]
[138, 139]
[138, 174]
[138, 173]
[139, 174]
[140, 141]
[140, 176]
[141, 142]
[141, 107]
[141, 176]
[142, 143]
[142, 108]
[143, 179]
[147, 148]
[147, 182]
[148, 149]
[148, 114]
[149, 115]
[149, 185]
[154, 120]
[154, 190]
[160, 196]
[165, 166]
[165, 201]
[165, 200]
[166, 167]
[166, 202]
[166, 201]
[167, 203]
[167, 202]
[170, 206]
[173, 174]
[173, 139]
[176, 142]
[176, 212]
[176, 211]
[179, 145]
[179, 215]
[182, 148]
[182, 218]
[182, 217]
[187, 222]
[190, 225]
[193, 228]
[196, 197]
[196, 231]
[197, 233]
[200, 201]
[200, 166]
[200, 236]
[200, 235]
[201, 202]
[201, 167]
[201, 236]
[202, 203]
[202, 238]
[203, 238]
[206, 241]
[210, 211]
[210, 176]
[211, 212]
[212, 213]
[213, 179]
[217, 218]
[218, 219]
[219, 185]
[224, 225]
[224, 190]
[227, 228]
[227, 193]
[231, 197]
[235, 236]
[235, 201]
[236, 202]
