[0, 1]
[0, 36]
[1, 2]
[1, 36]
[2, 38]
[6, 41]
[10, 45]
[17, 53]
[17, 52]
[19, 20]
[19, 55]
[19, 54]
[20, 21]
[20, 56]
[20, 55]
[21, 57]
[21, 56]
[27, 28]
[28, 29]
[33, 34]
[33, 68]
[36, 2]
[36, 71]
[38, 39]
[38, 74]
[39, 75]
[39, 74]
[41, 76]
[43, 79]
[43, 78]
[49, 50]
[49, 85]
[50, 85]
[52, 53]
[52, 88]
[53, 54]
[53, 19]
[53, 88]
[54, 55]
[54, 20]
[55, 56]
[55, 21]
[55, 91]
[56, 57]
[56, 92]
[56, 91]
[57, 93]
[57, 92]
[66, 101]
[68, 34]
[68, 104]
[74, 75]
[74, 109]
[75, 76]
[75, 41]
[76, 112]
[78, 79]
[78, 114]
[79, 45]
[79, 114]
[85, 121]
[88, 54]
[91, 92]
[91, 57]
[92, 93]
[93, 59]
[101, 137]
[101, 136]
[109, 75]
[112, 78]
[112, 147]
[117, 118]
[117, 153]
[118, 153]
[121, 157]
[125, 91]
[130, 166]
[132, 168]
[132, 167]
[136, 137]
[143, 109]
[143, 178]
[146, 147]
[146, 112]
[146, 182]
[146, 181]
[147, 182]
[151, 117]
[153, 189]
[157, 192]
[159, 125]
[159, 194]
[162, 163]
[162, 197]
[166, 167]
[166, 132]
[166, 202]
[167, 168]
[167, 202]
[168, 169]
[169, 170]
[170, 136]
[176, 177]
[177, 178]
[177, 143]
[178, 214]
[181, 182]
[181, 147]
[185, 151]
[185, 221]
[191, 192]
[191, 157]
[194, 230]
[196, 197]
[196, 162]
[197, 163]
[202, 168]
[202, 238]
[202, 237]
[214, 215]
[215, 181]
[221, 222]
[230, 196]
[234, 235]
[237, 238]
[238, 239]
