[0, 1]
[0, 36]
[0, 35]
[1, 2]
[1, 37]
[1, 36]
[2, 37]
[4, 39]
[7, 8]
[7, 43]
[8, 43]
[11, 12]
[11, 46]
[12, 48]
[14, 50]
[16, 17]
[16, 51]
[17, 18]
[17, 53]
[18, 53]
[21, 22]
[21, 57]
[22, 58]
[22, 57]
[24, 60]
[30, 31]
[30, 65]
[31, 67]
[35, 36]
[35, 1]
[35, 71]
[36, 37]
[36, 2]
[36, 72]
[36, 71]
[37, 73]
[37, 72]
[39, 74]
[41, 7]
[41, 76]
[46, 12]
[46, 82]
[48, 14]
[48, 84]
[50, 51]
[50, 16]
[51, 17]
[51, 87]
[53, 89]
[55, 21]
[57, 58]
[57, 93]
[57, 92]
[58, 24]
[58, 94]
[58, 93]
[60, 96]
[60, 95]
[62, 98]
[62, 97]
[65, 31]
[65, 101]
[65, 100]
[67, 103]
[71, 72]
[71, 37]
[72, 73]
[72, 108]
[73, 74]
[73, 39]
[73, 108]
[76, 112]
[76, 111]
[82, 48]
[82, 118]
[84, 50]
[84, 120]
[84, 119]
[87, 53]
[87, 123]
[87, 122]
[89, 55]
[89, 125]
[92, 93]
[92, 58]
[92, 127]
[93, 94]
[93, 129]
[94, 95]
[94, 60]
[94, 129]
[95, 96]
[95, 131]
[96, 97]
[96, 62]
[96, 132]
[96, 131]
[97, 98]
[97, 133]
[97, 132]
[98, 99]
[98, 133]
[99, 100]
[99, 65]
[99, 135]
[100, 101]
[100, 136]
[100, 135]
[101, 67]
[101, 137]
[101, 136]
[103, 138]
[105, 71]
[108, 74]
[108, 143]
[111, 112]
[112, 113]
[113, 149]
[116, 82]
[116, 151]
[118, 119]
[118, 84]
[119, 120]
[119, 155]
[120, 156]
[120, 155]
[122, 123]
[122, 157]
[123, 89]
[125, 126]
[125, 161]
[125, 160]
[126, 127]
[126, 92]
[126, 161]
[127, 93]
[129, 95]
[129, 164]
[131, 132]
[131, 97]
[132, 133]
[132, 98]
[133, 99]
[135, 136]
[135, 101]
[135, 170]
[136, 137]
[137, 138]
[137, 103]
[143, 179]
[149, 184]
[151, 187]
[155, 156]
[155, 191]
[156, 157]
[156, 122]
[156, 191]
[157, 123]
[157, 193]
[160, 161]
[160, 126]
[160, 196]
[161, 127]
[161, 197]
[161, 196]
[164, 200]
[170, 136]
[170, 206]
[170, 205]
[177, 143]
[177, 213]
[179, 180]
[179, 215]
[180, 216]
[180, 215]
[182, 217]
[189, 155]
[189, 225]
[191, 157]
[193, 229]
[193, 228]
[196, 197]
[196, 232]
[196, 231]
[197, 198]
[197, 233]
[197, 232]
[198, 164]
[198, 234]
[198, 233]
[200, 236]
[202, 238]
[202, 237]
[204, 205]
[204, 170]
[204, 239]
[205, 206]
[205, 241]
[206, 207]
[206, 242]
[206, 241]
[207, 208]
[207, 243]
[207, 242]
[208, 243]
[213, 179]
[215, 216]
[216, 217]
[216, 182]
[221, 187]
[225, 191]
[228, 229]
[229, 230]
[230, 231]
[230, 196]
[231, 232]
[231, 197]
[232, 233]
[232, 198]
[233, 234]
[234, 200]
[236, 237]
[236, 202]
[237, 238]
[238, 239]
[238, 204]
[239, 205]
[241, 242]
[241, 207]
[242, 243]
[242, 208]
