[3, 39]
[3, 38]
[5, 6]
[5, 40]
[6, 42]
[8, 9]
[8, 43]
[9, 45]
[11, 12]
[11, 47]
[12, 13]
[12, 47]
[15, 16]
[15, 51]
[16, 17]
[16, 51]
[17, 18]
[17, 53]
[18, 19]
[18, 54]
[18, 53]
[19, 20]
[19, 54]
[20, 21]
[20, 56]
[21, 57]
[21, 56]
[23, 24]
[23, 59]
[23, 58]
[24, 60]
[24, 59]
[27, 63]
[27, 62]
[29, 30]
[29, 65]
[30, 31]
[30, 65]
[34, 69]
[36, 37]
[36, 71]
[37, 38]
[37, 3]
[37, 73]
[38, 39]
[38, 73]
[39, 40]
[39, 5]
[39, 75]
[40, 6]
[40, 75]
[42, 43]
[42, 8]
[42, 78]
[43, 9]
[43, 79]
[43, 78]
[45, 11]
[45, 81]
[45, 80]
[47, 13]
[47, 82]
[51, 17]
[53, 54]
[53, 19]
[53, 89]
[53, 88]
[54, 20]
[54, 89]
[56, 57]
[57, 58]
[57, 23]
[57, 93]
[58, 59]
[58, 24]
[58, 93]
[59, 60]
[59, 95]
[60, 96]
[60, 95]
[62, 63]
[62, 97]
[63, 29]
[63, 99]
[65, 31]
[65, 101]
[65, 100]
[68, 69]
[68, 34]
[68, 104]
[69, 104]
[70, 71]
[70, 36]
[70, 106]
[70, 105]
[71, 37]
[71, 107]
[71, 106]
[73, 39]
[73, 109]
[78, 79]
[78, 113]
[79, 80]
[79, 45]
[80, 81]
[80, 116]
[81, 82]
[81, 47]
[81, 116]
[82, 118]
[84, 120]
[84, 119]
[88, 89]
[88, 54]
[88, 124]
[88, 123]
[89, 125]
[89, 124]
[93, 59]
[93, 129]
[95, 96]
[95, 131]
[96, 97]
[96, 62]
[96, 132]
[96, 131]
[97, 63]
[97, 132]
[99, 100]
[99, 65]
[100, 101]
[100, 136]
[101, 137]
[101, 136]
[104, 139]
[105, 106]
[105, 71]
[105, 141]
[105, 140]
[106, 107]
[106, 141]
[107, 73]
[109, 75]
[109, 144]
[112, 113]
[112, 78]
[112, 148]
[112, 147]
[113, 79]
[113, 149]
[113, 148]
[116, 82]
[118, 119]
[118, 84]
[118, 154]
[118, 153]
[119, 120]
[119, 154]
[120, 121]
[120, 156]
[121, 122]
[121, 157]
[121, 156]
[122, 123]
[122, 88]
[122, 157]
[123, 124]
[123, 89]
[123, 159]
[124, 125]
[124, 160]
[124, 159]
[125, 161]
[125, 160]
[129, 95]
[131, 132]
[131, 97]
[131, 166]
[136, 137]
[136, 172]
[137, 173]
[137, 172]
[140, 141]
[140, 106]
[140, 175]
[141, 107]
[141, 177]
[146, 147]
[146, 112]
[146, 182]
[146, 181]
[147, 148]
[147, 113]
[147, 183]
[147, 182]
[148, 149]
[148, 184]
[148, 183]
[149, 185]
[149, 184]
[153, 154]
[153, 119]
[153, 188]
[154, 120]
[156, 157]
[156, 122]
[156, 191]
[157, 123]
[157, 193]
[159, 160]
[159, 125]
[159, 195]
[160, 161]
[160, 195]
[161, 162]
[162, 163]
[163, 129]
[166, 132]
[166, 202]
[166, 201]
[169, 170]
[169, 204]
[170, 136]
[172, 173]
[172, 207]
[173, 139]
[173, 209]
[175, 141]
[175, 211]
[181, 182]
[181, 147]
[181, 216]
[182, 183]
[182, 148]
[183, 184]
[183, 149]
[184, 185]
[184, 220]
[185, 186]
[185, 221]
[185, 220]
[186, 221]
[188, 154]
[188, 224]
[191, 157]
[191, 226]
[193, 159]
[193, 228]
[195, 161]
[195, 230]
[200, 201]
[200, 166]
[200, 235]
[201, 202]
[201, 237]
[202, 238]
[202, 237]
[204, 170]
[204, 240]
[204, 239]
[207, 173]
[209, 244]
[211, 177]
[216, 182]
[220, 221]
[220, 186]
[232, 233]
[235, 201]
[237, 238]
[238, 239]
[238, 204]
[239, 240]
