[1, 2]
[1, 37]
[2, 38]
[2, 37]
[5, 40]
[10, 11]
[10, 46]
[11, 12]
[11, 46]
[17, 52]
[19, 54]
[21, 22]
[22, 58]
[28, 29]
[29, 30]
[29, 65]
[30, 66]
[30, 65]
[37, 38]
[37, 73]
[38, 73]
[42, 43]
[42, 78]
[43, 44]
[43, 78]
[44, 10]
[46, 12]
[46, 82]
[51, 52]
[51, 17]
[51, 86]
[62, 28]
[62, 97]
[65, 66]
[68, 34]
[78, 44]
[78, 114]
[82, 83]
[82, 118]
[83, 118]
[85, 86]
[85, 51]
[85, 120]
[86, 52]
[86, 122]
[92, 58]
[92, 127]
[105, 106]
[106, 142]
[120, 86]
[120, 155]
[122, 123]
[122, 157]
[123, 124]
[124, 125]
[125, 161]
[134, 169]
[138, 173]
[148, 114]
[148, 183]
[155, 191]
[157, 123]
[157, 193]
[161, 127]
[161, 197]
[161, 196]
[164, 199]
[168, 169]
[168, 134]
[168, 204]
[168, 203]
[169, 205]
[169, 204]
[176, 142]
[176, 212]
[183, 219]
[183, 218]
[186, 187]
[186, 222]
[187, 223]
[187, 222]
[191, 157]
[191, 227]
[191, 226]
[196, 197]
[196, 232]
[196, 231]
[197, 232]
[199, 234]
[203, 204]
[203, 169]
[203, 238]
[204, 205]
[204, 240]
[205, 240]
[207, 173]
[207, 243]
[207, 242]
[218, 219]
[222, 223]
[223, 224]
[226, 227]
[227, 193]
[230, 231]
[230, 196]
[231, 232]
[231, 197]
[236, 237]
[237, 238]
[237, 203]
[238, 204]
[242, 243]
[243, 244]
