[4, 5]
[4, 40]
[5, 41]
[5, 40]
[12, 47]
[16, 52]
[18, 19]
[23, 59]
[28, 64]
[35, 71]
[40, 41]
[40, 75]
[41, 77]
[47, 83]
[47, 82]
[50, 16]
[52, 18]
[59, 60]
[59, 94]
[68, 69]
[68, 104]
[69, 104]
[71, 72]
[72, 108]
[74, 75]
[74, 40]
[74, 110]
[75, 41]
[75, 110]
[77, 43]
[77, 112]
[80, 81]
[80, 116]
[81, 82]
[81, 47]
[81, 116]
[82, 83]
[83, 119]
[89, 125]
[94, 60]
[97, 133]
[97, 132]
[104, 139]
[108, 74]
[108, 143]
[110, 145]
[112, 148]
[112, 147]
[116, 82]
[125, 91]
[125, 160]
[131, 132]
[131, 97]
[131, 167]
[131, 166]
[132, 133]
[132, 168]
[132, 167]
[133, 168]
[135, 170]
[137, 173]
[137, 172]
[143, 178]
[147, 148]
[153, 119]
[160, 196]
[163, 164]
[164, 165]
[165, 166]
[165, 131]
[166, 167]
[166, 132]
[167, 168]
[167, 133]
[168, 204]
[172, 173]
[172, 207]
[173, 139]
[176, 177]
[176, 212]
[177, 178]
[177, 143]
[177, 212]
[185, 221]
[187, 153]
[187, 222]
[196, 232]
[204, 170]
[204, 239]
[207, 173]
[207, 243]
[212, 178]
[221, 222]
[221, 187]
[227, 228]
[230, 196]
[235, 236]
[236, 237]
[241, 207]
