[3, 39]
[3, 38]
[5, 6]
[5, 41]
[6, 41]
[9, 10]
[9, 45]
[9, 44]
[10, 45]
[12, 48]
[15, 16]
[15, 50]
[16, 17]
[16, 52]
[17, 18]
[17, 52]
[18, 19]
[18, 54]
[19, 54]
[21, 22]
[24, 60]
[29, 65]
[35, 36]
[35, 70]
[36, 37]
[37, 38]
[37, 3]
[37, 73]
[38, 39]
[38, 73]
[39, 5]
[41, 77]
[41, 76]
[44, 45]
[44, 10]
[45, 81]
[48, 49]
[48, 83]
[49, 50]
[49, 15]
[49, 85]
[50, 16]
[50, 85]
[52, 18]
[52, 88]
[52, 87]
[54, 90]
[54, 89]
[65, 31]
[65, 101]
[68, 34]
[68, 104]
[68, 103]
[70, 36]
[70, 106]
[73, 39]
[73, 108]
[76, 77]
[81, 117]
[83, 49]
[83, 118]
[85, 121]
[87, 88]
[87, 122]
[88, 89]
[88, 54]
[88, 124]
[89, 90]
[89, 124]
[90, 91]
[91, 92]
[91, 127]
[92, 127]
[101, 102]
[101, 137]
[102, 103]
[102, 68]
[102, 137]
[103, 104]
[103, 139]
[104, 139]
[106, 107]
[107, 108]
[107, 73]
[115, 81]
[115, 150]
[117, 118]
[117, 83]
[117, 152]
[121, 122]
[121, 87]
[122, 88]
[122, 158]
[124, 90]
[124, 159]
[127, 162]
[130, 165]
[135, 101]
[135, 171]
[135, 170]
[137, 103]
[137, 173]
[137, 172]
[145, 146]
[148, 149]
[148, 184]
[148, 183]
[149, 150]
[149, 115]
[149, 184]
[152, 118]
[152, 188]
[155, 121]
[155, 191]
[158, 159]
[158, 124]
[162, 197]
[165, 201]
[165, 200]
[170, 171]
[170, 205]
[171, 172]
[171, 137]
[172, 173]
[172, 208]
[173, 139]
[173, 209]
[173, 208]
[176, 212]
[183, 184]
[183, 149]
[184, 150]
[188, 189]
[188, 224]
[189, 155]
[189, 224]
[191, 192]
[191, 226]
[192, 158]
[192, 228]
[197, 233]
[199, 200]
[199, 165]
[199, 235]
[200, 201]
[200, 235]
[201, 167]
[201, 237]
[204, 205]
[204, 170]
[204, 240]
[204, 239]
[205, 171]
[205, 241]
[205, 240]
[208, 209]
[208, 244]
[208, 243]
[209, 244]
[216, 217]
[217, 183]
[226, 192]
[233, 199]
[235, 201]
[239, 240]
[239, 205]
[240, 241]
[241, 242]
[242, 243]
[242, 208]
[243, 244]
[243, 209]
