[4, 5]
[4, 40]
[5, 41]
[5, 40]
[9, 10]
[9, 45]
[10, 11]
[10, 46]
[10, 45]
[11, 12]
[11, 46]
[12, 48]
[14, 50]
[14, 49]
[17, 18]
[18, 19]
[19, 20]
[20, 21]
[20, 56]
[21, 56]
[30, 65]
[38, 4]
[40, 41]
[40, 75]
[45, 46]
[45, 11]
[46, 12]
[48, 49]
[48, 14]
[48, 84]
[48, 83]
[49, 50]
[49, 85]
[49, 84]
[50, 86]
[50, 85]
[56, 92]
[62, 28]
[62, 98]
[62, 97]
[68, 103]
[70, 36]
[75, 41]
[83, 84]
[83, 49]
[84, 85]
[84, 50]
[84, 120]
[85, 86]
[85, 120]
[86, 87]
[87, 88]
[88, 124]
[90, 56]
[90, 125]
[94, 130]
[97, 98]
[97, 132]
[103, 139]
[108, 143]
[113, 114]
[113, 149]
[114, 149]
[116, 152]
[116, 151]
[120, 86]
[124, 125]
[124, 90]
[124, 160]
[124, 159]
[125, 161]
[125, 160]
[130, 166]
[132, 98]
[132, 168]
[139, 174]
[140, 176]
[140, 175]
[142, 143]
[142, 108]
[142, 178]
[143, 178]
[147, 113]
[147, 183]
[149, 185]
[149, 184]
[151, 152]
[152, 153]
[157, 193]
[157, 192]
[159, 160]
[159, 125]
[159, 194]
[160, 161]
[160, 196]
[161, 197]
[161, 196]
[166, 132]
[166, 202]
[166, 201]
[168, 204]
[168, 203]
[170, 136]
[170, 206]
[170, 205]
[174, 209]
[175, 176]
[176, 142]
[176, 212]
[181, 147]
[181, 217]
[183, 184]
[183, 149]
[183, 218]
[184, 185]
[185, 151]
[190, 191]
[190, 225]
[191, 192]
[191, 157]
[191, 227]
[192, 193]
[192, 227]
[193, 194]
[193, 159]
[194, 160]
[194, 230]
[196, 197]
[196, 232]
[197, 163]
[197, 233]
[197, 232]
[201, 202]
[201, 237]
[201, 236]
[202, 203]
[202, 168]
[202, 237]
[203, 204]
[203, 239]
[204, 205]
[204, 170]
[204, 240]
[204, 239]
[205, 206]
[205, 240]
[206, 207]
[207, 208]
[207, 243]
[208, 209]
[208, 174]
[208, 244]
[208, 243]
[209, 244]
[212, 178]
[217, 218]
[217, 183]
[218, 184]
[225, 191]
[227, 193]
[230, 196]
[232, 233]
[236, 237]
[236, 202]
[237, 203]
[239, 240]
[239, 205]
[240, 206]
[243, 244]
[243, 209]
