[4, 5]
[4, 40]
[5, 6]
[5, 40]
[6, 7]
[7, 8]
[7, 43]
[8, 43]
[10, 45]
[12, 48]
[17, 53]
[17, 52]
[22, 23]
[22, 57]
[31, 67]
[36, 37]
[37, 73]
[40, 6]
[40, 75]
[43, 78]
[48, 49]
[48, 83]
[52, 53]
[52, 88]
[52, 87]
[53, 54]
[53, 88]
[54, 55]
[54, 90]
[55, 56]
[55, 90]
[56, 57]
[56, 22]
[56, 92]
[57, 23]
[57, 92]
[67, 103]
[70, 36]
[70, 106]
[78, 114]
[78, 113]
[82, 83]
[82, 48]
[83, 49]
[83, 119]
[86, 87]
[86, 52]
[86, 121]
[87, 88]
[87, 53]
[87, 123]
[88, 54]
[88, 124]
[88, 123]
[90, 56]
[90, 126]
[92, 128]
[95, 131]
[103, 139]
[113, 114]
[113, 148]
[114, 115]
[114, 150]
[115, 150]
[119, 120]
[119, 154]
[120, 121]
[120, 86]
[121, 87]
[121, 157]
[123, 124]
[123, 158]
[124, 90]
[126, 92]
[126, 161]
[131, 132]
[131, 167]
[132, 167]
[139, 174]
[140, 106]
[143, 179]
[148, 114]
[148, 184]
[148, 183]
[150, 185]
[153, 154]
[153, 119]
[153, 189]
[153, 188]
[154, 120]
[154, 189]
[157, 158]
[157, 123]
[157, 192]
[158, 124]
[158, 194]
[167, 203]
[183, 184]
[184, 185]
[184, 150]
[184, 220]
[185, 220]
[187, 188]
[187, 153]
[188, 189]
[188, 154]
[192, 158]
[192, 228]
[192, 227]
[194, 230]
[198, 199]
[198, 234]
[199, 235]
[199, 234]
[203, 204]
[206, 241]
[208, 174]
[208, 243]
[210, 211]
[211, 212]
[212, 213]
[213, 179]
[226, 227]
[226, 192]
[227, 228]
[228, 194]
[234, 235]
[235, 236]
