[0, 1]
[0, 35]
[3, 39]
[3, 38]
[5, 41]
[9, 10]
[9, 45]
[10, 46]
[10, 45]
[12, 13]
[15, 16]
[16, 52]
[19, 20]
[19, 54]
[20, 21]
[21, 22]
[21, 57]
[22, 23]
[22, 58]
[22, 57]
[23, 24]
[23, 58]
[24, 25]
[27, 28]
[27, 62]
[28, 29]
[29, 65]
[31, 32]
[31, 67]
[32, 33]
[32, 68]
[32, 67]
[33, 69]
[33, 68]
[35, 1]
[35, 70]
[38, 39]
[39, 5]
[39, 75]
[41, 42]
[42, 43]
[42, 78]
[43, 9]
[43, 79]
[43, 78]
[45, 46]
[45, 81]
[46, 12]
[46, 82]
[46, 81]
[52, 88]
[54, 20]
[54, 90]
[54, 89]
[57, 58]
[57, 23]
[57, 93]
[58, 24]
[58, 93]
[62, 28]
[62, 97]
[65, 31]
[67, 68]
[67, 33]
[67, 103]
[67, 102]
[68, 69]
[68, 104]
[68, 103]
[69, 104]
[70, 106]
[75, 41]
[75, 111]
[75, 110]
[78, 79]
[78, 113]
[79, 45]
[79, 115]
[81, 82]
[81, 116]
[82, 118]
[85, 86]
[85, 121]
[85, 120]
[86, 52]
[86, 122]
[86, 121]
[88, 89]
[88, 54]
[88, 124]
[89, 90]
[89, 125]
[89, 124]
[90, 91]
[90, 125]
[91, 57]
[96, 97]
[96, 62]
[102, 103]
[102, 68]
[103, 104]
[103, 69]
[106, 142]
[106, 141]
[108, 109]
[108, 144]
[109, 110]
[109, 75]
[109, 145]
[109, 144]
[110, 111]
[110, 146]
[110, 145]
[111, 112]
[111, 147]
[111, 146]
[112, 113]
[112, 78]
[112, 147]
[113, 79]
[113, 149]
[115, 116]
[115, 81]
[116, 82]
[116, 152]
[118, 153]
[120, 121]
[120, 86]
[120, 156]
[121, 122]
[121, 157]
[121, 156]
[122, 88]
[122, 158]
[122, 157]
[124, 125]
[124, 90]
[125, 91]
[130, 96]
[130, 166]
[130, 165]
[136, 102]
[136, 172]
[136, 171]
[141, 142]
[141, 177]
[141, 176]
[142, 108]
[142, 178]
[142, 177]
[144, 145]
[144, 110]
[145, 146]
[145, 111]
[145, 181]
[146, 147]
[146, 112]
[146, 182]
[146, 181]
[147, 113]
[147, 183]
[147, 182]
[149, 115]
[152, 153]
[152, 118]
[152, 188]
[152, 187]
[153, 189]
[153, 188]
[156, 157]
[156, 122]
[156, 191]
[157, 158]
[158, 124]
[165, 166]
[165, 201]
[166, 167]
[166, 201]
[171, 172]
[172, 173]
[172, 208]
[173, 208]
[175, 176]
[175, 141]
[175, 211]
[175, 210]
[176, 177]
[176, 142]
[176, 211]
[177, 178]
[177, 213]
[178, 144]
[178, 214]
[178, 213]
[181, 182]
[181, 147]
[181, 217]
[182, 183]
[182, 217]
[183, 149]
[183, 219]
[187, 188]
[187, 153]
[188, 189]
[189, 225]
[191, 157]
[191, 226]
[196, 197]
[199, 165]
[199, 234]
[201, 167]
[201, 236]
[208, 243]
[210, 211]
[210, 176]
[211, 177]
[213, 214]
[214, 215]
[215, 181]
[217, 183]
[221, 187]
[225, 226]
[225, 191]
[228, 229]
[229, 230]
[230, 196]
