[2, 3]
[2, 38]
[3, 38]
[6, 7]
[6, 42]
[7, 8]
[7, 43]
[7, 42]
[8, 44]
[8, 43]
[14, 49]
[18, 19]
[21, 57]
[24, 59]
[29, 64]
[31, 32]
[31, 66]
[35, 36]
[35, 71]
[36, 2]
[36, 71]
[38, 74]
[42, 43]
[42, 8]
[42, 78]
[43, 44]
[43, 79]
[43, 78]
[44, 45]
[44, 79]
[45, 11]
[48, 49]
[48, 14]
[57, 58]
[58, 59]
[58, 24]
[59, 95]
[66, 32]
[71, 106]
[74, 75]
[78, 79]
[78, 44]
[78, 114]
[78, 113]
[79, 45]
[79, 115]
[79, 114]
[82, 48]
[82, 118]
[90, 91]
[90, 126]
[91, 57]
[91, 127]
[91, 126]
[95, 96]
[96, 97]
[96, 132]
[97, 98]
[97, 133]
[97, 132]
[98, 64]
[98, 133]
[106, 141]
[108, 74]
[108, 144]
[113, 114]
[113, 79]
[113, 149]
[114, 115]
[114, 149]
[118, 119]
[118, 153]
[119, 155]
[126, 127]
[126, 162]
[126, 161]
[127, 163]
[127, 162]
[132, 133]
[132, 98]
[133, 169]
[138, 139]
[141, 177]
[144, 145]
[144, 180]
[144, 179]
[145, 180]
[149, 115]
[152, 153]
[152, 118]
[152, 188]
[153, 119]
[153, 189]
[153, 188]
[155, 156]
[155, 190]
[161, 162]
[161, 127]
[161, 196]
[162, 163]
[166, 132]
[166, 201]
[169, 135]
[169, 204]
[172, 138]
[175, 141]
[175, 211]
[179, 180]
[179, 145]
[179, 215]
[180, 215]
[182, 183]
[182, 218]
[183, 149]
[183, 219]
[183, 218]
[186, 152]
[188, 189]
[188, 224]
[189, 190]
[189, 155]
[189, 225]
[189, 224]
[190, 156]
[190, 225]
[196, 162]
[196, 231]
[200, 201]
[200, 166]
[201, 237]
[204, 239]
[211, 177]
[218, 219]
[219, 220]
[220, 186]
[224, 225]
[224, 190]
[227, 228]
[230, 231]
[230, 196]
[237, 238]
[238, 239]
[238, 204]
[241, 242]
