[2, 3]
[2, 38]
[2, 37]
[3, 4]
[3, 38]
[7, 8]
[7, 42]
[14, 15]
[15, 51]
[19, 55]
[19, 54]
[21, 57]
[21, 56]
[23, 24]
[23, 58]
[24, 25]
[24, 60]
[25, 60]
[27, 28]
[28, 64]
[31, 67]
[36, 37]
[36, 2]
[36, 72]
[37, 38]
[37, 3]
[37, 72]
[38, 4]
[38, 74]
[42, 8]
[48, 14]
[48, 84]
[51, 87]
[51, 86]
[54, 55]
[54, 89]
[55, 56]
[55, 21]
[56, 57]
[57, 58]
[57, 23]
[58, 24]
[58, 94]
[60, 96]
[64, 100]
[67, 68]
[68, 69]
[68, 104]
[69, 104]
[70, 36]
[70, 105]
[72, 38]
[72, 107]
[74, 110]
[79, 80]
[79, 115]
[79, 114]
[80, 81]
[80, 115]
[81, 117]
[84, 120]
[86, 87]
[86, 122]
[87, 122]
[89, 55]
[89, 125]
[89, 124]
[94, 60]
[94, 130]
[94, 129]
[96, 97]
[96, 132]
[96, 131]
[97, 98]
[97, 132]
[98, 64]
[98, 134]
[100, 101]
[101, 67]
[101, 137]
[104, 139]
[114, 115]
[114, 80]
[114, 149]
[115, 81]
[115, 151]
[117, 118]
[117, 152]
[118, 84]
[120, 86]
[122, 158]
[124, 125]
[124, 159]
[128, 129]
[128, 94]
[129, 130]
[129, 165]
[130, 131]
[130, 96]
[130, 165]
[131, 132]
[131, 97]
[131, 167]
[132, 98]
[132, 168]
[132, 167]
[134, 100]
[134, 169]
[137, 138]
[138, 139]
[138, 104]
[144, 110]
[149, 115]
[149, 184]
[151, 152]
[151, 117]
[151, 187]
[151, 186]
[152, 118]
[152, 187]
[158, 159]
[158, 124]
[159, 125]
[165, 131]
[165, 201]
[165, 200]
[167, 168]
[167, 202]
[168, 169]
[168, 134]
[176, 177]
[176, 212]
[177, 178]
[177, 212]
[178, 144]
[181, 216]
[183, 184]
[183, 149]
[183, 219]
[183, 218]
[184, 219]
[186, 187]
[186, 152]
[186, 222]
[187, 223]
[187, 222]
[190, 191]
[190, 226]
[191, 227]
[191, 226]
[196, 231]
[198, 199]
[198, 234]
[199, 200]
[199, 165]
[199, 234]
[200, 201]
[200, 236]
[201, 202]
[201, 167]
[201, 237]
[201, 236]
[202, 168]
[202, 237]
[206, 242]
[210, 176]
[212, 178]
[215, 216]
[215, 181]
[218, 219]
[218, 184]
[222, 223]
[226, 227]
[230, 231]
[230, 196]
[234, 200]
[236, 237]
[236, 202]
[242, 243]
[243, 209]
