[1, 37]
[1, 36]
[7, 8]
[7, 42]
[8, 44]
[11, 46]
[13, 49]
[13, 48]
[17, 53]
[22, 57]
[26, 27]
[26, 62]
[27, 28]
[27, 62]
[28, 64]
[36, 37]
[36, 72]
[37, 38]
[37, 73]
[37, 72]
[38, 4]
[38, 74]
[38, 73]
[41, 42]
[41, 7]
[41, 77]
[41, 76]
[42, 8]
[42, 78]
[42, 77]
[44, 80]
[48, 49]
[48, 84]
[49, 50]
[49, 84]
[50, 51]
[50, 86]
[51, 17]
[51, 86]
[53, 54]
[53, 89]
[53, 88]
[54, 55]
[54, 89]
[55, 91]
[57, 93]
[59, 60]
[59, 95]
[59, 94]
[60, 26]
[60, 96]
[60, 95]
[62, 28]
[64, 99]
[68, 69]
[68, 104]
[69, 104]
[72, 73]
[72, 38]
[72, 107]
[73, 74]
[73, 109]
[74, 75]
[74, 109]
[75, 76]
[75, 41]
[75, 111]
[76, 77]
[76, 42]
[76, 111]
[77, 78]
[77, 113]
[78, 44]
[78, 113]
[80, 46]
[84, 50]
[84, 120]
[86, 122]
[88, 89]
[88, 54]
[89, 55]
[91, 57]
[93, 94]
[93, 59]
[93, 128]
[94, 95]
[94, 60]
[94, 130]
[95, 96]
[95, 130]
[96, 62]
[96, 132]
[99, 135]
[99, 134]
[101, 102]
[101, 136]
[102, 68]
[107, 73]
[107, 142]
[109, 75]
[109, 144]
[111, 77]
[111, 147]
[118, 84]
[120, 86]
[120, 156]
[120, 155]
[122, 88]
[128, 94]
[128, 164]
[128, 163]
[130, 96]
[132, 133]
[132, 168]
[133, 134]
[133, 99]
[133, 168]
[134, 135]
[135, 136]
[135, 101]
[135, 171]
[136, 102]
[136, 172]
[136, 171]
[142, 177]
[144, 179]
[147, 113]
[155, 156]
[155, 191]
[155, 190]
[156, 122]
[156, 192]
[156, 191]
[159, 194]
[161, 162]
[161, 196]
[162, 163]
[162, 128]
[163, 164]
[164, 130]
[164, 200]
[168, 134]
[168, 204]
[171, 172]
[171, 207]
[172, 208]
[172, 207]
[175, 176]
[175, 211]
[176, 177]
[176, 142]
[176, 211]
[177, 213]
[179, 215]
[181, 147]
[181, 217]
[187, 188]
[187, 222]
[188, 189]
[188, 224]
[189, 190]
[189, 155]
[189, 225]
[189, 224]
[190, 191]
[190, 156]
[190, 226]
[190, 225]
[191, 192]
[191, 227]
[191, 226]
[192, 193]
[192, 227]
[193, 194]
[193, 159]
[193, 229]
[194, 230]
[194, 229]
[196, 162]
[196, 232]
[204, 205]
[205, 171]
[207, 208]
[208, 174]
[208, 244]
[211, 177]
[213, 179]
[215, 181]
[222, 188]
[224, 225]
[224, 190]
[225, 226]
[225, 191]
[226, 227]
[226, 192]
[227, 193]
[229, 230]
[230, 196]
[232, 233]
[237, 238]
[238, 204]
