[1, 2]
[1, 37]
[2, 37]
[7, 43]
[7, 42]
[10, 11]
[11, 12]
[12, 48]
[14, 15]
[15, 16]
[16, 52]
[20, 21]
[20, 55]
[25, 60]
[27, 63]
[30, 31]
[30, 66]
[30, 65]
[31, 32]
[31, 66]
[32, 33]
[32, 68]
[33, 69]
[33, 68]
[35, 1]
[37, 72]
[42, 43]
[42, 78]
[42, 77]
[43, 44]
[43, 78]
[44, 10]
[48, 14]
[52, 53]
[53, 54]
[53, 89]
[54, 55]
[54, 20]
[54, 90]
[54, 89]
[55, 21]
[55, 91]
[55, 90]
[59, 60]
[59, 25]
[59, 95]
[59, 94]
[60, 95]
[63, 98]
[65, 66]
[65, 31]
[65, 101]
[66, 32]
[66, 101]
[68, 69]
[68, 103]
[74, 110]
[76, 77]
[76, 42]
[76, 111]
[77, 78]
[77, 43]
[77, 113]
[78, 44]
[78, 114]
[78, 113]
[89, 90]
[89, 55]
[89, 125]
[90, 91]
[90, 126]
[90, 125]
[91, 92]
[91, 126]
[92, 93]
[93, 94]
[93, 59]
[94, 95]
[94, 60]
[103, 69]
[103, 138]
[105, 106]
[105, 141]
[105, 140]
[106, 72]
[106, 141]
[110, 111]
[110, 76]
[110, 146]
[110, 145]
[111, 77]
[111, 147]
[111, 146]
[113, 114]
[113, 149]
[114, 150]
[114, 149]
[118, 154]
[122, 123]
[122, 158]
[122, 157]
[123, 89]
[123, 158]
[125, 126]
[125, 91]
[125, 161]
[126, 92]
[126, 162]
[126, 161]
[140, 141]
[140, 106]
[140, 175]
[144, 145]
[144, 110]
[144, 180]
[145, 146]
[145, 111]
[145, 181]
[145, 180]
[146, 147]
[146, 182]
[146, 181]
[147, 113]
[147, 182]
[149, 150]
[154, 190]
[156, 157]
[156, 122]
[156, 191]
[157, 158]
[157, 123]
[161, 162]
[161, 196]
[162, 163]
[163, 164]
[166, 201]
[168, 169]
[168, 204]
[169, 204]
[172, 138]
[172, 208]
[175, 141]
[175, 211]
[178, 144]
[178, 214]
[178, 213]
[180, 181]
[180, 146]
[180, 215]
[181, 182]
[181, 147]
[182, 218]
[187, 222]
[190, 191]
[190, 156]
[190, 226]
[191, 157]
[191, 227]
[191, 226]
[196, 162]
[201, 237]
[204, 240]
[206, 172]
[206, 241]
[208, 244]
[213, 214]
[214, 215]
[214, 180]
[215, 181]
[218, 219]
[226, 227]
[230, 196]
[240, 241]
[240, 206]
