[0, 1]
[0, 35]
[1, 2]
[1, 37]
[2, 37]
[5, 41]
[5, 40]
[7, 8]
[7, 43]
[7, 42]
[8, 9]
[8, 43]
[9, 45]
[12, 13]
[12, 48]
[12, 47]
[13, 48]
[15, 51]
[15, 50]
[19, 54]
[26, 62]
[28, 29]
[28, 64]
[28, 63]
[29, 64]
[31, 32]
[31, 67]
[32, 33]
[32, 68]
[32, 67]
[33, 69]
[33, 68]
[35, 1]
[35, 71]
[35, 70]
[37, 72]
[39, 40]
[39, 5]
[39, 75]
[40, 41]
[40, 76]
[40, 75]
[41, 42]
[41, 7]
[41, 76]
[42, 43]
[42, 8]
[43, 9]
[43, 79]
[45, 46]
[45, 81]
[46, 47]
[46, 12]
[46, 81]
[47, 48]
[47, 13]
[47, 83]
[48, 83]
[50, 51]
[53, 54]
[53, 19]
[53, 89]
[53, 88]
[54, 90]
[54, 89]
[62, 63]
[62, 28]
[62, 98]
[63, 64]
[63, 29]
[63, 99]
[63, 98]
[64, 100]
[64, 99]
[67, 68]
[67, 33]
[67, 102]
[68, 69]
[68, 104]
[69, 104]
[70, 71]
[70, 106]
[71, 72]
[71, 37]
[71, 107]
[71, 106]
[72, 108]
[72, 107]
[75, 76]
[75, 41]
[76, 42]
[79, 45]
[79, 114]
[81, 47]
[83, 118]
[88, 89]
[88, 54]
[88, 123]
[89, 90]
[95, 96]
[96, 62]
[96, 132]
[98, 99]
[98, 64]
[98, 134]
[98, 133]
[99, 100]
[99, 135]
[99, 134]
[100, 135]
[102, 68]
[106, 107]
[106, 72]
[106, 142]
[107, 108]
[107, 142]
[113, 114]
[113, 79]
[113, 149]
[114, 149]
[118, 154]
[118, 153]
[120, 121]
[120, 155]
[123, 89]
[123, 159]
[123, 158]
[127, 93]
[127, 162]
[132, 133]
[132, 98]
[132, 168]
[133, 134]
[133, 99]
[133, 168]
[134, 135]
[134, 100]
[135, 171]
[142, 108]
[142, 178]
[142, 177]
[145, 146]
[145, 181]
[145, 180]
[146, 182]
[146, 181]
[149, 185]
[152, 153]
[152, 118]
[152, 188]
[153, 154]
[153, 189]
[153, 188]
[154, 155]
[154, 120]
[154, 189]
[155, 121]
[155, 191]
[158, 159]
[158, 194]
[158, 193]
[159, 194]
[162, 198]
[162, 197]
[164, 165]
[164, 200]
[165, 166]
[165, 201]
[165, 200]
[166, 132]
[166, 202]
[166, 201]
[168, 134]
[168, 204]
[171, 172]
[171, 206]
[172, 173]
[172, 208]
[173, 208]
[177, 178]
[177, 213]
[178, 214]
[178, 213]
[180, 181]
[180, 146]
[181, 182]
[181, 217]
[182, 218]
[182, 217]
[185, 221]
[188, 189]
[188, 154]
[188, 224]
[189, 155]
[189, 225]
[189, 224]
[193, 194]
[193, 159]
[194, 230]
[196, 197]
[196, 162]
[196, 231]
[197, 198]
[198, 164]
[200, 201]
[200, 166]
[200, 235]
[201, 202]
[202, 168]
[202, 238]
[204, 240]
[206, 172]
[206, 242]
[206, 241]
[208, 244]
[208, 243]
[213, 214]
[214, 180]
[217, 218]
[224, 225]
[225, 191]
[230, 231]
[230, 196]
[231, 197]
[235, 201]
[238, 204]
[240, 241]
[240, 206]
[241, 242]
[242, 243]
[242, 208]
[243, 244]
