[1, 37]
[1, 36]
[5, 41]
[5, 40]
[7, 43]
[7, 42]
[9, 44]
[11, 12]
[11, 47]
[11, 46]
[12, 13]
[12, 48]
[12, 47]
[13, 14]
[13, 49]
[13, 48]
[14, 49]
[18, 53]
[22, 23]
[22, 58]
[22, 57]
[23, 59]
[23, 58]
[25, 60]
[27, 28]
[28, 29]
[28, 64]
[29, 30]
[29, 65]
[29, 64]
[30, 66]
[30, 65]
[32, 33]
[32, 67]
[35, 36]
[35, 1]
[35, 70]
[36, 37]
[37, 3]
[37, 73]
[40, 41]
[40, 76]
[41, 42]
[41, 7]
[41, 77]
[41, 76]
[42, 43]
[42, 78]
[42, 77]
[43, 44]
[43, 9]
[43, 79]
[43, 78]
[44, 80]
[44, 79]
[46, 47]
[46, 12]
[46, 82]
[46, 81]
[47, 48]
[47, 13]
[47, 83]
[47, 82]
[48, 49]
[48, 14]
[48, 84]
[48, 83]
[49, 84]
[51, 52]
[52, 53]
[52, 18]
[57, 58]
[57, 23]
[57, 93]
[57, 92]
[58, 59]
[58, 94]
[58, 93]
[59, 60]
[59, 25]
[59, 95]
[59, 94]
[60, 95]
[64, 65]
[64, 30]
[64, 99]
[65, 66]
[65, 101]
[66, 67]
[66, 32]
[66, 102]
[66, 101]
[67, 33]
[67, 103]
[67, 102]
[70, 36]
[70, 106]
[73, 74]
[73, 108]
[74, 40]
[76, 77]
[76, 42]
[76, 111]
[77, 78]
[77, 43]
[78, 79]
[78, 44]
[79, 80]
[80, 81]
[80, 46]
[80, 116]
[81, 82]
[81, 47]
[81, 116]
[82, 83]
[82, 48]
[82, 118]
[83, 84]
[83, 49]
[83, 119]
[83, 118]
[84, 120]
[84, 119]
[91, 92]
[91, 57]
[92, 93]
[92, 58]
[92, 128]
[93, 94]
[93, 59]
[93, 129]
[93, 128]
[94, 95]
[94, 60]
[94, 129]
[95, 131]
[97, 132]
[99, 65]
[101, 102]
[101, 67]
[102, 103]
[103, 104]
[106, 141]
[108, 74]
[108, 144]
[111, 77]
[111, 147]
[116, 82]
[116, 152]
[116, 151]
[118, 119]
[118, 84]
[118, 154]
[119, 120]
[119, 154]
[120, 121]
[120, 156]
[121, 156]
[123, 124]
[124, 125]
[124, 160]
[125, 91]
[125, 161]
[125, 160]
[128, 129]
[128, 94]
[128, 164]
[128, 163]
[129, 95]
[129, 164]
[131, 132]
[131, 97]
[131, 167]
[132, 168]
[132, 167]
[140, 141]
[140, 106]
[140, 176]
[141, 177]
[141, 176]
[144, 179]
[147, 148]
[147, 183]
[148, 149]
[148, 183]
[149, 185]
[151, 152]
[151, 187]
[151, 186]
[152, 118]
[152, 187]
[154, 120]
[154, 190]
[154, 189]
[156, 192]
[156, 191]
[160, 161]
[160, 196]
[161, 196]
[163, 164]
[163, 129]
[164, 200]
[167, 168]
[167, 203]
[168, 204]
[168, 203]
[170, 206]
[170, 205]
[176, 177]
[176, 212]
[177, 212]
[179, 214]
[183, 149]
[183, 219]
[183, 218]
[185, 186]
[185, 151]
[186, 187]
[186, 152]
[186, 222]
[187, 223]
[187, 222]
[189, 190]
[189, 224]
[190, 191]
[190, 156]
[191, 192]
[191, 227]
[192, 193]
[192, 227]
[193, 194]
[193, 229]
[194, 160]
[194, 230]
[194, 229]
[196, 232]
[196, 231]
[200, 201]
[200, 235]
[201, 167]
[203, 204]
[203, 239]
[204, 205]
[204, 170]
[204, 240]
[204, 239]
[205, 206]
[205, 241]
[205, 240]
[206, 172]
[206, 241]
[210, 176]
[217, 218]
[217, 183]
[218, 219]
[219, 185]
[222, 223]
[223, 224]
[223, 189]
[224, 190]
[227, 193]
[229, 230]
[230, 231]
[230, 196]
[231, 232]
[235, 201]
[239, 240]
[239, 205]
[240, 241]
[240, 206]
