[2, 38]
[2, 37]
[4, 5]
[4, 39]
[5, 6]
[6, 42]
[9, 45]
[11, 12]
[11, 47]
[12, 47]
[15, 50]
[21, 22]
[21, 57]
[22, 58]
[22, 57]
[24, 25]
[24, 60]
[25, 26]
[25, 61]
[25, 60]
[26, 62]
[26, 61]
[28, 29]
[28, 63]
[35, 70]
[37, 38]
[37, 73]
[38, 39]
[38, 4]
[38, 74]
[38, 73]
[39, 5]
[39, 74]
[45, 11]
[45, 80]
[47, 82]
[50, 86]
[52, 53]
[52, 88]
[52, 87]
[53, 19]
[53, 89]
[53, 88]
[57, 58]
[57, 93]
[57, 92]
[58, 24]
[58, 93]
[60, 61]
[60, 26]
[61, 62]
[61, 97]
[62, 63]
[62, 28]
[62, 97]
[63, 29]
[63, 99]
[70, 106]
[73, 74]
[73, 39]
[74, 110]
[76, 42]
[79, 80]
[79, 45]
[79, 115]
[79, 114]
[80, 116]
[80, 115]
[82, 117]
[86, 87]
[86, 52]
[86, 122]
[86, 121]
[87, 88]
[87, 53]
[87, 122]
[88, 89]
[88, 124]
[89, 90]
[89, 124]
[92, 93]
[92, 58]
[92, 128]
[92, 127]
[93, 129]
[93, 128]
[97, 63]
[97, 133]
[99, 100]
[99, 134]
[100, 136]
[102, 103]
[102, 138]
[103, 104]
[103, 139]
[103, 138]
[104, 139]
[110, 76]
[110, 146]
[113, 114]
[113, 79]
[113, 148]
[114, 115]
[114, 80]
[115, 116]
[116, 117]
[116, 82]
[120, 121]
[120, 86]
[120, 156]
[121, 122]
[121, 87]
[121, 156]
[122, 88]
[122, 158]
[124, 90]
[124, 160]
[127, 128]
[127, 93]
[128, 129]
[129, 165]
[133, 134]
[133, 99]
[133, 169]
[133, 168]
[134, 100]
[134, 170]
[134, 169]
[136, 102]
[138, 139]
[138, 104]
[138, 173]
[143, 178]
[146, 147]
[146, 182]
[146, 181]
[147, 148]
[147, 113]
[147, 182]
[148, 114]
[148, 184]
[154, 120]
[156, 122]
[156, 192]
[158, 124]
[160, 161]
[160, 195]
[161, 127]
[165, 166]
[166, 167]
[166, 202]
[167, 168]
[167, 133]
[167, 202]
[168, 169]
[168, 134]
[169, 170]
[169, 205]
[170, 136]
[170, 205]
[173, 139]
[176, 177]
[176, 212]
[176, 211]
[177, 178]
[177, 143]
[177, 213]
[177, 212]
[178, 213]
[181, 182]
[181, 147]
[181, 217]
[182, 148]
[182, 217]
[184, 185]
[184, 220]
[185, 220]
[187, 223]
[192, 158]
[192, 228]
[195, 161]
[195, 230]
[198, 234]
[202, 168]
[202, 238]
[202, 237]
[211, 212]
[211, 177]
[212, 213]
[212, 178]
[215, 181]
[228, 229]
[229, 230]
[229, 195]
[232, 198]
[234, 235]
[235, 236]
[236, 237]
[236, 202]
[237, 238]
[238, 239]
[239, 205]
[242, 243]
[243, 244]
