[4, 40]
[4, 39]
[6, 42]
[10, 11]
[13, 14]
[13, 49]
[13, 48]
[14, 15]
[14, 50]
[14, 49]
[15, 51]
[15, 50]
[31, 67]
[31, 66]
[34, 69]
[35, 36]
[35, 71]
[36, 2]
[36, 71]
[39, 40]
[39, 75]
[40, 6]
[40, 75]
[42, 43]
[42, 78]
[42, 77]
[43, 44]
[43, 79]
[43, 78]
[44, 10]
[44, 79]
[48, 49]
[48, 14]
[48, 83]
[49, 50]
[49, 15]
[49, 85]
[50, 51]
[50, 85]
[51, 52]
[52, 18]
[59, 60]
[60, 96]
[62, 98]
[65, 66]
[65, 31]
[65, 100]
[66, 67]
[75, 111]
[75, 110]
[77, 78]
[77, 43]
[78, 79]
[78, 44]
[78, 114]
[79, 115]
[79, 114]
[82, 83]
[82, 48]
[83, 49]
[85, 51]
[85, 121]
[93, 59]
[96, 62]
[98, 134]
[100, 66]
[100, 136]
[100, 135]
[105, 71]
[110, 111]
[110, 145]
[111, 77]
[111, 147]
[114, 115]
[114, 150]
[114, 149]
[115, 116]
[115, 151]
[115, 150]
[116, 82]
[116, 151]
[121, 122]
[125, 126]
[125, 161]
[126, 162]
[126, 161]
[134, 135]
[134, 100]
[134, 169]
[135, 136]
[135, 171]
[136, 171]
[138, 139]
[138, 173]
[142, 178]
[144, 145]
[144, 110]
[144, 180]
[145, 111]
[145, 180]
[147, 183]
[147, 182]
[149, 150]
[149, 115]
[149, 184]
[150, 151]
[150, 116]
[150, 186]
[151, 187]
[151, 186]
[153, 189]
[155, 121]
[155, 191]
[161, 162]
[161, 197]
[161, 196]
[162, 198]
[162, 197]
[167, 203]
[169, 135]
[169, 205]
[171, 206]
[173, 139]
[173, 208]
[178, 144]
[178, 214]
[180, 215]
[182, 183]
[182, 218]
[183, 184]
[183, 149]
[183, 218]
[184, 150]
[186, 187]
[187, 153]
[187, 223]
[189, 155]
[189, 225]
[189, 224]
[191, 192]
[191, 226]
[192, 228]
[194, 230]
[194, 229]
[196, 197]
[196, 162]
[196, 232]
[197, 198]
[197, 232]
[198, 234]
[203, 169]
[203, 239]
[205, 206]
[205, 171]
[205, 241]
[206, 242]
[206, 241]
[208, 244]
[210, 211]
[214, 215]
[214, 180]
[218, 184]
[223, 224]
[223, 189]
[224, 225]
[225, 226]
[225, 191]
[226, 192]
[228, 229]
[228, 194]
[229, 230]
[230, 196]
[232, 198]
[237, 203]
[239, 205]
[241, 242]
[242, 208]
