[1, 2]
[1, 37]
[2, 3]
[2, 38]
[2, 37]
[3, 39]
[3, 38]
[5, 41]
[11, 12]
[11, 46]
[12, 13]
[13, 49]
[15, 16]
[16, 52]
[23, 24]
[24, 25]
[25, 26]
[25, 61]
[26, 27]
[26, 61]
[27, 28]
[27, 63]
[28, 29]
[28, 64]
[28, 63]
[29, 30]
[29, 65]
[29, 64]
[30, 31]
[30, 66]
[30, 65]
[31, 32]
[31, 66]
[32, 33]
[32, 68]
[33, 34]
[33, 69]
[33, 68]
[34, 69]
[37, 38]
[37, 3]
[37, 73]
[38, 39]
[38, 73]
[39, 5]
[39, 75]
[41, 77]
[41, 76]
[46, 12]
[49, 15]
[49, 85]
[52, 88]
[52, 87]
[57, 23]
[61, 27]
[63, 64]
[63, 29]
[63, 99]
[64, 65]
[64, 30]
[64, 99]
[65, 66]
[65, 31]
[65, 101]
[66, 32]
[66, 102]
[66, 101]
[68, 69]
[68, 34]
[68, 104]
[68, 103]
[69, 104]
[71, 37]
[73, 39]
[73, 109]
[73, 108]
[75, 76]
[75, 41]
[75, 110]
[76, 77]
[79, 115]
[79, 114]
[85, 86]
[85, 121]
[85, 120]
[86, 87]
[86, 52]
[86, 121]
[87, 88]
[87, 123]
[88, 89]
[88, 123]
[89, 90]
[89, 125]
[90, 126]
[90, 125]
[94, 95]
[94, 129]
[95, 61]
[99, 65]
[99, 134]
[101, 102]
[101, 137]
[101, 136]
[102, 103]
[102, 68]
[102, 138]
[102, 137]
[103, 104]
[103, 69]
[103, 138]
[105, 71]
[105, 141]
[105, 140]
[108, 109]
[108, 144]
[108, 143]
[109, 110]
[109, 75]
[109, 145]
[109, 144]
[110, 76]
[110, 146]
[110, 145]
[114, 115]
[114, 150]
[115, 150]
[118, 119]
[119, 120]
[119, 85]
[120, 121]
[120, 86]
[121, 87]
[123, 89]
[123, 159]
[123, 158]
[125, 126]
[129, 95]
[129, 165]
[129, 164]
[132, 133]
[132, 168]
[132, 167]
[133, 134]
[133, 99]
[133, 168]
[134, 170]
[136, 137]
[136, 102]
[137, 138]
[137, 103]
[138, 104]
[140, 141]
[140, 175]
[141, 177]
[143, 144]
[143, 109]
[144, 145]
[144, 110]
[144, 180]
[145, 146]
[145, 180]
[146, 147]
[146, 182]
[147, 182]
[150, 186]
[150, 185]
[158, 159]
[158, 194]
[158, 193]
[159, 125]
[159, 194]
[164, 165]
[164, 200]
[165, 166]
[165, 200]
[166, 167]
[166, 132]
[166, 202]
[167, 168]
[167, 133]
[167, 202]
[168, 134]
[168, 204]
[170, 136]
[170, 205]
[175, 141]
[177, 143]
[177, 212]
[180, 146]
[180, 216]
[185, 186]
[186, 222]
[188, 189]
[188, 224]
[188, 223]
[189, 225]
[189, 224]
[192, 193]
[192, 158]
[193, 194]
[193, 159]
[193, 229]
[194, 229]
[196, 197]
[196, 232]
[197, 198]
[197, 232]
[198, 164]
[200, 166]
[200, 235]
[202, 168]
[202, 238]
[204, 205]
[204, 170]
[204, 239]
[205, 241]
[207, 208]
[207, 242]
[214, 180]
[216, 182]
[222, 223]
[222, 188]
[223, 224]
[223, 189]
[224, 225]
[225, 226]
[226, 192]
[232, 198]
[238, 239]
[238, 204]
[239, 205]
[241, 242]
[241, 207]
[242, 208]
