[3, 4]
[3, 39]
[3, 38]
[4, 40]
[4, 39]
[6, 7]
[6, 42]
[7, 8]
[7, 42]
[8, 9]
[8, 44]
[9, 10]
[9, 45]
[9, 44]
[10, 11]
[10, 45]
[11, 12]
[11, 47]
[12, 13]
[12, 47]
[13, 14]
[16, 17]
[17, 53]
[20, 21]
[20, 56]
[20, 55]
[21, 56]
[23, 24]
[23, 58]
[24, 25]
[25, 26]
[26, 27]
[27, 28]
[28, 29]
[29, 65]
[31, 32]
[31, 67]
[32, 67]
[35, 70]
[38, 39]
[38, 4]
[38, 74]
[38, 73]
[39, 40]
[39, 75]
[39, 74]
[40, 6]
[40, 75]
[42, 8]
[44, 45]
[44, 10]
[44, 80]
[45, 11]
[45, 80]
[47, 13]
[53, 54]
[53, 89]
[54, 55]
[54, 20]
[54, 90]
[54, 89]
[55, 56]
[55, 21]
[55, 90]
[56, 92]
[58, 24]
[58, 93]
[65, 31]
[65, 101]
[65, 100]
[67, 103]
[70, 105]
[72, 73]
[72, 38]
[72, 108]
[73, 74]
[73, 39]
[73, 109]
[73, 108]
[74, 75]
[74, 40]
[74, 109]
[75, 111]
[80, 116]
[80, 115]
[86, 121]
[89, 90]
[89, 55]
[89, 125]
[89, 124]
[90, 56]
[90, 126]
[90, 125]
[92, 93]
[92, 58]
[92, 128]
[92, 127]
[93, 129]
[93, 128]
[95, 130]
[97, 98]
[97, 133]
[97, 132]
[98, 134]
[98, 133]
[100, 101]
[100, 136]
[100, 135]
[101, 67]
[101, 136]
[103, 104]
[103, 139]
[104, 139]
[105, 140]
[108, 109]
[108, 74]
[108, 143]
[109, 75]
[111, 147]
[111, 146]
[113, 114]
[113, 149]
[113, 148]
[114, 115]
[114, 80]
[114, 150]
[114, 149]
[115, 116]
[115, 151]
[115, 150]
[116, 117]
[116, 151]
[117, 118]
[118, 84]
[118, 154]
[121, 157]
[121, 156]
[124, 125]
[124, 90]
[125, 126]
[125, 161]
[126, 127]
[126, 92]
[126, 161]
[127, 128]
[127, 93]
[128, 129]
[128, 164]
[129, 130]
[129, 95]
[129, 165]
[129, 164]
[130, 165]
[132, 133]
[132, 98]
[132, 168]
[133, 134]
[133, 169]
[133, 168]
[134, 135]
[134, 100]
[134, 170]
[134, 169]
[135, 136]
[135, 101]
[135, 170]
[139, 174]
[142, 143]
[142, 108]
[143, 109]
[146, 147]
[147, 148]
[147, 113]
[148, 149]
[148, 114]
[149, 150]
[149, 115]
[149, 185]
[150, 151]
[150, 116]
[150, 186]
[150, 185]
[151, 117]
[151, 187]
[151, 186]
[154, 190]
[154, 189]
[156, 157]
[156, 191]
[157, 158]
[158, 124]
[161, 127]
[161, 196]
[164, 165]
[164, 130]
[165, 201]
[168, 169]
[168, 134]
[168, 204]
[168, 203]
[169, 170]
[169, 135]
[169, 205]
[169, 204]
[170, 136]
[170, 206]
[170, 205]
[174, 209]
[180, 146]
[180, 216]
[180, 215]
[185, 186]
[185, 151]
[186, 187]
[186, 222]
[187, 188]
[187, 223]
[187, 222]
[188, 189]
[188, 154]
[188, 223]
[189, 190]
[190, 191]
[190, 156]
[190, 226]
[191, 157]
[191, 227]
[191, 226]
[195, 196]
[195, 161]
[196, 232]
[198, 164]
[203, 204]
[203, 169]
[203, 239]
[203, 238]
[204, 205]
[204, 170]
[204, 240]
[204, 239]
[205, 206]
[205, 241]
[205, 240]
[206, 207]
[206, 241]
[209, 244]
[210, 211]
[215, 216]
[216, 217]
[217, 218]
[218, 219]
[219, 185]
[222, 223]
[222, 188]
[223, 189]
[226, 227]
[227, 228]
[228, 229]
[229, 195]
[232, 198]
[235, 201]
[238, 239]
[238, 204]
[239, 240]
[239, 205]
[240, 241]
[240, 206]
[241, 207]
