[0, 1]
[0, 36]
[1, 36]
[10, 46]
[12, 13]
[13, 14]
[13, 49]
[14, 50]
[14, 49]
[16, 17]
[16, 51]
[17, 18]
[24, 25]
[24, 60]
[25, 26]
[25, 61]
[25, 60]
[26, 27]
[26, 61]
[27, 28]
[27, 63]
[28, 63]
[32, 33]
[32, 68]
[32, 67]
[33, 68]
[39, 40]
[39, 75]
[40, 75]
[42, 78]
[46, 12]
[49, 50]
[49, 84]
[50, 51]
[50, 16]
[50, 86]
[51, 17]
[51, 86]
[56, 57]
[60, 61]
[60, 26]
[60, 96]
[61, 27]
[61, 96]
[63, 99]
[67, 68]
[67, 33]
[67, 103]
[68, 103]
[73, 39]
[73, 109]
[73, 108]
[80, 46]
[80, 116]
[84, 50]
[84, 120]
[84, 119]
[89, 90]
[90, 56]
[90, 126]
[94, 60]
[99, 135]
[101, 67]
[101, 137]
[101, 136]
[103, 138]
[105, 140]
[108, 109]
[108, 144]
[108, 143]
[109, 75]
[109, 145]
[109, 144]
[112, 78]
[112, 148]
[116, 117]
[119, 120]
[120, 86]
[126, 162]
[135, 136]
[135, 101]
[136, 137]
[137, 138]
[137, 103]
[138, 174]
[140, 175]
[143, 144]
[143, 109]
[144, 145]
[145, 146]
[146, 112]
[150, 116]
[150, 186]
[150, 185]
[157, 158]
[157, 193]
[158, 194]
[158, 193]
[169, 135]
[174, 209]
[185, 186]
[185, 221]
[186, 187]
[186, 222]
[186, 221]
[187, 188]
[187, 222]
[188, 189]
[188, 224]
[189, 190]
[189, 225]
[189, 224]
[190, 191]
[190, 226]
[190, 225]
[191, 157]
[191, 226]
[193, 194]
[193, 229]
[193, 228]
[194, 229]
[199, 200]
[199, 234]
[200, 201]
[200, 236]
[201, 202]
[201, 236]
[202, 203]
[202, 238]
[203, 169]
[203, 238]
[207, 208]
[208, 209]
[208, 174]
[208, 244]
[209, 244]
[215, 216]
[216, 217]
[221, 222]
[221, 187]
[222, 188]
[224, 225]
[224, 190]
[225, 226]
[225, 191]
[228, 229]
[228, 194]
[233, 234]
[233, 199]
[234, 200]
[236, 202]
