[4, 5]
[4, 40]
[5, 40]
[8, 44]
[10, 46]
[12, 13]
[13, 14]
[13, 49]
[14, 49]
[17, 53]
[19, 20]
[20, 21]
[20, 56]
[21, 56]
[23, 24]
[23, 58]
[31, 67]
[33, 69]
[40, 75]
[44, 10]
[44, 80]
[44, 79]
[46, 12]
[46, 82]
[49, 85]
[49, 84]
[53, 19]
[53, 89]
[53, 88]
[58, 24]
[58, 94]
[58, 93]
[61, 62]
[62, 63]
[62, 98]
[63, 64]
[63, 98]
[64, 65]
[65, 31]
[65, 101]
[67, 33]
[69, 104]
[71, 72]
[71, 107]
[71, 106]
[72, 107]
[74, 75]
[74, 40]
[74, 110]
[75, 111]
[75, 110]
[78, 79]
[78, 44]
[79, 80]
[79, 115]
[80, 46]
[80, 115]
[82, 117]
[84, 85]
[84, 120]
[85, 120]
[88, 89]
[88, 123]
[89, 125]
[93, 94]
[94, 95]
[95, 61]
[95, 131]
[98, 64]
[98, 134]
[98, 133]
[101, 67]
[101, 136]
[104, 139]
[106, 107]
[106, 72]
[106, 142]
[107, 142]
[110, 111]
[111, 147]
[115, 150]
[117, 153]
[120, 155]
[123, 89]
[125, 126]
[126, 127]
[127, 93]
[131, 167]
[133, 134]
[134, 170]
[136, 172]
[149, 150]
[149, 115]
[149, 184]
[153, 189]
[153, 188]
[155, 191]
[155, 190]
[157, 123]
[157, 193]
[157, 192]
[164, 165]
[164, 199]
[165, 131]
[167, 133]
[167, 203]
[170, 136]
[170, 206]
[170, 205]
[172, 173]
[172, 208]
[172, 207]
[173, 139]
[173, 208]
[179, 215]
[184, 150]
[184, 220]
[184, 219]
[187, 188]
[187, 153]
[187, 223]
[188, 189]
[188, 224]
[188, 223]
[189, 190]
[189, 155]
[189, 225]
[189, 224]
[190, 191]
[190, 226]
[190, 225]
[191, 192]
[191, 157]
[191, 226]
[192, 193]
[193, 194]
[196, 197]
[196, 232]
[197, 198]
[197, 232]
[198, 199]
[198, 164]
[199, 165]
[199, 235]
[203, 238]
[205, 206]
[206, 207]
[206, 172]
[206, 242]
[207, 208]
[207, 173]
[207, 243]
[207, 242]
[208, 243]
[210, 211]
[211, 212]
[212, 213]
[213, 179]
[215, 216]
[219, 220]
[220, 221]
[221, 187]
[223, 224]
[223, 189]
[224, 225]
[224, 190]
[225, 226]
[225, 191]
[226, 192]
[232, 198]
[242, 243]
[242, 208]
