[0, 1]
[0, 36]
[1, 2]
[1, 37]
[1, 36]
[2, 37]
[6, 41]
[8, 43]
[10, 11]
[11, 12]
[12, 13]
[13, 14]
[18, 19]
[18, 54]
[19, 20]
[19, 55]
[19, 54]
[20, 56]
[20, 55]
[22, 23]
[23, 59]
[27, 28]
[27, 62]
[28, 29]
[28, 64]
[29, 30]
[29, 64]
[30, 31]
[30, 66]
[31, 32]
[31, 67]
[31, 66]
[32, 33]
[32, 68]
[32, 67]
[33, 34]
[33, 69]
[33, 68]
[34, 69]
[36, 37]
[36, 2]
[36, 71]
[41, 76]
[43, 79]
[51, 86]
[54, 55]
[54, 20]
[54, 90]
[55, 56]
[55, 90]
[56, 22]
[56, 92]
[59, 95]
[59, 94]
[61, 62]
[61, 27]
[61, 96]
[62, 28]
[62, 98]
[64, 30]
[64, 100]
[66, 67]
[66, 32]
[66, 102]
[67, 68]
[67, 33]
[67, 103]
[67, 102]
[68, 69]
[68, 34]
[68, 104]
[68, 103]
[69, 104]
[71, 37]
[71, 107]
[74, 75]
[74, 110]
[74, 109]
[75, 76]
[75, 41]
[75, 110]
[79, 115]
[81, 117]
[86, 122]
[86, 121]
[90, 56]
[90, 126]
[92, 128]
[94, 95]
[94, 130]
[94, 129]
[95, 96]
[95, 61]
[95, 131]
[95, 130]
[96, 62]
[96, 132]
[96, 131]
[98, 64]
[98, 134]
[100, 66]
[100, 135]
[102, 103]
[102, 68]
[102, 138]
[103, 104]
[103, 69]
[103, 139]
[103, 138]
[104, 139]
[105, 71]
[105, 141]
[105, 140]
[107, 108]
[107, 143]
[107, 142]
[108, 109]
[108, 74]
[108, 143]
[109, 110]
[109, 75]
[110, 76]
[110, 146]
[113, 79]
[115, 81]
[115, 151]
[115, 150]
[117, 118]
[121, 122]
[121, 156]
[122, 123]
[122, 158]
[123, 159]
[123, 158]
[126, 92]
[128, 129]
[128, 94]
[128, 164]
[129, 130]
[129, 95]
[129, 165]
[129, 164]
[130, 131]
[130, 96]
[130, 165]
[131, 132]
[132, 98]
[134, 135]
[134, 100]
[134, 170]
[135, 171]
[135, 170]
[138, 139]
[138, 104]
[140, 141]
[140, 176]
[140, 175]
[141, 142]
[141, 107]
[141, 176]
[142, 143]
[142, 108]
[142, 178]
[143, 109]
[143, 179]
[143, 178]
[150, 151]
[150, 185]
[151, 117]
[151, 187]
[155, 156]
[155, 121]
[155, 190]
[156, 122]
[158, 159]
[159, 160]
[160, 126]
[160, 196]
[164, 165]
[164, 130]
[164, 200]
[165, 131]
[165, 201]
[165, 200]
[170, 171]
[170, 206]
[170, 205]
[171, 206]
[175, 176]
[175, 141]
[175, 211]
[176, 142]
[176, 212]
[176, 211]
[178, 179]
[178, 213]
[179, 180]
[180, 146]
[185, 151]
[187, 223]
[187, 222]
[189, 190]
[189, 155]
[190, 156]
[196, 231]
[200, 201]
[201, 202]
[201, 237]
[202, 203]
[202, 237]
[203, 204]
[203, 239]
[204, 205]
[204, 170]
[204, 239]
[205, 206]
[205, 171]
[205, 241]
[206, 242]
[206, 241]
[208, 244]
[208, 243]
[211, 212]
[212, 213]
[212, 178]
[213, 179]
[222, 223]
[223, 189]
[230, 231]
[230, 196]
[233, 234]
[234, 200]
[237, 203]
[239, 205]
[241, 242]
[242, 243]
[242, 208]
[243, 244]
