[0, 1]
[0, 36]
[0, 35]
[1, 37]
[1, 36]
[3, 39]
[6, 42]
[6, 41]
[9, 10]
[9, 45]
[9, 44]
[10, 11]
[10, 45]
[13, 49]
[15, 16]
[15, 51]
[16, 51]
[25, 61]
[25, 60]
[28, 29]
[29, 30]
[35, 36]
[35, 1]
[35, 70]
[36, 37]
[37, 3]
[39, 40]
[39, 75]
[39, 74]
[40, 41]
[40, 6]
[40, 76]
[40, 75]
[41, 42]
[41, 76]
[42, 43]
[43, 44]
[43, 9]
[43, 79]
[44, 45]
[44, 10]
[44, 79]
[45, 11]
[49, 15]
[49, 85]
[49, 84]
[51, 87]
[51, 86]
[53, 89]
[56, 92]
[58, 59]
[58, 94]
[59, 60]
[59, 25]
[59, 94]
[60, 61]
[61, 62]
[61, 97]
[62, 28]
[62, 97]
[70, 36]
[74, 75]
[74, 40]
[74, 110]
[74, 109]
[75, 76]
[75, 41]
[75, 110]
[76, 42]
[79, 45]
[82, 118]
[82, 117]
[84, 85]
[84, 120]
[84, 119]
[85, 86]
[85, 51]
[85, 121]
[85, 120]
[86, 87]
[86, 122]
[86, 121]
[87, 53]
[87, 123]
[87, 122]
[89, 90]
[90, 56]
[90, 126]
[92, 58]
[92, 128]
[94, 60]
[94, 130]
[97, 133]
[100, 101]
[100, 135]
[101, 102]
[101, 137]
[102, 138]
[102, 137]
[104, 139]
[107, 143]
[107, 142]
[109, 110]
[109, 75]
[110, 76]
[113, 79]
[116, 117]
[116, 82]
[116, 152]
[116, 151]
[117, 118]
[117, 152]
[118, 119]
[118, 84]
[118, 154]
[119, 120]
[119, 85]
[119, 155]
[119, 154]
[120, 121]
[120, 86]
[120, 156]
[120, 155]
[121, 122]
[121, 87]
[121, 156]
[122, 123]
[122, 158]
[123, 89]
[123, 158]
[126, 92]
[128, 94]
[128, 163]
[130, 131]
[130, 166]
[130, 165]
[131, 97]
[131, 167]
[131, 166]
[133, 169]
[133, 168]
[135, 101]
[137, 138]
[137, 173]
[138, 139]
[138, 104]
[138, 173]
[140, 176]
[140, 175]
[142, 143]
[143, 109]
[150, 151]
[150, 116]
[151, 152]
[151, 117]
[151, 187]
[152, 118]
[152, 187]
[154, 155]
[154, 120]
[154, 189]
[155, 156]
[155, 121]
[155, 191]
[156, 122]
[156, 192]
[156, 191]
[158, 194]
[158, 193]
[160, 126]
[160, 196]
[163, 199]
[163, 198]
[165, 166]
[165, 131]
[165, 201]
[165, 200]
[166, 167]
[166, 201]
[167, 168]
[167, 133]
[167, 203]
[168, 169]
[168, 204]
[168, 203]
[169, 135]
[169, 205]
[169, 204]
[173, 139]
[175, 176]
[175, 210]
[176, 142]
[182, 217]
[184, 150]
[184, 220]
[184, 219]
[187, 222]
[189, 155]
[189, 224]
[191, 192]
[192, 193]
[192, 158]
[192, 228]
[193, 194]
[193, 229]
[193, 228]
[194, 160]
[194, 229]
[196, 232]
[196, 231]
[198, 199]
[198, 234]
[199, 200]
[199, 165]
[199, 235]
[199, 234]
[200, 201]
[200, 166]
[200, 236]
[200, 235]
[201, 167]
[201, 236]
[203, 204]
[203, 169]
[204, 205]
[207, 173]
[207, 243]
[210, 176]
[219, 220]
[228, 229]
[228, 194]
[231, 232]
[232, 198]
[234, 235]
[234, 200]
[235, 236]
[235, 201]
