[2, 3]
[2, 37]
[3, 4]
[3, 39]
[4, 39]
[6, 7]
[7, 8]
[10, 11]
[10, 45]
[11, 12]
[16, 17]
[22, 23]
[22, 58]
[23, 59]
[23, 58]
[27, 63]
[35, 36]
[35, 70]
[36, 37]
[36, 2]
[37, 3]
[39, 74]
[45, 11]
[45, 80]
[56, 22]
[56, 91]
[58, 59]
[58, 93]
[63, 64]
[63, 99]
[63, 98]
[64, 65]
[64, 99]
[65, 101]
[67, 33]
[70, 36]
[77, 78]
[78, 79]
[79, 80]
[79, 45]
[79, 115]
[80, 115]
[82, 117]
[86, 87]
[87, 88]
[93, 59]
[96, 97]
[96, 131]
[97, 98]
[97, 63]
[98, 99]
[98, 64]
[99, 65]
[101, 67]
[101, 136]
[108, 74]
[108, 143]
[119, 120]
[119, 155]
[119, 154]
[120, 86]
[120, 156]
[120, 155]
[125, 91]
[131, 97]
[131, 166]
[136, 172]
[136, 171]
[141, 142]
[142, 143]
[142, 108]
[145, 146]
[145, 181]
[145, 180]
[146, 181]
[149, 115]
[149, 185]
[154, 155]
[154, 120]
[155, 156]
[156, 157]
[157, 193]
[162, 163]
[162, 197]
[163, 164]
[163, 199]
[164, 200]
[164, 199]
[166, 201]
[169, 205]
[171, 172]
[172, 208]
[180, 181]
[180, 146]
[181, 217]
[183, 149]
[185, 186]
[186, 222]
[195, 196]
[195, 231]
[195, 230]
[196, 197]
[196, 162]
[196, 232]
[196, 231]
[197, 163]
[197, 232]
[199, 200]
[199, 234]
[200, 201]
[200, 166]
[200, 236]
[201, 236]
[205, 171]
[208, 243]
[214, 180]
[217, 183]
[227, 193]
[230, 231]
[230, 196]
[231, 232]
[231, 197]
[234, 200]
