[1, 37]
[1, 36]
[10, 46]
[10, 45]
[15, 51]
[15, 50]
[19, 20]
[20, 56]
[23, 24]
[24, 60]
[30, 31]
[31, 32]
[31, 67]
[32, 33]
[32, 67]
[33, 69]
[36, 37]
[40, 6]
[40, 76]
[43, 44]
[43, 78]
[44, 45]
[44, 10]
[44, 80]
[45, 46]
[45, 80]
[46, 12]
[50, 51]
[50, 86]
[51, 87]
[51, 86]
[60, 96]
[60, 95]
[67, 33]
[69, 104]
[70, 36]
[70, 106]
[78, 44]
[78, 113]
[80, 46]
[80, 116]
[84, 50]
[86, 87]
[86, 122]
[87, 122]
[94, 95]
[94, 60]
[94, 130]
[95, 96]
[95, 130]
[108, 109]
[108, 144]
[109, 145]
[109, 144]
[113, 148]
[116, 117]
[117, 118]
[117, 153]
[118, 84]
[118, 154]
[118, 153]
[126, 127]
[127, 128]
[128, 94]
[130, 96]
[130, 166]
[130, 165]
[140, 106]
[140, 176]
[144, 145]
[144, 180]
[144, 179]
[145, 146]
[145, 181]
[145, 180]
[146, 181]
[148, 183]
[150, 116]
[150, 185]
[153, 154]
[154, 190]
[156, 122]
[165, 166]
[165, 201]
[166, 167]
[166, 201]
[167, 203]
[169, 170]
[169, 204]
[170, 171]
[170, 206]
[171, 206]
[173, 174]
[173, 209]
[174, 209]
[179, 180]
[179, 145]
[180, 181]
[180, 146]
[181, 217]
[183, 219]
[190, 156]
[190, 226]
[193, 159]
[193, 229]
[198, 233]
[201, 167]
[203, 204]
[203, 169]
[203, 239]
[203, 238]
[204, 170]
[204, 240]
[204, 239]
[206, 242]
[213, 179]
[217, 183]
[219, 185]
[229, 230]
[230, 196]
[235, 201]
[238, 239]
[238, 204]
[239, 240]
[240, 206]
[242, 243]
[243, 209]
