[4, 5]
[4, 40]
[5, 6]
[5, 41]
[5, 40]
[6, 7]
[6, 41]
[7, 43]
[9, 44]
[14, 50]
[14, 49]
[18, 19]
[18, 53]
[19, 55]
[26, 27]
[29, 65]
[29, 64]
[31, 66]
[38, 4]
[38, 74]
[38, 73]
[40, 41]
[40, 6]
[40, 76]
[41, 7]
[41, 76]
[43, 44]
[43, 9]
[43, 78]
[44, 80]
[49, 50]
[53, 19]
[53, 89]
[53, 88]
[55, 91]
[64, 65]
[64, 99]
[65, 66]
[65, 31]
[65, 101]
[66, 101]
[72, 73]
[72, 38]
[72, 108]
[73, 74]
[73, 109]
[73, 108]
[74, 40]
[74, 109]
[76, 111]
[78, 44]
[80, 81]
[80, 115]
[81, 47]
[88, 89]
[89, 55]
[91, 126]
[94, 95]
[94, 130]
[95, 131]
[95, 130]
[98, 99]
[98, 64]
[98, 134]
[98, 133]
[99, 65]
[99, 134]
[101, 137]
[101, 136]
[108, 109]
[108, 74]
[108, 144]
[108, 143]
[109, 145]
[109, 144]
[115, 81]
[115, 151]
[115, 150]
[121, 122]
[122, 88]
[126, 161]
[128, 94]
[128, 163]
[130, 131]
[130, 166]
[131, 132]
[131, 166]
[132, 133]
[132, 98]
[132, 168]
[133, 134]
[133, 99]
[133, 169]
[133, 168]
[134, 170]
[134, 169]
[136, 137]
[136, 172]
[137, 138]
[137, 173]
[137, 172]
[138, 139]
[138, 173]
[143, 144]
[143, 109]
[143, 178]
[144, 145]
[144, 180]
[145, 111]
[145, 180]
[148, 184]
[150, 151]
[150, 186]
[151, 152]
[151, 187]
[151, 186]
[152, 153]
[152, 188]
[152, 187]
[153, 189]
[153, 188]
[155, 121]
[155, 191]
[155, 190]
[159, 195]
[159, 194]
[166, 132]
[166, 201]
[168, 169]
[168, 134]
[169, 170]
[170, 136]
[172, 173]
[172, 138]
[172, 208]
[172, 207]
[173, 139]
[173, 208]
[176, 177]
[176, 212]
[177, 178]
[177, 143]
[177, 212]
[178, 144]
[180, 216]
[184, 150]
[184, 220]
[184, 219]
[186, 187]
[186, 152]
[186, 221]
[187, 188]
[187, 153]
[188, 189]
[189, 190]
[189, 155]
[189, 225]
[190, 191]
[190, 226]
[190, 225]
[191, 227]
[191, 226]
[194, 195]
[194, 230]
[195, 161]
[195, 231]
[195, 230]
[200, 201]
[200, 166]
[200, 236]
[201, 237]
[201, 236]
[207, 208]
[207, 173]
[212, 178]
[218, 219]
[218, 184]
[219, 220]
[220, 221]
[220, 186]
[221, 187]
[225, 226]
[225, 191]
[226, 227]
[230, 231]
[233, 234]
[234, 200]
[236, 237]
[237, 238]
