[4, 5]
[4, 39]
[5, 6]
[5, 41]
[6, 7]
[6, 41]
[7, 43]
[10, 11]
[10, 46]
[10, 45]
[11, 12]
[11, 47]
[11, 46]
[12, 13]
[12, 47]
[13, 49]
[15, 16]
[15, 51]
[16, 51]
[20, 21]
[20, 56]
[20, 55]
[21, 56]
[24, 60]
[24, 59]
[26, 27]
[27, 63]
[31, 67]
[31, 66]
[33, 34]
[33, 69]
[34, 69]
[38, 39]
[38, 4]
[38, 73]
[39, 5]
[39, 75]
[41, 7]
[43, 44]
[44, 45]
[44, 10]
[44, 80]
[45, 46]
[45, 11]
[45, 80]
[46, 47]
[46, 12]
[47, 13]
[47, 83]
[49, 15]
[49, 85]
[51, 86]
[55, 56]
[55, 21]
[55, 91]
[55, 90]
[56, 92]
[56, 91]
[58, 59]
[58, 24]
[59, 60]
[59, 95]
[60, 26]
[60, 95]
[63, 98]
[65, 66]
[65, 31]
[65, 100]
[66, 67]
[66, 102]
[67, 33]
[67, 103]
[67, 102]
[72, 73]
[72, 38]
[72, 108]
[72, 107]
[73, 39]
[73, 108]
[75, 41]
[80, 46]
[80, 116]
[80, 115]
[83, 49]
[83, 118]
[85, 86]
[85, 51]
[85, 121]
[85, 120]
[86, 122]
[86, 121]
[89, 90]
[89, 55]
[89, 125]
[90, 91]
[90, 56]
[90, 126]
[90, 125]
[91, 92]
[91, 127]
[91, 126]
[92, 58]
[92, 128]
[92, 127]
[97, 98]
[97, 63]
[97, 133]
[97, 132]
[98, 134]
[98, 133]
[100, 66]
[100, 136]
[102, 103]
[102, 138]
[102, 137]
[103, 69]
[103, 138]
[107, 108]
[107, 73]
[107, 143]
[108, 144]
[108, 143]
[114, 115]
[114, 80]
[114, 150]
[115, 116]
[115, 151]
[115, 150]
[116, 152]
[116, 151]
[120, 121]
[120, 86]
[120, 156]
[121, 122]
[121, 156]
[122, 123]
[123, 89]
[125, 126]
[125, 91]
[125, 161]
[126, 127]
[126, 92]
[126, 161]
[127, 128]
[128, 129]
[128, 164]
[129, 95]
[129, 164]
[132, 133]
[132, 98]
[132, 167]
[133, 134]
[133, 169]
[134, 100]
[134, 170]
[134, 169]
[136, 137]
[136, 102]
[136, 172]
[136, 171]
[137, 138]
[137, 103]
[137, 173]
[137, 172]
[138, 174]
[138, 173]
[140, 141]
[140, 175]
[141, 107]
[141, 177]
[143, 144]
[143, 178]
[144, 145]
[144, 180]
[145, 181]
[145, 180]
[148, 114]
[150, 151]
[150, 116]
[150, 186]
[151, 152]
[151, 187]
[151, 186]
[152, 118]
[152, 188]
[152, 187]
[156, 122]
[156, 191]
[161, 127]
[161, 197]
[161, 196]
[164, 200]
[164, 199]
[167, 133]
[167, 203]
[169, 170]
[170, 171]
[170, 136]
[170, 206]
[171, 172]
[171, 137]
[171, 207]
[171, 206]
[172, 173]
[172, 138]
[172, 208]
[172, 207]
[173, 174]
[173, 208]
[175, 141]
[175, 211]
[175, 210]
[177, 178]
[177, 143]
[178, 144]
[178, 214]
[180, 181]
[180, 215]
[181, 182]
[181, 217]
[182, 148]
[182, 218]
[182, 217]
[186, 187]
[186, 152]
[187, 188]
[188, 189]
[188, 224]
[189, 190]
[189, 225]
[189, 224]
[190, 191]
[190, 156]
[190, 226]
[190, 225]
[191, 226]
[194, 229]
[196, 197]
[199, 200]
[199, 235]
[199, 234]
[200, 236]
[200, 235]
[203, 169]
[203, 238]
[206, 207]
[206, 172]
[206, 242]
[207, 208]
[207, 173]
[207, 242]
[208, 174]
[210, 211]
[211, 177]
[214, 215]
[214, 180]
[215, 181]
[217, 218]
[218, 219]
[224, 225]
[224, 190]
[225, 226]
[225, 191]
[234, 235]
[234, 200]
[235, 236]
[236, 237]
[237, 238]
[237, 203]
[242, 208]
