[3, 4]
[3, 39]
[3, 38]
[4, 5]
[4, 39]
[5, 41]
[9, 44]
[12, 13]
[13, 14]
[14, 15]
[15, 51]
[17, 53]
[22, 58]
[22, 57]
[24, 60]
[24, 59]
[27, 63]
[27, 62]
[30, 31]
[30, 65]
[38, 39]
[38, 4]
[38, 74]
[39, 5]
[39, 74]
[41, 77]
[43, 44]
[43, 9]
[43, 79]
[43, 78]
[44, 79]
[46, 12]
[51, 17]
[51, 87]
[51, 86]
[53, 54]
[53, 89]
[53, 88]
[54, 89]
[57, 58]
[57, 93]
[58, 59]
[58, 24]
[58, 93]
[59, 60]
[62, 63]
[65, 31]
[65, 101]
[70, 106]
[72, 38]
[72, 108]
[77, 78]
[77, 43]
[77, 113]
[77, 112]
[78, 79]
[78, 44]
[78, 114]
[78, 113]
[79, 115]
[79, 114]
[84, 119]
[86, 87]
[86, 121]
[87, 88]
[87, 53]
[88, 89]
[88, 54]
[93, 59]
[93, 129]
[106, 72]
[106, 141]
[108, 74]
[108, 144]
[108, 143]
[112, 113]
[112, 78]
[112, 148]
[112, 147]
[113, 114]
[113, 79]
[113, 149]
[113, 148]
[114, 115]
[114, 150]
[114, 149]
[115, 151]
[115, 150]
[121, 87]
[121, 157]
[129, 165]
[132, 168]
[143, 144]
[143, 179]
[144, 180]
[144, 179]
[146, 147]
[146, 112]
[147, 148]
[147, 113]
[148, 149]
[148, 114]
[148, 184]
[149, 150]
[149, 115]
[149, 184]
[150, 151]
[150, 186]
[151, 187]
[151, 186]
[153, 119]
[159, 160]
[160, 196]
[162, 197]
[165, 166]
[165, 200]
[166, 132]
[166, 202]
[171, 207]
[175, 141]
[175, 211]
[175, 210]
[179, 180]
[179, 215]
[180, 146]
[180, 216]
[180, 215]
[184, 150]
[184, 219]
[186, 187]
[186, 221]
[187, 153]
[187, 223]
[190, 226]
[190, 225]
[196, 197]
[196, 162]
[199, 200]
[199, 165]
[200, 166]
[200, 236]
[202, 168]
[202, 238]
[202, 237]
[207, 243]
[207, 242]
[210, 211]
[215, 216]
[221, 187]
[223, 224]
[224, 225]
[224, 190]
[225, 226]
[226, 227]
[227, 228]
[228, 229]
[236, 237]
[236, 202]
[237, 238]
[242, 243]
