[3, 39]
[3, 38]
[7, 8]
[7, 43]
[8, 43]
[11, 47]
[16, 17]
[17, 18]
[17, 53]
[18, 53]
[24, 25]
[27, 28]
[38, 39]
[39, 5]
[39, 75]
[43, 78]
[47, 83]
[53, 89]
[72, 38]
[72, 108]
[75, 76]
[75, 111]
[76, 77]
[76, 112]
[76, 111]
[77, 78]
[77, 43]
[77, 112]
[78, 114]
[80, 81]
[80, 116]
[80, 115]
[81, 47]
[81, 117]
[81, 116]
[83, 84]
[89, 124]
[95, 96]
[95, 131]
[96, 131]
[98, 134]
[103, 104]
[103, 139]
[104, 139]
[108, 109]
[108, 143]
[109, 75]
[109, 145]
[111, 112]
[111, 77]
[112, 78]
[112, 148]
[114, 115]
[114, 80]
[114, 150]
[115, 116]
[115, 81]
[115, 150]
[116, 117]
[116, 152]
[117, 83]
[117, 153]
[117, 152]
[121, 157]
[121, 156]
[124, 160]
[124, 159]
[134, 100]
[134, 169]
[139, 174]
[143, 109]
[143, 179]
[143, 178]
[145, 111]
[145, 181]
[145, 180]
[148, 114]
[148, 183]
[150, 116]
[150, 186]
[152, 153]
[153, 189]
[155, 156]
[155, 121]
[155, 190]
[156, 157]
[156, 192]
[157, 192]
[159, 160]
[159, 195]
[160, 195]
[162, 163]
[162, 197]
[163, 199]
[165, 131]
[165, 200]
[168, 169]
[168, 134]
[171, 172]
[171, 207]
[172, 173]
[172, 207]
[173, 174]
[173, 139]
[173, 209]
[174, 209]
[175, 176]
[176, 177]
[176, 212]
[177, 178]
[177, 143]
[177, 212]
[178, 179]
[179, 180]
[179, 145]
[180, 181]
[181, 182]
[182, 183]
[182, 148]
[182, 218]
[183, 219]
[183, 218]
[186, 152]
[186, 222]
[189, 190]
[189, 155]
[189, 225]
[190, 156]
[190, 225]
[192, 228]
[195, 231]
[197, 163]
[197, 232]
[199, 200]
[199, 165]
[199, 235]
[200, 235]
[207, 173]
[212, 178]
[218, 219]
[219, 220]
[220, 186]
[222, 223]
[223, 189]
[231, 232]
[231, 197]
[237, 238]
[240, 241]
[241, 207]
