[0, 36]
[0, 35]
[2, 3]
[2, 38]
[2, 37]
[3, 4]
[3, 38]
[7, 8]
[8, 9]
[8, 44]
[9, 44]
[13, 14]
[14, 50]
[17, 53]
[20, 21]
[20, 55]
[21, 57]
[35, 36]
[35, 71]
[35, 70]
[36, 37]
[36, 2]
[36, 71]
[37, 38]
[37, 3]
[38, 4]
[38, 74]
[41, 7]
[44, 80]
[44, 79]
[46, 47]
[46, 81]
[47, 13]
[50, 51]
[50, 86]
[51, 17]
[51, 86]
[53, 54]
[53, 88]
[54, 55]
[54, 20]
[54, 90]
[55, 21]
[55, 90]
[57, 58]
[58, 59]
[58, 94]
[59, 94]
[63, 99]
[63, 98]
[65, 101]
[65, 100]
[67, 68]
[67, 102]
[70, 71]
[70, 36]
[71, 37]
[71, 107]
[74, 110]
[79, 80]
[79, 115]
[79, 114]
[80, 81]
[80, 46]
[80, 115]
[81, 47]
[88, 54]
[90, 125]
[94, 129]
[96, 132]
[96, 131]
[98, 99]
[99, 100]
[99, 65]
[99, 135]
[100, 101]
[100, 135]
[101, 102]
[101, 67]
[102, 68]
[102, 138]
[107, 108]
[107, 143]
[107, 142]
[108, 74]
[108, 144]
[108, 143]
[110, 111]
[111, 147]
[113, 114]
[113, 79]
[113, 149]
[114, 115]
[114, 80]
[114, 149]
[115, 81]
[119, 120]
[119, 155]
[119, 154]
[120, 86]
[120, 155]
[125, 160]
[127, 128]
[128, 129]
[128, 94]
[129, 165]
[131, 132]
[132, 98]
[135, 101]
[135, 170]
[142, 143]
[142, 108]
[143, 144]
[143, 179]
[144, 110]
[144, 180]
[144, 179]
[147, 113]
[149, 115]
[152, 153]
[152, 187]
[153, 154]
[153, 119]
[154, 155]
[154, 120]
[154, 190]
[155, 191]
[155, 190]
[157, 193]
[157, 192]
[160, 196]
[165, 131]
[165, 200]
[169, 170]
[169, 135]
[170, 206]
[172, 138]
[179, 180]
[179, 214]
[186, 187]
[186, 152]
[186, 221]
[187, 153]
[187, 223]
[190, 191]
[190, 226]
[191, 192]
[191, 157]
[191, 227]
[191, 226]
[192, 193]
[192, 228]
[192, 227]
[193, 194]
[193, 228]
[194, 160]
[194, 230]
[196, 197]
[196, 232]
[196, 231]
[197, 233]
[197, 232]
[199, 200]
[199, 165]
[199, 234]
[200, 236]
[203, 169]
[203, 239]
[206, 172]
[206, 242]
[206, 241]
[209, 244]
[214, 180]
[221, 187]
[223, 224]
[224, 190]
[226, 227]
[226, 192]
[227, 228]
[227, 193]
[228, 194]
[230, 231]
[230, 196]
[231, 232]
[231, 197]
[232, 233]
[233, 234]
[233, 199]
[234, 200]
[236, 237]
[237, 203]
[241, 242]
