[0, 36]
[0, 35]
[5, 41]
[5, 40]
[8, 44]
[8, 43]
[12, 47]
[20, 21]
[20, 56]
[20, 55]
[21, 22]
[21, 57]
[21, 56]
[22, 57]
[24, 60]
[27, 63]
[32, 67]
[35, 36]
[35, 70]
[39, 40]
[39, 5]
[39, 75]
[39, 74]
[40, 41]
[40, 75]
[43, 44]
[43, 79]
[44, 79]
[49, 50]
[49, 84]
[50, 51]
[51, 52]
[51, 87]
[52, 53]
[52, 88]
[52, 87]
[53, 88]
[55, 56]
[55, 21]
[56, 57]
[56, 22]
[60, 61]
[60, 95]
[61, 27]
[61, 97]
[63, 99]
[63, 98]
[65, 100]
[67, 102]
[70, 36]
[70, 106]
[70, 105]
[74, 75]
[74, 40]
[74, 109]
[75, 41]
[75, 111]
[81, 47]
[81, 117]
[84, 50]
[84, 120]
[84, 119]
[87, 88]
[87, 53]
[87, 123]
[87, 122]
[88, 124]
[88, 123]
[95, 61]
[95, 131]
[97, 98]
[97, 63]
[97, 133]
[98, 99]
[98, 133]
[99, 100]
[99, 65]
[105, 106]
[105, 140]
[109, 75]
[109, 145]
[109, 144]
[111, 147]
[111, 146]
[117, 152]
[119, 120]
[119, 155]
[119, 154]
[120, 121]
[120, 156]
[120, 155]
[121, 122]
[121, 87]
[121, 157]
[121, 156]
[122, 123]
[122, 88]
[122, 157]
[123, 124]
[124, 125]
[124, 160]
[125, 126]
[125, 160]
[126, 162]
[131, 97]
[131, 166]
[133, 99]
[140, 106]
[140, 175]
[144, 145]
[144, 179]
[145, 146]
[145, 111]
[146, 147]
[146, 182]
[147, 182]
[149, 185]
[151, 152]
[151, 117]
[151, 187]
[152, 187]
[154, 155]
[154, 120]
[154, 189]
[155, 156]
[155, 121]
[156, 157]
[156, 122]
[157, 123]
[160, 126]
[160, 195]
[162, 128]
[166, 202]
[166, 201]
[171, 172]
[171, 207]
[172, 207]
[175, 210]
[179, 145]
[179, 215]
[179, 214]
[182, 218]
[185, 151]
[185, 221]
[187, 223]
[189, 155]
[189, 224]
[200, 201]
[200, 166]
[200, 236]
[200, 235]
[201, 202]
[201, 237]
[201, 236]
[202, 203]
[202, 237]
[205, 171]
[205, 241]
[205, 240]
[207, 242]
[213, 214]
[213, 179]
[214, 215]
[221, 187]
[223, 224]
[223, 189]
[234, 235]
[234, 200]
[235, 236]
[235, 201]
[236, 237]
[236, 202]
[237, 203]
[240, 241]
[241, 242]
[241, 207]
