[1, 2]
[1, 37]
[2, 3]
[2, 37]
[3, 4]
[4, 5]
[4, 40]
[5, 6]
[5, 40]
[6, 7]
[10, 11]
[11, 12]
[17, 18]
[17, 53]
[17, 52]
[18, 53]
[21, 22]
[21, 57]
[21, 56]
[22, 23]
[22, 58]
[22, 57]
[23, 59]
[23, 58]
[25, 61]
[25, 60]
[27, 62]
[29, 30]
[29, 64]
[30, 66]
[33, 34]
[33, 69]
[34, 69]
[37, 3]
[37, 73]
[40, 6]
[52, 53]
[52, 18]
[52, 88]
[52, 87]
[53, 88]
[55, 56]
[55, 21]
[56, 57]
[56, 22]
[56, 92]
[57, 58]
[57, 23]
[57, 93]
[57, 92]
[58, 59]
[58, 93]
[59, 60]
[59, 25]
[60, 61]
[60, 96]
[61, 62]
[61, 27]
[61, 97]
[61, 96]
[62, 98]
[62, 97]
[64, 30]
[64, 99]
[70, 71]
[70, 106]
[71, 37]
[71, 107]
[71, 106]
[73, 109]
[73, 108]
[80, 116]
[80, 115]
[82, 83]
[82, 118]
[82, 117]
[83, 84]
[83, 119]
[83, 118]
[84, 85]
[84, 120]
[84, 119]
[85, 86]
[85, 120]
[86, 87]
[86, 52]
[87, 88]
[87, 53]
[87, 123]
[88, 124]
[88, 123]
[92, 93]
[92, 58]
[93, 59]
[96, 97]
[96, 62]
[96, 132]
[96, 131]
[97, 98]
[97, 133]
[97, 132]
[98, 99]
[98, 64]
[98, 134]
[98, 133]
[99, 134]
[106, 107]
[106, 142]
[106, 141]
[107, 108]
[107, 73]
[107, 142]
[108, 109]
[109, 110]
[109, 145]
[110, 111]
[110, 145]
[111, 77]
[111, 147]
[114, 115]
[114, 80]
[114, 150]
[114, 149]
[115, 116]
[115, 150]
[116, 117]
[116, 82]
[116, 152]
[117, 118]
[117, 83]
[117, 152]
[118, 119]
[118, 84]
[119, 120]
[119, 85]
[120, 86]
[123, 124]
[123, 159]
[124, 159]
[126, 92]
[126, 162]
[126, 161]
[130, 131]
[130, 96]
[130, 166]
[130, 165]
[131, 132]
[131, 97]
[131, 167]
[131, 166]
[132, 133]
[132, 98]
[132, 167]
[133, 134]
[133, 99]
[133, 169]
[134, 169]
[136, 172]
[136, 171]
[139, 174]
[140, 141]
[140, 106]
[140, 176]
[141, 142]
[141, 107]
[141, 176]
[142, 108]
[142, 178]
[145, 111]
[147, 148]
[147, 183]
[148, 149]
[148, 114]
[148, 184]
[148, 183]
[149, 150]
[149, 115]
[149, 185]
[149, 184]
[150, 116]
[150, 186]
[150, 185]
[152, 118]
[152, 187]
[159, 195]
[161, 162]
[161, 196]
[162, 163]
[163, 164]
[164, 165]
[164, 130]
[164, 200]
[165, 166]
[165, 131]
[165, 200]
[166, 167]
[166, 132]
[166, 202]
[167, 133]
[167, 202]
[171, 172]
[171, 206]
[172, 173]
[172, 208]
[173, 174]
[173, 139]
[173, 208]
[176, 142]
[178, 179]
[178, 214]
[179, 145]
[179, 214]
[183, 184]
[183, 149]
[184, 185]
[184, 150]
[185, 186]
[185, 221]
[186, 187]
[186, 152]
[186, 221]
[187, 223]
[191, 192]
[191, 226]
[192, 193]
[193, 159]
[195, 196]
[195, 161]
[195, 231]
[196, 162]
[196, 231]
[200, 166]
[200, 236]
[200, 235]
[202, 237]
[206, 172]
[206, 242]
[206, 241]
[208, 174]
[208, 244]
[208, 243]
[210, 176]
[221, 187]
[223, 224]
[224, 225]
[225, 226]
[225, 191]
[226, 192]
[235, 236]
[236, 237]
[236, 202]
[240, 241]
[240, 206]
[241, 242]
[242, 243]
[242, 208]
[243, 244]
