[0, 1]
[0, 36]
[1, 37]
[1, 36]
[3, 38]
[5, 41]
[8, 9]
[8, 44]
[8, 43]
[9, 10]
[9, 44]
[12, 13]
[13, 14]
[13, 49]
[14, 50]
[14, 49]
[19, 55]
[19, 54]
[25, 26]
[25, 61]
[26, 62]
[26, 61]
[30, 65]
[32, 33]
[32, 68]
[32, 67]
[33, 34]
[33, 69]
[33, 68]
[34, 69]
[36, 37]
[36, 72]
[37, 38]
[37, 3]
[37, 73]
[37, 72]
[38, 73]
[43, 44]
[43, 9]
[43, 79]
[43, 78]
[44, 10]
[44, 79]
[49, 50]
[49, 84]
[50, 86]
[52, 53]
[52, 88]
[53, 54]
[53, 19]
[53, 88]
[54, 55]
[59, 25]
[59, 95]
[59, 94]
[61, 62]
[61, 97]
[61, 96]
[62, 28]
[62, 97]
[65, 100]
[67, 68]
[67, 33]
[67, 103]
[68, 69]
[68, 34]
[68, 104]
[68, 103]
[69, 104]
[72, 73]
[72, 38]
[72, 108]
[72, 107]
[73, 108]
[78, 79]
[78, 44]
[78, 114]
[78, 113]
[79, 114]
[83, 84]
[83, 49]
[83, 119]
[83, 118]
[84, 50]
[84, 119]
[86, 52]
[86, 121]
[88, 54]
[88, 124]
[94, 95]
[95, 96]
[95, 61]
[95, 131]
[96, 97]
[96, 62]
[96, 131]
[97, 133]
[100, 135]
[103, 104]
[103, 69]
[103, 139]
[103, 138]
[104, 139]
[107, 108]
[107, 73]
[107, 142]
[108, 144]
[112, 113]
[112, 78]
[113, 114]
[113, 79]
[113, 149]
[114, 150]
[114, 149]
[117, 118]
[117, 83]
[118, 119]
[118, 84]
[118, 154]
[119, 154]
[124, 125]
[124, 159]
[125, 126]
[125, 161]
[126, 127]
[126, 162]
[126, 161]
[127, 128]
[127, 162]
[128, 94]
[131, 97]
[131, 167]
[133, 134]
[134, 135]
[134, 100]
[138, 139]
[138, 104]
[138, 173]
[141, 142]
[141, 107]
[141, 176]
[142, 108]
[144, 180]
[146, 112]
[146, 181]
[149, 150]
[149, 185]
[150, 185]
[154, 190]
[154, 189]
[159, 125]
[159, 194]
[161, 162]
[161, 127]
[161, 196]
[162, 128]
[167, 133]
[167, 202]
[173, 139]
[173, 208]
[175, 176]
[175, 141]
[175, 210]
[176, 142]
[176, 212]
[180, 181]
[180, 146]
[181, 217]
[185, 221]
[189, 190]
[192, 193]
[193, 194]
[193, 159]
[193, 229]
[194, 230]
[194, 229]
[196, 162]
[199, 235]
[199, 234]
[202, 237]
[205, 206]
[206, 242]
[208, 244]
[210, 176]
[212, 213]
[219, 185]
[223, 189]
[229, 230]
[230, 196]
[233, 234]
[233, 199]
[234, 235]
[242, 208]
