[1, 2]
[1, 37]
[2, 38]
[2, 37]
[5, 41]
[9, 10]
[14, 15]
[14, 50]
[15, 51]
[15, 50]
[19, 20]
[19, 55]
[19, 54]
[20, 21]
[20, 55]
[21, 22]
[21, 57]
[22, 23]
[22, 57]
[23, 24]
[23, 59]
[24, 60]
[24, 59]
[26, 27]
[26, 61]
[27, 28]
[27, 63]
[28, 63]
[31, 66]
[33, 34]
[33, 68]
[37, 38]
[37, 73]
[38, 74]
[38, 73]
[41, 42]
[41, 77]
[42, 78]
[42, 77]
[47, 82]
[50, 51]
[50, 86]
[50, 85]
[51, 86]
[54, 55]
[54, 20]
[54, 90]
[55, 21]
[55, 90]
[57, 23]
[57, 93]
[59, 60]
[59, 95]
[59, 94]
[60, 61]
[60, 26]
[60, 96]
[60, 95]
[61, 27]
[61, 97]
[61, 96]
[66, 102]
[66, 101]
[68, 34]
[68, 104]
[70, 106]
[70, 105]
[73, 74]
[73, 108]
[74, 75]
[75, 41]
[75, 111]
[77, 78]
[77, 113]
[77, 112]
[78, 79]
[78, 113]
[82, 118]
[82, 117]
[85, 86]
[85, 51]
[85, 120]
[93, 94]
[93, 59]
[94, 95]
[94, 60]
[94, 130]
[95, 96]
[95, 61]
[95, 130]
[96, 97]
[96, 132]
[97, 63]
[97, 132]
[100, 101]
[100, 66]
[101, 102]
[102, 68]
[102, 138]
[104, 139]
[105, 106]
[105, 140]
[106, 142]
[108, 74]
[108, 144]
[108, 143]
[111, 112]
[111, 77]
[111, 146]
[112, 113]
[112, 78]
[113, 79]
[116, 117]
[116, 82]
[116, 151]
[117, 118]
[117, 153]
[118, 119]
[118, 154]
[118, 153]
[119, 120]
[119, 85]
[119, 154]
[120, 86]
[123, 158]
[127, 93]
[127, 163]
[130, 96]
[132, 167]
[134, 100]
[134, 170]
[138, 139]
[138, 104]
[138, 173]
[140, 106]
[140, 176]
[142, 143]
[142, 108]
[142, 178]
[142, 177]
[143, 144]
[143, 178]
[146, 112]
[146, 182]
[146, 181]
[151, 117]
[153, 154]
[153, 119]
[153, 189]
[153, 188]
[154, 120]
[154, 189]
[157, 158]
[157, 123]
[157, 192]
[158, 194]
[161, 127]
[161, 197]
[163, 164]
[163, 198]
[164, 130]
[167, 202]
[170, 171]
[170, 205]
[171, 172]
[172, 173]
[172, 138]
[173, 139]
[176, 177]
[176, 142]
[176, 212]
[176, 211]
[177, 178]
[177, 143]
[177, 212]
[178, 144]
[181, 182]
[181, 217]
[182, 183]
[182, 217]
[183, 219]
[185, 151]
[185, 221]
[185, 220]
[188, 189]
[188, 154]
[188, 223]
[191, 192]
[191, 157]
[191, 227]
[191, 226]
[192, 158]
[192, 228]
[192, 227]
[194, 195]
[194, 230]
[195, 161]
[195, 230]
[197, 198]
[197, 163]
[197, 232]
[198, 164]
[198, 234]
[202, 237]
[204, 205]
[204, 170]
[205, 171]
[210, 211]
[210, 176]
[211, 212]
[211, 177]
[212, 178]
[217, 183]
[219, 220]
[219, 185]
[220, 221]
[223, 189]
[226, 227]
[226, 192]
[227, 228]
[228, 194]
[232, 198]
