[2, 38]
[2, 37]
[9, 45]
[15, 16]
[15, 51]
[15, 50]
[16, 17]
[16, 51]
[17, 53]
[20, 21]
[23, 24]
[23, 59]
[24, 25]
[24, 59]
[32, 68]
[35, 71]
[35, 70]
[37, 38]
[45, 80]
[50, 51]
[50, 16]
[51, 17]
[51, 87]
[53, 89]
[59, 25]
[59, 95]
[62, 97]
[68, 69]
[70, 71]
[70, 106]
[70, 105]
[71, 37]
[71, 107]
[71, 106]
[75, 111]
[75, 110]
[77, 78]
[77, 113]
[77, 112]
[78, 113]
[82, 83]
[82, 118]
[82, 117]
[83, 118]
[87, 53]
[87, 123]
[89, 90]
[90, 91]
[91, 92]
[92, 93]
[93, 59]
[97, 132]
[105, 106]
[105, 71]
[105, 141]
[105, 140]
[106, 107]
[106, 142]
[106, 141]
[107, 142]
[109, 110]
[109, 75]
[109, 145]
[110, 111]
[110, 145]
[111, 112]
[111, 77]
[112, 113]
[112, 78]
[112, 148]
[113, 148]
[117, 118]
[117, 83]
[117, 153]
[118, 153]
[120, 155]
[123, 89]
[123, 159]
[123, 158]
[132, 168]
[136, 137]
[136, 172]
[137, 173]
[137, 172]
[139, 174]
[140, 141]
[140, 106]
[140, 175]
[141, 142]
[141, 107]
[142, 178]
[145, 111]
[148, 183]
[150, 186]
[150, 185]
[153, 189]
[155, 191]
[158, 159]
[158, 194]
[158, 193]
[159, 160]
[159, 194]
[160, 161]
[160, 196]
[161, 196]
[163, 198]
[165, 200]
[168, 203]
[172, 173]
[172, 208]
[173, 174]
[173, 139]
[173, 208]
[175, 141]
[178, 214]
[178, 213]
[183, 218]
[185, 186]
[185, 220]
[186, 187]
[186, 222]
[187, 153]
[187, 222]
[189, 155]
[191, 227]
[193, 194]
[193, 159]
[193, 229]
[194, 160]
[194, 229]
[196, 231]
[198, 233]
[200, 236]
[202, 203]
[202, 168]
[205, 241]
[205, 240]
[208, 174]
[208, 244]
[213, 214]
[217, 218]
[217, 183]
[220, 186]
[227, 193]
[236, 202]
[240, 241]
[241, 242]
[242, 208]
