[6, 7]
[6, 42]
[6, 41]
[7, 43]
[7, 42]
[16, 17]
[16, 52]
[17, 18]
[17, 52]
[20, 21]
[20, 56]
[20, 55]
[21, 22]
[21, 57]
[21, 56]
[22, 57]
[28, 63]
[32, 68]
[32, 67]
[39, 40]
[40, 41]
[40, 6]
[41, 42]
[41, 7]
[42, 43]
[46, 82]
[49, 50]
[50, 16]
[52, 18]
[55, 56]
[55, 21]
[55, 90]
[56, 57]
[56, 22]
[59, 60]
[59, 95]
[59, 94]
[60, 96]
[60, 95]
[66, 67]
[66, 32]
[66, 102]
[66, 101]
[67, 68]
[67, 103]
[67, 102]
[68, 69]
[68, 104]
[68, 103]
[69, 104]
[90, 56]
[90, 126]
[94, 95]
[94, 60]
[94, 130]
[94, 129]
[95, 96]
[95, 131]
[95, 130]
[96, 131]
[101, 102]
[101, 67]
[102, 103]
[102, 68]
[103, 104]
[103, 69]
[105, 140]
[107, 108]
[107, 143]
[108, 143]
[113, 114]
[114, 115]
[115, 116]
[115, 151]
[116, 82]
[116, 152]
[116, 151]
[120, 121]
[121, 122]
[122, 158]
[126, 162]
[126, 161]
[129, 130]
[129, 95]
[129, 164]
[130, 131]
[130, 96]
[133, 134]
[134, 135]
[135, 101]
[140, 176]
[143, 179]
[143, 178]
[146, 147]
[147, 113]
[147, 183]
[151, 152]
[152, 188]
[158, 159]
[158, 194]
[159, 160]
[159, 195]
[159, 194]
[160, 161]
[160, 126]
[160, 196]
[160, 195]
[161, 162]
[161, 196]
[162, 163]
[163, 164]
[163, 129]
[163, 199]
[164, 130]
[164, 199]
[176, 177]
[176, 212]
[176, 211]
[177, 178]
[177, 143]
[177, 213]
[177, 212]
[178, 179]
[178, 213]
[183, 184]
[184, 185]
[184, 220]
[185, 151]
[185, 220]
[188, 224]
[191, 227]
[191, 226]
[194, 195]
[194, 160]
[195, 196]
[195, 161]
[195, 231]
[196, 162]
[196, 231]
[199, 235]
[204, 205]
[204, 240]
[204, 239]
[205, 241]
[205, 240]
[207, 243]
[211, 212]
[211, 177]
[212, 213]
[212, 178]
[213, 179]
[226, 227]
[235, 201]
[238, 239]
[238, 204]
[239, 240]
[239, 205]
[240, 241]
[241, 207]
[243, 209]
