[0, 1]
[0, 36]
[0, 35]
[1, 36]
[3, 4]
[3, 39]
[3, 38]
[4, 39]
[8, 44]
[10, 45]
[12, 48]
[16, 17]
[17, 53]
[20, 21]
[20, 56]
[21, 57]
[21, 56]
[25, 26]
[25, 61]
[26, 27]
[26, 61]
[31, 32]
[31, 67]
[32, 67]
[35, 36]
[35, 1]
[35, 70]
[36, 72]
[38, 39]
[38, 4]
[38, 74]
[39, 74]
[41, 42]
[41, 77]
[42, 8]
[42, 77]
[44, 45]
[44, 10]
[44, 80]
[44, 79]
[45, 81]
[45, 80]
[56, 57]
[56, 92]
[57, 58]
[57, 92]
[61, 27]
[61, 96]
[69, 104]
[70, 36]
[70, 106]
[72, 38]
[72, 108]
[72, 107]
[74, 109]
[77, 112]
[79, 80]
[79, 45]
[80, 81]
[81, 82]
[82, 48]
[85, 86]
[85, 121]
[86, 87]
[86, 121]
[87, 53]
[87, 123]
[92, 58]
[92, 128]
[98, 99]
[98, 134]
[99, 100]
[99, 134]
[106, 107]
[106, 72]
[106, 142]
[106, 141]
[107, 108]
[107, 143]
[107, 142]
[108, 109]
[108, 74]
[108, 143]
[109, 145]
[111, 112]
[111, 77]
[111, 146]
[119, 85]
[121, 87]
[121, 157]
[121, 156]
[123, 124]
[123, 159]
[123, 158]
[124, 160]
[124, 159]
[128, 129]
[128, 164]
[129, 164]
[134, 100]
[137, 138]
[137, 172]
[138, 104]
[138, 174]
[141, 142]
[141, 107]
[141, 177]
[141, 176]
[142, 143]
[142, 108]
[142, 177]
[143, 109]
[145, 146]
[145, 111]
[145, 181]
[146, 112]
[146, 181]
[149, 150]
[150, 151]
[150, 186]
[151, 152]
[151, 187]
[151, 186]
[152, 187]
[156, 157]
[157, 158]
[157, 123]
[157, 193]
[158, 159]
[158, 124]
[158, 193]
[159, 160]
[159, 195]
[160, 196]
[160, 195]
[164, 200]
[164, 199]
[167, 168]
[167, 202]
[168, 134]
[172, 138]
[172, 208]
[176, 177]
[176, 142]
[176, 211]
[177, 143]
[183, 149]
[183, 218]
[186, 187]
[186, 152]
[186, 222]
[186, 221]
[187, 222]
[190, 156]
[190, 225]
[193, 159]
[193, 228]
[195, 196]
[195, 231]
[196, 232]
[196, 231]
[198, 199]
[198, 164]
[199, 200]
[199, 235]
[200, 201]
[200, 235]
[201, 202]
[201, 167]
[201, 237]
[202, 168]
[202, 238]
[202, 237]
[205, 241]
[208, 174]
[208, 244]
[210, 211]
[210, 176]
[211, 177]
[214, 215]
[215, 181]
[220, 221]
[220, 186]
[221, 222]
[221, 187]
[224, 225]
[224, 190]
[227, 228]
[227, 193]
[231, 232]
[232, 198]
[235, 201]
[237, 238]
