[1, 37]
[1, 36]
[9, 44]
[11, 12]
[11, 47]
[12, 13]
[12, 47]
[15, 16]
[16, 17]
[16, 52]
[17, 53]
[17, 52]
[19, 20]
[19, 55]
[19, 54]
[20, 55]
[26, 62]
[30, 31]
[30, 66]
[31, 67]
[31, 66]
[33, 34]
[36, 37]
[36, 72]
[37, 72]
[39, 75]
[39, 74]
[43, 44]
[43, 9]
[47, 13]
[47, 82]
[52, 53]
[52, 88]
[53, 54]
[53, 19]
[53, 89]
[53, 88]
[54, 55]
[54, 20]
[54, 89]
[55, 91]
[59, 94]
[62, 28]
[62, 98]
[66, 67]
[66, 102]
[67, 33]
[67, 102]
[70, 36]
[70, 106]
[72, 108]
[74, 75]
[74, 109]
[75, 41]
[81, 82]
[81, 47]
[81, 117]
[81, 116]
[82, 118]
[82, 117]
[85, 86]
[86, 52]
[86, 122]
[88, 89]
[88, 54]
[89, 55]
[89, 125]
[94, 130]
[94, 129]
[96, 62]
[96, 132]
[96, 131]
[106, 72]
[106, 142]
[106, 141]
[108, 109]
[108, 74]
[108, 144]
[109, 75]
[109, 145]
[109, 144]
[112, 148]
[112, 147]
[114, 115]
[115, 116]
[115, 81]
[115, 151]
[116, 117]
[116, 82]
[116, 152]
[116, 151]
[117, 118]
[117, 153]
[117, 152]
[118, 153]
[122, 88]
[122, 158]
[122, 157]
[125, 91]
[128, 129]
[128, 94]
[128, 163]
[129, 130]
[130, 131]
[130, 96]
[130, 166]
[131, 132]
[131, 166]
[132, 98]
[135, 170]
[140, 141]
[140, 106]
[141, 142]
[142, 108]
[144, 145]
[145, 146]
[145, 181]
[146, 147]
[146, 112]
[146, 182]
[146, 181]
[147, 148]
[147, 182]
[148, 114]
[151, 152]
[151, 117]
[151, 187]
[152, 153]
[152, 118]
[152, 188]
[152, 187]
[153, 189]
[153, 188]
[156, 157]
[156, 122]
[156, 192]
[156, 191]
[157, 158]
[157, 193]
[157, 192]
[158, 159]
[158, 194]
[158, 193]
[159, 125]
[159, 194]
[162, 163]
[162, 128]
[162, 198]
[162, 197]
[163, 129]
[163, 199]
[163, 198]
[166, 132]
[166, 201]
[169, 170]
[169, 135]
[169, 205]
[169, 204]
[170, 205]
[172, 173]
[172, 208]
[173, 174]
[173, 208]
[181, 182]
[181, 147]
[181, 217]
[182, 148]
[182, 218]
[182, 217]
[187, 188]
[187, 153]
[187, 222]
[188, 189]
[189, 225]
[191, 192]
[191, 157]
[191, 226]
[192, 193]
[192, 158]
[193, 194]
[193, 159]
[193, 229]
[194, 229]
[197, 198]
[197, 163]
[197, 233]
[198, 199]
[198, 234]
[198, 233]
[199, 235]
[199, 234]
[201, 237]
[204, 205]
[204, 170]
[204, 240]
[204, 239]
[205, 240]
[208, 174]
[208, 244]
[211, 212]
[212, 213]
[213, 214]
[217, 218]
[218, 219]
[219, 220]
[222, 188]
[225, 226]
[225, 191]
[226, 192]
[233, 234]
[233, 199]
[234, 235]
[235, 201]
[237, 238]
[238, 239]
[238, 204]
[239, 240]
[239, 205]
[242, 208]
