[0, 1]
[0, 36]
[0, 35]
[1, 2]
[1, 36]
[2, 3]
[3, 4]
[4, 40]
[6, 7]
[6, 42]
[6, 41]
[7, 43]
[7, 42]
[10, 46]
[13, 14]
[13, 49]
[13, 48]
[14, 15]
[14, 49]
[15, 16]
[16, 17]
[16, 52]
[17, 52]
[19, 20]
[19, 55]
[19, 54]
[20, 55]
[22, 23]
[25, 26]
[26, 27]
[27, 28]
[28, 29]
[31, 66]
[34, 69]
[35, 36]
[35, 1]
[35, 70]
[36, 2]
[40, 41]
[40, 6]
[40, 75]
[41, 42]
[41, 7]
[41, 77]
[42, 43]
[42, 77]
[43, 79]
[48, 49]
[48, 14]
[48, 84]
[48, 83]
[49, 15]
[49, 85]
[49, 84]
[52, 87]
[54, 55]
[54, 20]
[54, 90]
[55, 90]
[66, 101]
[68, 69]
[68, 34]
[70, 36]
[73, 109]
[75, 41]
[75, 111]
[77, 43]
[77, 113]
[77, 112]
[83, 84]
[83, 49]
[83, 119]
[83, 118]
[84, 85]
[84, 120]
[84, 119]
[85, 120]
[87, 122]
[90, 126]
[92, 93]
[92, 127]
[97, 98]
[97, 133]
[98, 133]
[100, 101]
[100, 66]
[100, 136]
[100, 135]
[101, 137]
[101, 136]
[109, 75]
[109, 145]
[111, 112]
[111, 77]
[111, 147]
[111, 146]
[112, 113]
[112, 148]
[112, 147]
[113, 79]
[113, 148]
[117, 118]
[117, 83]
[117, 153]
[118, 119]
[118, 84]
[118, 154]
[118, 153]
[119, 120]
[119, 85]
[119, 154]
[120, 156]
[126, 127]
[126, 92]
[126, 162]
[126, 161]
[127, 93]
[127, 162]
[130, 131]
[130, 166]
[131, 97]
[131, 167]
[131, 166]
[133, 169]
[135, 136]
[135, 101]
[135, 170]
[136, 137]
[137, 138]
[138, 174]
[140, 141]
[140, 175]
[141, 177]
[143, 109]
[145, 146]
[145, 111]
[145, 180]
[146, 147]
[146, 112]
[147, 148]
[147, 113]
[148, 184]
[150, 186]
[153, 154]
[153, 119]
[153, 188]
[154, 120]
[156, 122]
[161, 162]
[161, 127]
[161, 197]
[162, 197]
[166, 167]
[166, 202]
[167, 133]
[167, 203]
[167, 202]
[169, 170]
[169, 135]
[169, 204]
[170, 136]
[174, 209]
[175, 141]
[175, 210]
[177, 143]
[180, 146]
[184, 150]
[184, 220]
[184, 219]
[186, 187]
[186, 221]
[187, 188]
[187, 153]
[188, 154]
[188, 224]
[195, 161]
[200, 166]
[200, 236]
[202, 203]
[202, 238]
[203, 204]
[203, 169]
[203, 239]
[203, 238]
[204, 170]
[204, 240]
[204, 239]
[207, 208]
[208, 209]
[208, 174]
[219, 220]
[220, 221]
[220, 186]
[221, 187]
[227, 228]
[228, 229]
[229, 195]
[236, 202]
[238, 239]
[238, 204]
[239, 240]
