[8, 44]
[8, 43]
[11, 46]
[15, 16]
[15, 51]
[16, 51]
[21, 57]
[23, 24]
[26, 27]
[26, 62]
[27, 62]
[30, 66]
[30, 65]
[43, 44]
[43, 79]
[44, 79]
[46, 81]
[48, 49]
[49, 15]
[51, 87]
[51, 86]
[57, 23]
[62, 98]
[62, 97]
[64, 65]
[64, 30]
[64, 100]
[64, 99]
[65, 66]
[65, 101]
[65, 100]
[66, 32]
[66, 102]
[66, 101]
[71, 72]
[72, 73]
[73, 39]
[73, 109]
[86, 87]
[87, 123]
[89, 125]
[89, 124]
[94, 130]
[96, 97]
[96, 62]
[96, 131]
[97, 98]
[97, 133]
[98, 99]
[98, 64]
[98, 133]
[99, 100]
[99, 65]
[100, 101]
[100, 66]
[100, 136]
[101, 102]
[101, 136]
[102, 103]
[102, 138]
[103, 138]
[109, 145]
[111, 146]
[118, 119]
[119, 120]
[120, 86]
[120, 156]
[123, 124]
[123, 89]
[123, 158]
[124, 125]
[128, 94]
[128, 164]
[130, 131]
[130, 96]
[130, 166]
[131, 97]
[131, 166]
[133, 99]
[136, 102]
[136, 172]
[138, 174]
[140, 175]
[142, 178]
[142, 177]
[145, 146]
[145, 111]
[156, 157]
[156, 192]
[157, 158]
[157, 123]
[157, 192]
[158, 124]
[158, 194]
[162, 128]
[164, 130]
[166, 202]
[166, 201]
[170, 136]
[170, 206]
[170, 205]
[172, 138]
[172, 208]
[175, 211]
[175, 210]
[177, 178]
[177, 213]
[178, 213]
[183, 184]
[186, 187]
[186, 222]
[186, 221]
[187, 188]
[187, 222]
[188, 189]
[188, 224]
[189, 225]
[189, 224]
[192, 158]
[192, 228]
[201, 202]
[201, 237]
[202, 203]
[202, 238]
[202, 237]
[203, 239]
[203, 238]
[205, 206]
[205, 241]
[205, 240]
[206, 172]
[206, 241]
[208, 174]
[208, 244]
[208, 243]
[210, 211]
[211, 177]
[221, 222]
[221, 187]
[222, 188]
[224, 225]
[225, 226]
[226, 192]
[228, 194]
[235, 201]
[237, 238]
[237, 203]
[238, 239]
[239, 240]
[239, 205]
[240, 241]
[240, 206]
[243, 244]
