[2, 3]
[2, 37]
[3, 39]
[9, 10]
[9, 44]
[10, 11]
[10, 46]
[11, 12]
[11, 47]
[11, 46]
[12, 13]
[12, 47]
[13, 49]
[16, 17]
[17, 18]
[18, 19]
[18, 54]
[19, 54]
[21, 22]
[21, 57]
[22, 57]
[24, 25]
[24, 60]
[25, 61]
[25, 60]
[28, 64]
[31, 66]
[37, 3]
[37, 72]
[39, 74]
[44, 10]
[46, 47]
[46, 12]
[47, 13]
[54, 90]
[54, 89]
[57, 93]
[57, 92]
[60, 61]
[60, 96]
[61, 97]
[61, 96]
[64, 65]
[65, 66]
[65, 31]
[66, 102]
[69, 104]
[71, 72]
[71, 37]
[71, 107]
[72, 108]
[72, 107]
[74, 110]
[74, 109]
[76, 111]
[88, 89]
[88, 54]
[89, 90]
[92, 93]
[93, 129]
[96, 97]
[96, 132]
[97, 98]
[97, 133]
[97, 132]
[98, 64]
[98, 133]
[102, 138]
[102, 137]
[104, 139]
[105, 71]
[105, 141]
[107, 108]
[108, 109]
[108, 74]
[109, 110]
[110, 111]
[110, 76]
[110, 146]
[111, 147]
[111, 146]
[113, 114]
[113, 149]
[113, 148]
[114, 115]
[114, 150]
[114, 149]
[115, 116]
[115, 150]
[116, 117]
[116, 152]
[117, 152]
[120, 155]
[122, 88]
[122, 157]
[129, 165]
[129, 164]
[132, 133]
[132, 98]
[132, 168]
[132, 167]
[133, 169]
[133, 168]
[135, 136]
[135, 171]
[136, 137]
[136, 102]
[136, 171]
[137, 138]
[137, 173]
[138, 139]
[138, 104]
[138, 174]
[138, 173]
[139, 174]
[141, 107]
[141, 176]
[146, 147]
[146, 182]
[146, 181]
[147, 148]
[147, 113]
[147, 183]
[147, 182]
[148, 149]
[148, 114]
[148, 184]
[148, 183]
[149, 150]
[149, 115]
[149, 184]
[150, 116]
[150, 186]
[152, 188]
[152, 187]
[154, 155]
[154, 120]
[154, 190]
[154, 189]
[155, 191]
[155, 190]
[157, 193]
[159, 195]
[159, 194]
[162, 163]
[162, 198]
[162, 197]
[163, 164]
[163, 129]
[163, 198]
[164, 165]
[164, 200]
[165, 200]
[167, 168]
[167, 133]
[167, 203]
[167, 202]
[168, 169]
[168, 204]
[168, 203]
[169, 135]
[169, 205]
[169, 204]
[171, 137]
[171, 207]
[173, 174]
[173, 139]
[173, 208]
[176, 211]
[178, 179]
[178, 213]
[179, 180]
[179, 215]
[180, 181]
[180, 146]
[180, 215]
[181, 182]
[181, 147]
[182, 183]
[182, 148]
[183, 184]
[183, 149]
[183, 219]
[184, 150]
[184, 220]
[184, 219]
[186, 187]
[186, 152]
[186, 222]
[186, 221]
[187, 188]
[187, 223]
[187, 222]
[188, 189]
[188, 154]
[188, 223]
[189, 190]
[189, 155]
[189, 225]
[190, 191]
[190, 225]
[191, 157]
[191, 227]
[193, 194]
[193, 159]
[193, 228]
[194, 195]
[197, 198]
[197, 163]
[198, 164]
[200, 236]
[202, 203]
[202, 168]
[202, 238]
[203, 204]
[203, 169]
[203, 239]
[203, 238]
[204, 205]
[204, 239]
[205, 171]
[207, 208]
[207, 173]
[207, 243]
[207, 242]
[208, 174]
[208, 244]
[208, 243]
[213, 179]
[215, 181]
[219, 220]
[220, 221]
[220, 186]
[221, 222]
[221, 187]
[222, 223]
[222, 188]
[223, 189]
[225, 191]
[227, 228]
[227, 193]
[228, 194]
[236, 202]
[238, 239]
[238, 204]
[239, 205]
[242, 243]
[242, 208]
[243, 244]
