[2, 3]
[2, 38]
[2, 37]
[3, 4]
[3, 39]
[3, 38]
[4, 5]
[4, 39]
[5, 6]
[5, 41]
[6, 41]
[9, 45]
[12, 48]
[12, 47]
[14, 15]
[14, 50]
[15, 50]
[17, 18]
[17, 53]
[17, 52]
[18, 19]
[18, 54]
[18, 53]
[19, 54]
[21, 57]
[28, 64]
[28, 63]
[37, 38]
[37, 3]
[37, 72]
[38, 39]
[38, 4]
[39, 5]
[41, 77]
[41, 76]
[47, 48]
[47, 82]
[48, 14]
[48, 84]
[50, 86]
[50, 85]
[52, 53]
[52, 18]
[52, 88]
[52, 87]
[53, 54]
[53, 19]
[53, 88]
[57, 58]
[58, 94]
[62, 63]
[62, 28]
[62, 98]
[62, 97]
[63, 64]
[63, 98]
[72, 38]
[76, 77]
[76, 111]
[77, 113]
[82, 48]
[82, 118]
[84, 85]
[84, 50]
[85, 86]
[86, 87]
[86, 52]
[87, 88]
[87, 53]
[88, 54]
[94, 95]
[94, 130]
[95, 131]
[95, 130]
[97, 98]
[97, 63]
[97, 133]
[98, 64]
[98, 133]
[101, 102]
[101, 136]
[102, 103]
[103, 104]
[105, 140]
[110, 111]
[110, 76]
[110, 146]
[110, 145]
[111, 77]
[111, 147]
[111, 146]
[113, 149]
[113, 148]
[115, 116]
[115, 150]
[116, 82]
[116, 152]
[118, 84]
[118, 154]
[126, 162]
[130, 131]
[131, 97]
[131, 167]
[133, 168]
[136, 102]
[136, 172]
[140, 175]
[144, 145]
[144, 110]
[144, 180]
[144, 179]
[145, 146]
[145, 111]
[145, 180]
[146, 147]
[146, 182]
[147, 148]
[147, 113]
[147, 182]
[148, 149]
[148, 184]
[149, 150]
[149, 115]
[149, 185]
[149, 184]
[150, 116]
[150, 186]
[150, 185]
[152, 118]
[154, 190]
[157, 192]
[159, 195]
[159, 194]
[162, 197]
[167, 168]
[167, 133]
[167, 203]
[167, 202]
[168, 204]
[168, 203]
[172, 208]
[172, 207]
[174, 209]
[175, 211]
[179, 180]
[179, 145]
[179, 214]
[180, 146]
[182, 148]
[182, 218]
[184, 185]
[184, 150]
[185, 186]
[185, 221]
[186, 152]
[186, 222]
[186, 221]
[190, 191]
[191, 192]
[191, 157]
[191, 227]
[192, 228]
[192, 227]
[194, 195]
[194, 230]
[194, 229]
[195, 231]
[195, 230]
[200, 201]
[201, 202]
[201, 167]
[202, 203]
[202, 168]
[203, 204]
[207, 208]
[207, 243]
[207, 242]
[208, 209]
[208, 174]
[208, 243]
[211, 212]
[214, 180]
[218, 184]
[221, 222]
[227, 228]
[228, 229]
[228, 194]
[229, 230]
[229, 195]
[230, 231]
[231, 197]
[241, 242]
[241, 207]
[242, 243]
[242, 208]
[243, 209]
