[0, 1]
[0, 35]
[1, 2]
[6, 42]
[6, 41]
[12, 48]
[16, 17]
[17, 53]
[20, 21]
[20, 56]
[21, 56]
[26, 62]
[28, 63]
[30, 31]
[30, 65]
[31, 32]
[31, 67]
[32, 68]
[32, 67]
[34, 69]
[35, 1]
[35, 71]
[35, 70]
[39, 40]
[39, 75]
[40, 41]
[40, 6]
[40, 76]
[40, 75]
[41, 42]
[41, 77]
[41, 76]
[42, 8]
[42, 78]
[42, 77]
[48, 49]
[48, 84]
[48, 83]
[49, 84]
[53, 54]
[53, 88]
[54, 20]
[56, 92]
[56, 91]
[58, 94]
[60, 26]
[60, 96]
[62, 63]
[62, 28]
[62, 97]
[63, 99]
[65, 31]
[67, 68]
[67, 103]
[67, 102]
[68, 69]
[68, 34]
[68, 104]
[68, 103]
[69, 104]
[70, 71]
[70, 105]
[75, 76]
[75, 41]
[75, 110]
[76, 77]
[76, 42]
[77, 78]
[78, 79]
[78, 114]
[79, 80]
[79, 114]
[80, 116]
[82, 83]
[82, 48]
[82, 118]
[82, 117]
[83, 84]
[83, 49]
[83, 119]
[83, 118]
[84, 120]
[84, 119]
[88, 54]
[88, 124]
[88, 123]
[91, 92]
[92, 58]
[92, 128]
[94, 60]
[94, 130]
[94, 129]
[96, 97]
[96, 62]
[97, 63]
[99, 65]
[102, 103]
[102, 68]
[103, 104]
[103, 69]
[103, 139]
[104, 139]
[105, 71]
[105, 141]
[109, 110]
[109, 75]
[110, 76]
[114, 80]
[116, 117]
[116, 82]
[116, 152]
[116, 151]
[117, 118]
[117, 83]
[117, 153]
[117, 152]
[118, 119]
[118, 84]
[118, 154]
[118, 153]
[119, 120]
[119, 154]
[123, 124]
[123, 158]
[124, 125]
[125, 91]
[125, 161]
[128, 129]
[128, 94]
[129, 130]
[130, 96]
[136, 102]
[141, 176]
[151, 152]
[151, 117]
[151, 186]
[152, 153]
[152, 118]
[153, 154]
[153, 119]
[153, 189]
[154, 120]
[154, 190]
[154, 189]
[157, 158]
[157, 123]
[158, 124]
[161, 197]
[167, 168]
[167, 203]
[167, 202]
[168, 204]
[168, 203]
[179, 215]
[183, 184]
[184, 185]
[184, 220]
[185, 186]
[185, 151]
[185, 221]
[185, 220]
[186, 152]
[186, 221]
[189, 190]
[195, 161]
[197, 198]
[198, 199]
[199, 200]
[202, 203]
[202, 168]
[202, 238]
[202, 237]
[203, 204]
[203, 239]
[203, 238]
[204, 240]
[204, 239]
[210, 176]
[215, 216]
[220, 221]
[220, 186]
[237, 238]
[237, 203]
[238, 239]
[238, 204]
[239, 240]
[240, 241]
[241, 242]
