[3, 4]
[3, 39]
[3, 38]
[4, 5]
[4, 40]
[4, 39]
[5, 40]
[13, 14]
[13, 49]
[14, 49]
[17, 52]
[21, 57]
[23, 24]
[23, 59]
[24, 60]
[24, 59]
[26, 27]
[26, 62]
[27, 28]
[27, 63]
[27, 62]
[28, 63]
[33, 34]
[33, 69]
[34, 69]
[36, 37]
[37, 38]
[37, 3]
[38, 39]
[38, 4]
[39, 40]
[39, 5]
[39, 75]
[40, 76]
[40, 75]
[49, 85]
[51, 52]
[51, 17]
[51, 86]
[52, 88]
[57, 23]
[59, 60]
[59, 95]
[60, 26]
[60, 95]
[62, 63]
[62, 28]
[63, 99]
[65, 66]
[65, 101]
[66, 67]
[66, 102]
[66, 101]
[67, 33]
[67, 103]
[67, 102]
[70, 36]
[75, 76]
[76, 112]
[78, 113]
[85, 86]
[85, 51]
[85, 121]
[86, 52]
[86, 122]
[86, 121]
[88, 124]
[88, 123]
[95, 130]
[99, 65]
[101, 102]
[101, 67]
[101, 136]
[102, 103]
[102, 138]
[103, 69]
[103, 138]
[112, 113]
[112, 78]
[116, 152]
[119, 85]
[119, 155]
[121, 122]
[122, 123]
[122, 88]
[123, 124]
[123, 159]
[124, 159]
[126, 127]
[126, 161]
[127, 163]
[129, 130]
[129, 95]
[129, 165]
[129, 164]
[130, 165]
[133, 99]
[136, 102]
[136, 172]
[136, 171]
[138, 174]
[138, 173]
[140, 141]
[144, 145]
[145, 181]
[152, 153]
[153, 119]
[153, 189]
[155, 121]
[159, 195]
[161, 127]
[161, 197]
[163, 164]
[163, 129]
[163, 199]
[164, 165]
[164, 130]
[164, 200]
[164, 199]
[165, 200]
[170, 171]
[170, 136]
[170, 206]
[171, 172]
[171, 206]
[172, 173]
[172, 138]
[173, 174]
[173, 209]
[174, 209]
[181, 217]
[189, 155]
[189, 225]
[189, 224]
[195, 161]
[197, 163]
[197, 233]
[199, 200]
[199, 165]
[202, 203]
[202, 238]
[202, 237]
[203, 238]
[206, 172]
[206, 241]
[209, 244]
[217, 218]
[220, 221]
[223, 224]
[223, 189]
[224, 225]
[227, 228]
[233, 199]
[237, 238]
[237, 203]
