[0, 1]
[0, 36]
[1, 36]
[4, 40]
[6, 41]
[8, 43]
[10, 45]
[13, 14]
[20, 21]
[20, 55]
[21, 57]
[27, 63]
[29, 65]
[29, 64]
[36, 72]
[40, 41]
[40, 6]
[40, 76]
[41, 77]
[41, 76]
[47, 13]
[47, 83]
[52, 53]
[52, 88]
[52, 87]
[53, 54]
[53, 88]
[54, 55]
[54, 20]
[55, 21]
[55, 91]
[57, 23]
[63, 64]
[63, 29]
[63, 99]
[64, 65]
[64, 99]
[65, 66]
[65, 101]
[66, 67]
[66, 101]
[67, 68]
[67, 103]
[68, 69]
[68, 104]
[68, 103]
[69, 104]
[72, 73]
[72, 108]
[72, 107]
[73, 108]
[76, 77]
[76, 112]
[76, 111]
[77, 43]
[77, 113]
[77, 112]
[83, 84]
[83, 119]
[84, 85]
[84, 120]
[84, 119]
[85, 120]
[87, 88]
[87, 53]
[87, 122]
[88, 54]
[88, 124]
[91, 57]
[91, 127]
[95, 131]
[95, 130]
[97, 63]
[97, 132]
[99, 65]
[99, 135]
[99, 134]
[101, 67]
[101, 136]
[103, 104]
[103, 69]
[103, 138]
[107, 108]
[107, 73]
[107, 143]
[108, 143]
[111, 112]
[111, 77]
[111, 147]
[111, 146]
[112, 113]
[112, 147]
[113, 149]
[115, 150]
[119, 120]
[119, 85]
[120, 156]
[122, 88]
[124, 125]
[124, 159]
[125, 91]
[127, 162]
[130, 131]
[130, 165]
[131, 132]
[131, 97]
[131, 167]
[132, 167]
[134, 135]
[134, 170]
[135, 136]
[135, 101]
[135, 170]
[136, 172]
[138, 104]
[138, 174]
[138, 173]
[143, 179]
[146, 147]
[146, 112]
[146, 181]
[147, 113]
[147, 183]
[149, 150]
[149, 115]
[153, 119]
[156, 122]
[156, 192]
[159, 125]
[159, 194]
[162, 198]
[162, 197]
[165, 131]
[165, 200]
[167, 202]
[170, 136]
[170, 205]
[172, 173]
[172, 138]
[172, 208]
[172, 207]
[173, 174]
[173, 208]
[175, 210]
[181, 147]
[181, 217]
[183, 149]
[187, 153]
[187, 222]
[190, 156]
[192, 228]
[192, 227]
[194, 230]
[194, 229]
[197, 198]
[197, 233]
[198, 234]
[198, 233]
[200, 235]
[202, 238]
[202, 237]
[204, 205]
[204, 170]
[204, 240]
[205, 241]
[205, 240]
[207, 208]
[207, 173]
[207, 243]
[207, 242]
[208, 174]
[208, 244]
[208, 243]
[217, 183]
[220, 221]
[221, 222]
[221, 187]
[227, 228]
[228, 229]
[228, 194]
[229, 230]
[233, 234]
[234, 235]
[234, 200]
[237, 238]
[238, 204]
[240, 241]
[241, 242]
[241, 207]
[242, 243]
[242, 208]
[243, 244]
