[0, 36]
[0, 35]
[2, 3]
[2, 38]
[3, 4]
[3, 38]
[4, 5]
[4, 40]
[5, 41]
[5, 40]
[7, 8]
[8, 44]
[12, 13]
[12, 48]
[13, 49]
[13, 48]
[16, 17]
[16, 52]
[17, 18]
[17, 52]
[20, 21]
[20, 56]
[21, 56]
[25, 26]
[26, 27]
[29, 30]
[29, 65]
[30, 65]
[32, 33]
[32, 68]
[32, 67]
[33, 69]
[33, 68]
[35, 36]
[35, 71]
[36, 2]
[36, 72]
[36, 71]
[38, 4]
[40, 41]
[40, 76]
[41, 7]
[41, 77]
[41, 76]
[44, 45]
[44, 80]
[45, 46]
[45, 81]
[45, 80]
[46, 12]
[46, 81]
[48, 49]
[49, 50]
[50, 16]
[52, 18]
[52, 88]
[52, 87]
[56, 92]
[65, 101]
[67, 68]
[67, 33]
[68, 69]
[71, 72]
[71, 107]
[72, 38]
[72, 108]
[72, 107]
[76, 77]
[80, 81]
[80, 46]
[81, 117]
[87, 88]
[92, 93]
[97, 98]
[97, 133]
[98, 133]
[101, 67]
[101, 137]
[101, 136]
[107, 108]
[108, 109]
[109, 145]
[125, 161]
[125, 160]
[133, 169]
[133, 168]
[135, 136]
[135, 101]
[136, 137]
[137, 138]
[137, 173]
[138, 139]
[138, 173]
[140, 141]
[140, 176]
[141, 107]
[141, 176]
[145, 146]
[146, 147]
[146, 182]
[147, 182]
[151, 117]
[151, 186]
[154, 120]
[154, 190]
[159, 160]
[159, 125]
[159, 194]
[160, 161]
[160, 196]
[161, 197]
[161, 196]
[165, 201]
[165, 200]
[168, 169]
[168, 204]
[169, 135]
[169, 204]
[173, 139]
[173, 209]
[176, 212]
[178, 214]
[182, 218]
[182, 217]
[186, 221]
[190, 191]
[190, 226]
[191, 226]
[194, 160]
[194, 229]
[196, 197]
[200, 201]
[200, 236]
[200, 235]
[201, 202]
[201, 236]
[202, 168]
[204, 240]
[206, 207]
[206, 242]
[207, 173]
[207, 242]
[209, 244]
[212, 178]
[214, 215]
[217, 218]
[218, 219]
[235, 236]
[235, 201]
[236, 202]
[240, 206]
