[1, 2]
[1, 37]
[1, 36]
[2, 3]
[2, 38]
[2, 37]
[3, 38]
[7, 8]
[7, 43]
[7, 42]
[8, 43]
[10, 11]
[10, 46]
[10, 45]
[11, 46]
[13, 49]
[16, 52]
[16, 51]
[19, 20]
[19, 55]
[20, 21]
[20, 56]
[20, 55]
[21, 57]
[21, 56]
[24, 25]
[25, 26]
[26, 27]
[29, 65]
[29, 64]
[31, 67]
[33, 34]
[33, 69]
[34, 69]
[35, 36]
[35, 1]
[35, 71]
[36, 37]
[36, 2]
[36, 71]
[37, 38]
[37, 3]
[37, 73]
[38, 74]
[38, 73]
[42, 43]
[42, 8]
[42, 77]
[43, 79]
[45, 46]
[45, 11]
[45, 80]
[46, 82]
[49, 50]
[50, 51]
[50, 16]
[51, 52]
[51, 87]
[52, 53]
[52, 88]
[52, 87]
[53, 19]
[53, 88]
[55, 56]
[55, 21]
[55, 91]
[56, 57]
[56, 92]
[56, 91]
[57, 58]
[57, 93]
[57, 92]
[58, 24]
[58, 94]
[58, 93]
[64, 65]
[64, 100]
[64, 99]
[65, 31]
[65, 101]
[65, 100]
[67, 33]
[67, 103]
[67, 102]
[69, 104]
[71, 37]
[71, 107]
[71, 106]
[73, 74]
[73, 108]
[74, 75]
[74, 110]
[75, 111]
[75, 110]
[77, 43]
[77, 113]
[77, 112]
[79, 80]
[79, 45]
[79, 115]
[79, 114]
[80, 46]
[80, 116]
[80, 115]
[82, 117]
[87, 88]
[87, 53]
[91, 92]
[91, 57]
[91, 126]
[92, 93]
[92, 58]
[92, 128]
[93, 94]
[93, 128]
[96, 97]
[96, 131]
[97, 98]
[97, 133]
[98, 99]
[98, 64]
[98, 133]
[99, 100]
[99, 65]
[99, 135]
[100, 101]
[100, 135]
[101, 102]
[101, 67]
[101, 137]
[102, 103]
[102, 138]
[102, 137]
[103, 104]
[103, 69]
[103, 139]
[103, 138]
[104, 139]
[105, 106]
[105, 71]
[105, 141]
[105, 140]
[106, 107]
[106, 141]
[107, 108]
[107, 73]
[107, 143]
[108, 74]
[108, 143]
[110, 111]
[110, 146]
[111, 112]
[111, 77]
[111, 147]
[111, 146]
[112, 113]
[112, 147]
[113, 114]
[113, 79]
[113, 149]
[114, 115]
[114, 80]
[114, 149]
[115, 116]
[115, 151]
[116, 117]
[116, 82]
[116, 151]
[117, 153]
[120, 121]
[120, 156]
[120, 155]
[121, 87]
[121, 156]
[126, 92]
[126, 162]
[126, 161]
[128, 94]
[128, 164]
[131, 97]
[131, 167]
[133, 99]
[135, 101]
[135, 171]
[137, 138]
[137, 103]
[137, 172]
[138, 139]
[138, 104]
[138, 174]
[139, 174]
[140, 141]
[140, 106]
[140, 176]
[141, 107]
[141, 177]
[141, 176]
[143, 179]
[146, 147]
[146, 112]
[146, 181]
[147, 113]
[149, 115]
[149, 185]
[149, 184]
[151, 117]
[151, 187]
[151, 186]
[153, 154]
[153, 189]
[154, 155]
[154, 120]
[154, 190]
[154, 189]
[155, 156]
[155, 121]
[155, 191]
[155, 190]
[156, 191]
[158, 159]
[158, 194]
[158, 193]
[159, 160]
[159, 195]
[159, 194]
[160, 161]
[160, 126]
[160, 196]
[160, 195]
[161, 162]
[161, 197]
[161, 196]
[162, 128]
[162, 198]
[162, 197]
[167, 133]
[171, 172]
[171, 137]
[172, 138]
[176, 177]
[177, 143]
[179, 180]
[179, 215]
[179, 214]
[180, 181]
[180, 146]
[180, 216]
[180, 215]
[181, 147]
[181, 217]
[181, 216]
[184, 185]
[184, 219]
[185, 186]
[185, 151]
[185, 221]
[186, 187]
[186, 221]
[187, 153]
[187, 223]
[189, 190]
[189, 155]
[189, 224]
[190, 191]
[190, 156]
[190, 226]
[191, 227]
[191, 226]
[193, 194]
[193, 159]
[194, 195]
[194, 160]
[195, 196]
[195, 161]
[196, 197]
[196, 162]
[197, 198]
[198, 164]
[198, 234]
[210, 176]
[214, 215]
[214, 180]
[215, 216]
[215, 181]
[216, 217]
[217, 218]
[218, 219]
[218, 184]
[219, 185]
[221, 187]
[223, 224]
[223, 189]
[224, 190]
[226, 227]
[227, 193]
[237, 238]
[238, 239]
[239, 240]
