[1, 2]
[1, 37]
[1, 36]
[2, 38]
[2, 37]
[6, 41]
[8, 44]
[8, 43]
[11, 47]
[13, 49]
[15, 51]
[17, 53]
[19, 55]
[21, 22]
[21, 57]
[21, 56]
[22, 23]
[22, 57]
[23, 59]
[25, 26]
[25, 60]
[26, 27]
[27, 28]
[27, 63]
[28, 29]
[28, 63]
[29, 30]
[29, 65]
[30, 31]
[30, 66]
[30, 65]
[31, 67]
[31, 66]
[35, 36]
[35, 1]
[35, 71]
[36, 37]
[36, 2]
[36, 72]
[36, 71]
[37, 38]
[37, 73]
[37, 72]
[38, 4]
[38, 73]
[41, 77]
[41, 76]
[43, 44]
[43, 78]
[47, 13]
[47, 83]
[49, 15]
[49, 85]
[49, 84]
[51, 17]
[51, 87]
[51, 86]
[53, 19]
[53, 88]
[55, 56]
[55, 21]
[55, 90]
[56, 57]
[56, 22]
[57, 23]
[57, 93]
[59, 60]
[59, 25]
[59, 94]
[60, 26]
[60, 96]
[63, 29]
[65, 66]
[65, 31]
[65, 101]
[66, 67]
[66, 102]
[66, 101]
[67, 68]
[67, 102]
[68, 34]
[71, 72]
[71, 37]
[71, 106]
[72, 73]
[72, 38]
[72, 108]
[73, 108]
[75, 76]
[75, 41]
[75, 111]
[76, 77]
[76, 112]
[76, 111]
[77, 78]
[77, 43]
[77, 112]
[78, 44]
[83, 84]
[83, 49]
[83, 118]
[84, 85]
[84, 120]
[85, 86]
[85, 51]
[85, 120]
[86, 87]
[87, 88]
[87, 53]
[87, 123]
[88, 123]
[90, 56]
[90, 126]
[93, 94]
[93, 59]
[93, 129]
[93, 128]
[94, 60]
[94, 130]
[94, 129]
[96, 97]
[96, 132]
[97, 63]
[97, 133]
[97, 132]
[101, 102]
[101, 67]
[101, 137]
[101, 136]
[102, 68]
[102, 138]
[102, 137]
[106, 72]
[108, 144]
[108, 143]
[111, 112]
[111, 77]
[111, 146]
[112, 78]
[118, 84]
[118, 153]
[120, 86]
[120, 155]
[123, 159]
[126, 127]
[127, 128]
[127, 93]
[127, 163]
[128, 129]
[128, 94]
[128, 163]
[129, 130]
[129, 165]
[130, 96]
[130, 166]
[130, 165]
[132, 133]
[133, 134]
[133, 169]
[134, 169]
[136, 137]
[136, 102]
[136, 172]
[137, 138]
[137, 172]
[143, 144]
[143, 179]
[144, 179]
[146, 112]
[146, 181]
[150, 151]
[150, 186]
[151, 152]
[151, 187]
[151, 186]
[152, 153]
[152, 118]
[152, 188]
[152, 187]
[153, 189]
[153, 188]
[159, 160]
[159, 194]
[160, 126]
[160, 196]
[163, 129]
[163, 199]
[165, 166]
[165, 201]
[166, 132]
[166, 202]
[166, 201]
[169, 205]
[172, 138]
[172, 208]
[179, 214]
[181, 217]
[183, 184]
[183, 219]
[183, 218]
[184, 150]
[184, 219]
[186, 187]
[186, 152]
[186, 222]
[186, 221]
[187, 188]
[187, 153]
[187, 223]
[187, 222]
[188, 189]
[188, 224]
[188, 223]
[189, 155]
[189, 225]
[189, 224]
[192, 228]
[194, 160]
[194, 229]
[196, 232]
[196, 231]
[199, 165]
[199, 234]
[201, 202]
[201, 237]
[201, 236]
[202, 203]
[202, 237]
[203, 169]
[205, 241]
[205, 240]
[208, 209]
[208, 243]
[217, 218]
[217, 183]
[218, 219]
[218, 184]
[221, 222]
[221, 187]
[222, 223]
[222, 188]
[223, 224]
[223, 189]
[224, 225]
[228, 229]
[228, 194]
[231, 232]
[232, 233]
[233, 234]
[233, 199]
[236, 237]
[236, 202]
[237, 203]
[240, 241]
[243, 209]
