[0, 1]
[0, 36]
[1, 2]
[1, 36]
[4, 5]
[5, 6]
[6, 7]
[11, 12]
[12, 48]
[14, 15]
[14, 50]
[14, 49]
[15, 51]
[15, 50]
[19, 54]
[22, 58]
[22, 57]
[26, 61]
[30, 31]
[30, 66]
[30, 65]
[31, 67]
[31, 66]
[36, 2]
[36, 72]
[48, 49]
[48, 14]
[48, 83]
[49, 50]
[49, 15]
[50, 51]
[50, 86]
[51, 86]
[54, 89]
[57, 58]
[65, 66]
[65, 31]
[65, 101]
[66, 67]
[66, 101]
[67, 103]
[70, 36]
[70, 106]
[70, 105]
[72, 73]
[75, 111]
[77, 78]
[77, 113]
[77, 112]
[78, 113]
[83, 49]
[86, 121]
[88, 89]
[88, 54]
[89, 125]
[91, 57]
[95, 61]
[95, 130]
[98, 99]
[98, 134]
[99, 65]
[99, 134]
[101, 67]
[101, 137]
[103, 139]
[105, 106]
[106, 72]
[111, 112]
[111, 77]
[111, 146]
[112, 113]
[112, 78]
[113, 149]
[117, 83]
[117, 153]
[120, 121]
[120, 86]
[120, 155]
[125, 91]
[132, 98]
[134, 169]
[137, 103]
[137, 173]
[137, 172]
[139, 174]
[144, 179]
[146, 112]
[146, 182]
[149, 150]
[150, 151]
[151, 117]
[153, 154]
[153, 188]
[154, 155]
[154, 120]
[155, 121]
[172, 173]
[172, 208]
[173, 174]
[173, 139]
[173, 209]
[173, 208]
[174, 209]
[176, 177]
[176, 211]
[177, 178]
[178, 179]
[178, 144]
[182, 218]
[188, 154]
[188, 224]
[192, 193]
[193, 194]
[193, 229]
[194, 195]
[194, 230]
[194, 229]
[195, 230]
[208, 209]
[208, 174]
[208, 244]
[209, 244]
[211, 177]
[226, 192]
[229, 230]
[229, 195]
[232, 198]
[236, 237]
[241, 242]
[242, 208]
