[7, 8]
[7, 43]
[7, 42]
[8, 43]
[12, 48]
[12, 47]
[15, 51]
[20, 21]
[20, 56]
[21, 22]
[21, 57]
[21, 56]
[22, 23]
[22, 58]
[22, 57]
[23, 24]
[23, 58]
[26, 62]
[26, 61]
[29, 30]
[29, 64]
[32, 68]
[34, 69]
[40, 41]
[40, 76]
[41, 42]
[41, 7]
[41, 76]
[42, 43]
[42, 8]
[43, 79]
[45, 46]
[46, 47]
[46, 12]
[46, 82]
[47, 48]
[47, 82]
[48, 49]
[48, 84]
[49, 15]
[49, 85]
[49, 84]
[51, 52]
[51, 87]
[51, 86]
[52, 53]
[52, 87]
[53, 54]
[54, 20]
[54, 90]
[56, 57]
[56, 22]
[56, 92]
[56, 91]
[57, 58]
[57, 23]
[57, 92]
[58, 24]
[61, 62]
[61, 97]
[62, 63]
[62, 97]
[63, 64]
[63, 29]
[63, 99]
[64, 30]
[64, 100]
[64, 99]
[68, 69]
[68, 34]
[76, 42]
[76, 112]
[79, 45]
[82, 48]
[82, 117]
[84, 85]
[84, 120]
[85, 86]
[85, 51]
[85, 120]
[86, 87]
[86, 52]
[86, 122]
[87, 53]
[87, 123]
[87, 122]
[90, 91]
[90, 56]
[90, 125]
[91, 92]
[91, 57]
[91, 127]
[92, 58]
[92, 127]
[97, 63]
[97, 132]
[99, 100]
[99, 135]
[100, 136]
[100, 135]
[108, 143]
[112, 113]
[112, 148]
[112, 147]
[113, 79]
[113, 148]
[117, 152]
[120, 86]
[120, 156]
[122, 123]
[123, 124]
[124, 125]
[124, 90]
[124, 160]
[125, 91]
[125, 160]
[127, 163]
[129, 130]
[129, 164]
[132, 167]
[135, 136]
[146, 147]
[146, 112]
[146, 181]
[147, 148]
[147, 113]
[147, 183]
[148, 183]
[152, 188]
[156, 122]
[156, 191]
[160, 196]
[160, 195]
[163, 164]
[163, 129]
[163, 199]
[163, 198]
[164, 130]
[164, 199]
[167, 203]
[175, 211]
[177, 143]
[177, 212]
[180, 181]
[180, 146]
[181, 147]
[181, 217]
[183, 219]
[185, 221]
[188, 189]
[188, 224]
[188, 223]
[189, 225]
[189, 224]
[191, 226]
[193, 229]
[193, 228]
[195, 196]
[195, 231]
[195, 230]
[196, 231]
[198, 199]
[198, 164]
[201, 167]
[201, 237]
[203, 204]
[203, 239]
[203, 238]
[204, 240]
[204, 239]
[211, 212]
[211, 177]
[214, 180]
[217, 183]
[219, 185]
[221, 222]
[222, 223]
[222, 188]
[223, 224]
[223, 189]
[224, 225]
[225, 226]
[225, 191]
[228, 229]
[229, 230]
[229, 195]
[230, 231]
[230, 196]
[237, 238]
[237, 203]
[238, 239]
[238, 204]
[239, 240]
[240, 241]
[241, 207]
