[0, 1]
[0, 36]
[0, 35]
[1, 37]
[1, 36]
[3, 39]
[3, 38]
[7, 8]
[7, 43]
[7, 42]
[8, 9]
[8, 44]
[8, 43]
[9, 10]
[9, 44]
[10, 46]
[14, 50]
[14, 49]
[16, 17]
[17, 18]
[17, 53]
[18, 53]
[23, 59]
[23, 58]
[25, 26]
[25, 61]
[25, 60]
[26, 27]
[26, 62]
[26, 61]
[27, 28]
[27, 63]
[27, 62]
[28, 64]
[28, 63]
[35, 36]
[35, 1]
[36, 37]
[36, 72]
[37, 38]
[37, 3]
[37, 72]
[38, 39]
[38, 74]
[39, 40]
[39, 75]
[39, 74]
[40, 41]
[40, 75]
[41, 42]
[41, 7]
[41, 77]
[42, 43]
[42, 8]
[42, 77]
[43, 44]
[43, 9]
[44, 10]
[44, 80]
[46, 47]
[46, 82]
[46, 81]
[47, 48]
[47, 83]
[47, 82]
[48, 49]
[48, 14]
[48, 83]
[49, 50]
[50, 16]
[50, 86]
[58, 59]
[58, 94]
[58, 93]
[59, 60]
[59, 25]
[59, 94]
[60, 61]
[60, 26]
[60, 96]
[61, 62]
[61, 27]
[61, 97]
[61, 96]
[62, 63]
[62, 28]
[62, 98]
[62, 97]
[63, 64]
[63, 98]
[64, 30]
[64, 100]
[72, 38]
[74, 75]
[74, 40]
[75, 41]
[77, 43]
[77, 113]
[77, 112]
[80, 81]
[80, 46]
[80, 116]
[80, 115]
[81, 82]
[81, 47]
[81, 117]
[81, 116]
[82, 83]
[82, 48]
[82, 117]
[83, 49]
[83, 119]
[86, 87]
[87, 53]
[87, 123]
[90, 91]
[90, 126]
[90, 125]
[91, 92]
[91, 126]
[92, 93]
[92, 58]
[93, 94]
[93, 59]
[94, 60]
[96, 97]
[96, 62]
[96, 132]
[96, 131]
[97, 98]
[97, 63]
[97, 132]
[98, 64]
[98, 134]
[100, 101]
[100, 136]
[100, 135]
[101, 137]
[101, 136]
[105, 141]
[112, 113]
[113, 149]
[115, 116]
[115, 81]
[115, 150]
[116, 117]
[116, 82]
[117, 83]
[117, 153]
[119, 120]
[120, 86]
[123, 124]
[123, 159]
[124, 125]
[124, 90]
[124, 160]
[124, 159]
[125, 126]
[125, 91]
[125, 160]
[126, 92]
[131, 132]
[131, 97]
[131, 167]
[131, 166]
[132, 98]
[132, 168]
[132, 167]
[134, 135]
[134, 100]
[134, 169]
[135, 136]
[135, 101]
[136, 137]
[136, 172]
[137, 172]
[139, 174]
[141, 177]
[141, 176]
[143, 144]
[143, 178]
[144, 145]
[144, 180]
[145, 180]
[149, 150]
[149, 115]
[150, 116]
[153, 119]
[153, 188]
[159, 160]
[159, 125]
[159, 195]
[159, 194]
[160, 126]
[160, 196]
[160, 195]
[164, 165]
[164, 200]
[165, 166]
[165, 131]
[165, 201]
[165, 200]
[166, 167]
[166, 132]
[166, 202]
[166, 201]
[167, 168]
[167, 202]
[168, 169]
[168, 134]
[168, 204]
[169, 135]
[169, 205]
[169, 204]
[174, 209]
[175, 176]
[175, 141]
[175, 211]
[176, 177]
[176, 212]
[176, 211]
[177, 178]
[177, 143]
[177, 213]
[177, 212]
[178, 144]
[178, 214]
[178, 213]
[180, 216]
[180, 215]
[182, 183]
[182, 218]
[183, 149]
[183, 218]
[187, 188]
[187, 153]
[187, 223]
[187, 222]
[188, 223]
[190, 226]
[190, 225]
[193, 194]
[193, 159]
[193, 228]
[194, 195]
[194, 160]
[194, 230]
[195, 196]
[195, 231]
[195, 230]
[196, 197]
[196, 232]
[196, 231]
[197, 232]
[200, 201]
[200, 166]
[200, 235]
[201, 202]
[201, 167]
[202, 168]
[202, 238]
[204, 205]
[204, 240]
[205, 206]
[205, 241]
[205, 240]
[206, 172]
[206, 241]
[211, 212]
[211, 177]
[212, 213]
[212, 178]
[213, 214]
[214, 215]
[214, 180]
[215, 216]
[216, 182]
[222, 223]
[222, 188]
[225, 226]
[226, 227]
[227, 228]
[227, 193]
[228, 194]
[230, 231]
[230, 196]
[231, 232]
[231, 197]
[234, 235]
[234, 200]
[235, 201]
[238, 204]
[240, 241]
[240, 206]
