[12, 13]
[12, 48]
[12, 47]
[13, 48]
[15, 16]
[15, 50]
[16, 17]
[17, 18]
[22, 58]
[24, 60]
[24, 59]
[27, 28]
[28, 29]
[29, 65]
[35, 36]
[35, 70]
[42, 8]
[42, 78]
[42, 77]
[45, 46]
[45, 80]
[46, 47]
[46, 12]
[46, 82]
[47, 48]
[47, 13]
[47, 82]
[50, 16]
[50, 86]
[50, 85]
[58, 59]
[58, 24]
[58, 93]
[59, 60]
[59, 95]
[60, 61]
[60, 96]
[60, 95]
[61, 27]
[61, 96]
[65, 101]
[65, 100]
[70, 36]
[70, 106]
[70, 105]
[74, 75]
[74, 110]
[74, 109]
[75, 110]
[77, 78]
[77, 113]
[77, 112]
[78, 79]
[78, 113]
[79, 80]
[79, 45]
[80, 46]
[82, 48]
[82, 118]
[82, 117]
[85, 86]
[86, 122]
[88, 123]
[92, 93]
[92, 58]
[92, 127]
[93, 59]
[93, 129]
[95, 96]
[95, 61]
[95, 131]
[95, 130]
[96, 132]
[96, 131]
[98, 99]
[99, 100]
[99, 65]
[100, 101]
[100, 136]
[101, 136]
[105, 106]
[105, 141]
[105, 140]
[106, 142]
[106, 141]
[109, 110]
[109, 75]
[109, 145]
[109, 144]
[110, 146]
[110, 145]
[112, 113]
[112, 78]
[112, 148]
[112, 147]
[113, 79]
[113, 148]
[117, 118]
[118, 119]
[119, 85]
[122, 123]
[122, 88]
[122, 157]
[123, 159]
[125, 161]
[127, 93]
[129, 130]
[129, 95]
[129, 164]
[130, 131]
[130, 96]
[131, 132]
[132, 98]
[136, 172]
[138, 174]
[138, 173]
[140, 141]
[140, 106]
[140, 176]
[140, 175]
[141, 142]
[141, 177]
[141, 176]
[142, 143]
[142, 177]
[143, 144]
[143, 109]
[144, 145]
[144, 110]
[145, 146]
[145, 181]
[146, 147]
[146, 112]
[146, 181]
[147, 148]
[147, 113]
[147, 183]
[148, 184]
[148, 183]
[150, 151]
[150, 185]
[151, 117]
[156, 157]
[156, 122]
[156, 192]
[156, 191]
[157, 123]
[157, 192]
[159, 125]
[159, 194]
[161, 127]
[164, 130]
[164, 199]
[169, 205]
[169, 204]
[172, 173]
[172, 138]
[172, 207]
[173, 174]
[173, 209]
[174, 209]
[175, 176]
[175, 141]
[175, 210]
[176, 177]
[176, 142]
[177, 143]
[181, 147]
[181, 216]
[183, 184]
[183, 218]
[184, 185]
[184, 150]
[185, 151]
[185, 221]
[188, 189]
[189, 225]
[191, 192]
[191, 157]
[192, 228]
[201, 202]
[204, 205]
[204, 239]
[205, 206]
[205, 241]
[206, 207]
[206, 172]
[206, 242]
[206, 241]
[207, 173]
[207, 242]
[210, 176]
[214, 215]
[215, 216]
[215, 181]
[218, 184]
[221, 222]
[222, 188]
[225, 191]
[228, 194]
[239, 205]
[241, 242]
[241, 207]
