[2, 38]
[2, 37]
[7, 8]
[7, 42]
[10, 46]
[10, 45]
[13, 14]
[14, 50]
[16, 51]
[18, 19]
[18, 53]
[19, 55]
[21, 22]
[21, 56]
[22, 58]
[24, 25]
[24, 60]
[25, 26]
[25, 61]
[25, 60]
[26, 61]
[30, 66]
[37, 38]
[40, 76]
[40, 75]
[42, 8]
[45, 46]
[45, 80]
[50, 51]
[50, 16]
[53, 19]
[53, 89]
[55, 56]
[55, 21]
[55, 91]
[55, 90]
[56, 22]
[56, 91]
[58, 24]
[60, 61]
[60, 26]
[61, 97]
[66, 102]
[75, 76]
[75, 111]
[76, 42]
[76, 112]
[76, 111]
[79, 80]
[79, 45]
[79, 115]
[79, 114]
[80, 46]
[80, 116]
[80, 115]
[84, 50]
[89, 90]
[89, 55]
[90, 91]
[90, 56]
[90, 126]
[91, 126]
[97, 98]
[97, 132]
[102, 103]
[102, 138]
[103, 138]
[106, 107]
[107, 108]
[107, 143]
[108, 143]
[111, 112]
[111, 147]
[112, 148]
[112, 147]
[114, 115]
[114, 80]
[114, 150]
[114, 149]
[115, 116]
[115, 151]
[115, 150]
[116, 117]
[116, 151]
[117, 153]
[121, 122]
[121, 157]
[121, 156]
[122, 158]
[122, 157]
[126, 161]
[129, 130]
[129, 164]
[132, 98]
[132, 168]
[132, 167]
[135, 171]
[135, 170]
[138, 174]
[140, 106]
[143, 178]
[147, 148]
[148, 149]
[148, 114]
[148, 184]
[149, 150]
[149, 115]
[149, 185]
[149, 184]
[150, 151]
[150, 116]
[150, 185]
[151, 117]
[151, 187]
[153, 154]
[153, 189]
[153, 188]
[154, 190]
[154, 189]
[156, 157]
[156, 122]
[156, 191]
[157, 158]
[158, 194]
[164, 130]
[167, 168]
[167, 203]
[168, 169]
[168, 203]
[169, 170]
[169, 135]
[170, 171]
[170, 206]
[171, 207]
[171, 206]
[177, 178]
[177, 143]
[177, 212]
[180, 215]
[184, 185]
[184, 150]
[184, 219]
[185, 151]
[187, 188]
[187, 153]
[187, 222]
[188, 189]
[188, 154]
[188, 224]
[189, 190]
[189, 225]
[189, 224]
[190, 191]
[190, 156]
[190, 225]
[191, 157]
[191, 227]
[194, 230]
[203, 169]
[203, 239]
[206, 207]
[207, 208]
[207, 243]
[208, 174]
[208, 243]
[212, 178]
[219, 185]
[222, 188]
[224, 225]
[224, 190]
[225, 191]
[227, 228]
[228, 194]
[239, 240]
[240, 206]
