[0, 1]
[0, 35]
[1, 2]
[1, 37]
[2, 37]
[4, 40]
[4, 39]
[13, 49]
[15, 16]
[16, 17]
[16, 52]
[17, 52]
[26, 62]
[26, 61]
[31, 32]
[31, 66]
[32, 68]
[35, 1]
[35, 70]
[37, 73]
[37, 72]
[39, 40]
[40, 41]
[40, 76]
[41, 7]
[41, 77]
[41, 76]
[44, 80]
[44, 79]
[46, 82]
[46, 81]
[49, 15]
[49, 85]
[49, 84]
[52, 88]
[55, 90]
[57, 23]
[61, 62]
[62, 28]
[65, 66]
[65, 31]
[66, 32]
[66, 102]
[68, 69]
[68, 104]
[68, 103]
[69, 104]
[72, 73]
[72, 108]
[72, 107]
[73, 39]
[73, 108]
[76, 77]
[76, 112]
[77, 78]
[77, 113]
[77, 112]
[78, 79]
[78, 44]
[78, 114]
[78, 113]
[79, 80]
[79, 115]
[79, 114]
[80, 81]
[80, 46]
[80, 115]
[81, 82]
[82, 118]
[84, 85]
[84, 119]
[85, 86]
[86, 52]
[86, 122]
[88, 124]
[88, 123]
[99, 65]
[99, 134]
[102, 103]
[102, 68]
[102, 138]
[102, 137]
[103, 104]
[103, 69]
[103, 139]
[103, 138]
[104, 139]
[107, 108]
[107, 73]
[108, 144]
[110, 76]
[112, 113]
[112, 78]
[112, 148]
[113, 114]
[113, 79]
[113, 149]
[113, 148]
[114, 115]
[114, 80]
[114, 149]
[115, 81]
[115, 151]
[118, 119]
[118, 84]
[118, 153]
[119, 85]
[122, 123]
[122, 88]
[122, 158]
[123, 124]
[123, 159]
[123, 158]
[124, 90]
[124, 159]
[127, 128]
[134, 170]
[136, 137]
[136, 102]
[136, 172]
[137, 138]
[137, 103]
[137, 172]
[138, 139]
[138, 104]
[141, 107]
[141, 177]
[144, 110]
[144, 180]
[148, 149]
[148, 114]
[149, 115]
[153, 119]
[153, 189]
[153, 188]
[156, 122]
[156, 192]
[156, 191]
[158, 159]
[158, 124]
[166, 132]
[170, 136]
[170, 206]
[172, 138]
[175, 141]
[175, 211]
[177, 213]
[177, 212]
[180, 181]
[180, 216]
[180, 215]
[181, 216]
[188, 189]
[188, 224]
[188, 223]
[189, 190]
[189, 225]
[189, 224]
[190, 191]
[190, 156]
[190, 226]
[190, 225]
[191, 192]
[191, 227]
[191, 226]
[192, 158]
[192, 228]
[192, 227]
[196, 197]
[196, 231]
[200, 166]
[200, 236]
[206, 172]
[206, 241]
[211, 212]
[211, 177]
[212, 213]
[215, 216]
[215, 181]
[223, 224]
[223, 189]
[224, 225]
[224, 190]
[225, 226]
[225, 191]
[226, 227]
[226, 192]
[227, 228]
[228, 229]
[229, 230]
[230, 231]
[230, 196]
[231, 197]
[234, 200]
[236, 237]
[237, 238]
