[0, 36]
[0, 35]
[14, 50]
[18, 53]
[20, 21]
[20, 55]
[21, 57]
[23, 58]
[26, 27]
[27, 28]
[28, 64]
[35, 36]
[35, 70]
[36, 37]
[42, 78]
[42, 77]
[48, 14]
[48, 84]
[48, 83]
[50, 51]
[50, 86]
[51, 86]
[53, 88]
[55, 21]
[57, 58]
[57, 23]
[64, 100]
[64, 99]
[66, 67]
[66, 102]
[66, 101]
[67, 103]
[67, 102]
[70, 36]
[70, 106]
[70, 105]
[77, 78]
[77, 113]
[78, 79]
[78, 114]
[78, 113]
[79, 114]
[83, 84]
[84, 50]
[86, 122]
[86, 121]
[88, 124]
[88, 123]
[96, 132]
[96, 131]
[99, 100]
[99, 134]
[100, 101]
[100, 66]
[101, 102]
[101, 67]
[101, 137]
[102, 103]
[102, 138]
[102, 137]
[103, 139]
[103, 138]
[105, 106]
[105, 141]
[106, 107]
[106, 142]
[106, 141]
[107, 108]
[107, 143]
[107, 142]
[108, 144]
[108, 143]
[113, 114]
[113, 79]
[117, 83]
[117, 153]
[121, 122]
[121, 157]
[121, 156]
[122, 123]
[122, 88]
[122, 158]
[122, 157]
[123, 124]
[123, 158]
[128, 129]
[131, 132]
[131, 166]
[134, 100]
[137, 138]
[137, 103]
[137, 173]
[138, 139]
[138, 174]
[138, 173]
[139, 174]
[141, 142]
[141, 107]
[141, 177]
[141, 176]
[142, 143]
[142, 108]
[142, 177]
[143, 144]
[144, 110]
[144, 180]
[156, 157]
[156, 122]
[157, 158]
[157, 123]
[158, 124]
[158, 194]
[162, 128]
[162, 198]
[162, 197]
[166, 132]
[171, 137]
[171, 206]
[173, 174]
[173, 139]
[175, 176]
[175, 141]
[175, 210]
[176, 177]
[176, 142]
[176, 212]
[177, 143]
[177, 213]
[177, 212]
[180, 181]
[180, 215]
[181, 182]
[181, 217]
[182, 183]
[182, 217]
[186, 187]
[187, 153]
[187, 223]
[194, 195]
[194, 230]
[195, 230]
[197, 198]
[197, 232]
[198, 234]
[205, 206]
[205, 171]
[210, 176]
[212, 213]
[213, 214]
[214, 215]
[214, 180]
[215, 181]
[217, 183]
[220, 186]
[223, 224]
[232, 198]
[234, 235]
[235, 236]
