[1, 2]
[1, 36]
[2, 38]
[6, 7]
[6, 42]
[6, 41]
[7, 8]
[7, 42]
[8, 9]
[16, 17]
[23, 24]
[23, 59]
[23, 58]
[24, 59]
[26, 27]
[26, 61]
[27, 63]
[30, 66]
[35, 36]
[35, 1]
[35, 71]
[35, 70]
[36, 2]
[36, 72]
[36, 71]
[40, 41]
[40, 6]
[40, 76]
[40, 75]
[41, 42]
[41, 7]
[41, 76]
[42, 8]
[42, 78]
[56, 92]
[56, 91]
[58, 59]
[58, 24]
[58, 94]
[59, 94]
[61, 27]
[61, 96]
[63, 99]
[66, 32]
[66, 102]
[66, 101]
[70, 71]
[70, 36]
[70, 106]
[71, 72]
[71, 106]
[72, 38]
[75, 76]
[75, 41]
[75, 110]
[76, 42]
[78, 113]
[80, 115]
[83, 84]
[84, 85]
[85, 86]
[85, 121]
[86, 122]
[86, 121]
[88, 89]
[88, 124]
[88, 123]
[89, 124]
[91, 92]
[92, 58]
[92, 128]
[94, 130]
[96, 131]
[101, 102]
[101, 136]
[106, 72]
[106, 142]
[109, 110]
[109, 75]
[109, 145]
[110, 76]
[110, 145]
[113, 148]
[115, 151]
[115, 150]
[121, 122]
[122, 123]
[122, 88]
[123, 124]
[123, 89]
[123, 159]
[124, 159]
[128, 94]
[130, 131]
[130, 96]
[130, 166]
[131, 166]
[133, 99]
[133, 169]
[136, 102]
[136, 172]
[136, 171]
[139, 174]
[140, 106]
[145, 181]
[145, 180]
[148, 184]
[150, 151]
[150, 186]
[151, 152]
[151, 186]
[152, 153]
[153, 189]
[162, 128]
[162, 198]
[162, 197]
[169, 170]
[170, 171]
[170, 136]
[171, 172]
[179, 180]
[179, 145]
[179, 215]
[179, 214]
[180, 181]
[180, 216]
[180, 215]
[181, 216]
[184, 150]
[186, 152]
[186, 221]
[192, 193]
[192, 228]
[192, 227]
[193, 159]
[193, 228]
[196, 197]
[196, 162]
[197, 198]
[197, 233]
[198, 199]
[198, 233]
[199, 200]
[200, 166]
[200, 236]
[203, 169]
[203, 238]
[211, 212]
[214, 215]
[214, 180]
[215, 216]
[215, 181]
[223, 189]
[226, 227]
[226, 192]
[227, 228]
[227, 193]
[230, 196]
[233, 199]
