[0, 1]
[0, 36]
[0, 35]
[1, 2]
[1, 36]
[2, 3]
[3, 39]
[5, 6]
[5, 41]
[5, 40]
[6, 7]
[6, 42]
[6, 41]
[7, 43]
[7, 42]
[10, 11]
[10, 46]
[11, 46]
[13, 14]
[14, 15]
[15, 51]
[17, 18]
[17, 53]
[17, 52]
[18, 19]
[18, 53]
[24, 25]
[24, 60]
[24, 59]
[25, 61]
[25, 60]
[28, 29]
[31, 32]
[31, 67]
[32, 68]
[32, 67]
[35, 36]
[35, 1]
[35, 71]
[35, 70]
[36, 2]
[36, 72]
[36, 71]
[39, 40]
[39, 5]
[39, 75]
[40, 41]
[40, 6]
[40, 75]
[41, 42]
[41, 7]
[41, 77]
[42, 43]
[42, 78]
[42, 77]
[43, 44]
[43, 79]
[43, 78]
[44, 10]
[44, 79]
[46, 82]
[51, 52]
[51, 17]
[51, 86]
[52, 53]
[52, 18]
[52, 88]
[53, 19]
[53, 88]
[58, 59]
[58, 24]
[58, 93]
[59, 60]
[59, 25]
[60, 61]
[61, 62]
[61, 97]
[62, 28]
[62, 98]
[62, 97]
[67, 68]
[67, 103]
[67, 102]
[68, 104]
[68, 103]
[70, 71]
[70, 36]
[71, 72]
[72, 108]
[75, 41]
[75, 111]
[77, 78]
[77, 43]
[78, 79]
[78, 44]
[85, 86]
[85, 51]
[86, 52]
[91, 127]
[93, 59]
[93, 129]
[93, 128]
[97, 98]
[97, 132]
[98, 134]
[101, 102]
[101, 67]
[101, 137]
[102, 103]
[102, 68]
[102, 137]
[103, 104]
[103, 139]
[104, 139]
[108, 109]
[109, 75]
[109, 145]
[111, 77]
[111, 147]
[119, 85]
[119, 155]
[127, 128]
[127, 93]
[127, 162]
[128, 129]
[131, 132]
[131, 97]
[131, 167]
[132, 98]
[132, 167]
[134, 135]
[135, 101]
[135, 171]
[137, 103]
[137, 173]
[137, 172]
[139, 174]
[140, 141]
[141, 142]
[142, 108]
[142, 178]
[145, 111]
[149, 150]
[150, 151]
[150, 186]
[151, 186]
[153, 119]
[153, 188]
[155, 191]
[157, 193]
[162, 128]
[162, 198]
[167, 202]
[171, 172]
[171, 137]
[172, 173]
[173, 174]
[173, 139]
[178, 214]
[178, 213]
[188, 223]
[191, 157]
[193, 194]
[193, 228]
[194, 230]
[196, 162]
[196, 232]
[198, 234]
[200, 235]
[202, 238]
[205, 171]
[205, 240]
[210, 211]
[211, 212]
[212, 213]
[212, 178]
[213, 214]
[219, 220]
[220, 186]
[228, 194]
[230, 196]
[232, 198]
[234, 235]
[234, 200]
[238, 239]
[239, 240]
[239, 205]
