[0, 1]
[0, 36]
[0, 35]
[1, 2]
[1, 36]
[2, 38]
[5, 40]
[7, 8]
[8, 9]
[9, 10]
[10, 11]
[11, 12]
[11, 47]
[12, 47]
[14, 15]
[15, 16]
[16, 17]
[16, 52]
[17, 53]
[17, 52]
[19, 20]
[19, 55]
[20, 21]
[20, 55]
[21, 57]
[24, 25]
[24, 59]
[29, 30]
[29, 64]
[30, 31]
[30, 66]
[31, 32]
[31, 67]
[31, 66]
[32, 67]
[35, 36]
[35, 1]
[35, 70]
[36, 2]
[38, 39]
[38, 73]
[39, 40]
[39, 5]
[40, 76]
[52, 53]
[52, 88]
[53, 19]
[53, 88]
[55, 21]
[55, 91]
[55, 90]
[57, 93]
[59, 25]
[59, 94]
[62, 97]
[64, 30]
[64, 100]
[64, 99]
[66, 67]
[66, 32]
[66, 102]
[66, 101]
[67, 103]
[67, 102]
[70, 36]
[73, 39]
[73, 109]
[76, 77]
[77, 113]
[80, 116]
[80, 115]
[84, 120]
[86, 52]
[86, 122]
[88, 124]
[88, 123]
[90, 91]
[90, 126]
[90, 125]
[91, 57]
[91, 127]
[91, 126]
[93, 94]
[93, 59]
[93, 129]
[93, 128]
[94, 130]
[94, 129]
[97, 132]
[99, 100]
[100, 101]
[100, 66]
[100, 136]
[101, 102]
[101, 67]
[101, 137]
[101, 136]
[102, 103]
[102, 137]
[107, 73]
[107, 142]
[109, 110]
[110, 76]
[110, 146]
[113, 149]
[115, 116]
[115, 151]
[115, 150]
[116, 117]
[116, 151]
[117, 118]
[117, 153]
[118, 84]
[118, 154]
[118, 153]
[120, 86]
[120, 156]
[122, 123]
[122, 88]
[123, 124]
[123, 159]
[124, 125]
[124, 90]
[124, 159]
[125, 126]
[125, 91]
[126, 127]
[127, 128]
[127, 93]
[127, 163]
[128, 129]
[128, 94]
[128, 163]
[129, 130]
[130, 166]
[132, 168]
[132, 167]
[136, 137]
[136, 102]
[136, 171]
[137, 103]
[137, 173]
[146, 147]
[146, 182]
[146, 181]
[147, 113]
[147, 183]
[147, 182]
[149, 150]
[149, 115]
[149, 185]
[150, 151]
[150, 116]
[150, 185]
[151, 117]
[151, 187]
[153, 154]
[153, 189]
[154, 120]
[154, 189]
[156, 122]
[156, 191]
[159, 125]
[159, 195]
[159, 194]
[163, 129]
[163, 199]
[163, 198]
[166, 167]
[166, 132]
[167, 168]
[167, 203]
[168, 204]
[168, 203]
[171, 137]
[173, 174]
[173, 208]
[181, 182]
[181, 147]
[181, 216]
[182, 183]
[182, 218]
[183, 149]
[183, 219]
[183, 218]
[185, 151]
[185, 221]
[185, 220]
[187, 153]
[189, 225]
[189, 224]
[191, 227]
[194, 195]
[194, 230]
[194, 229]
[195, 196]
[195, 230]
[198, 199]
[198, 233]
[199, 235]
[203, 204]
[203, 238]
[208, 174]
[210, 211]
[215, 216]
[215, 181]
[216, 182]
[218, 219]
[219, 220]
[219, 185]
[220, 221]
[221, 187]
[224, 225]
[225, 191]
[229, 230]
[229, 195]
[230, 196]
[233, 199]
[235, 236]
[236, 237]
[237, 238]
[237, 203]
[238, 204]
