[3, 4]
[3, 39]
[3, 38]
[4, 5]
[4, 40]
[4, 39]
[5, 6]
[5, 40]
[6, 7]
[6, 42]
[7, 43]
[7, 42]
[9, 10]
[9, 45]
[10, 45]
[13, 14]
[13, 49]
[13, 48]
[14, 50]
[14, 49]
[16, 51]
[21, 56]
[27, 62]
[30, 31]
[31, 32]
[32, 33]
[33, 69]
[38, 39]
[38, 4]
[38, 74]
[38, 73]
[39, 40]
[39, 5]
[39, 75]
[39, 74]
[40, 6]
[40, 75]
[42, 43]
[43, 9]
[43, 79]
[45, 81]
[47, 48]
[47, 13]
[47, 83]
[47, 82]
[48, 49]
[48, 14]
[48, 83]
[49, 50]
[49, 85]
[50, 51]
[50, 16]
[50, 86]
[50, 85]
[51, 87]
[51, 86]
[56, 92]
[61, 62]
[61, 27]
[61, 97]
[62, 98]
[62, 97]
[69, 104]
[72, 73]
[72, 38]
[72, 108]
[73, 74]
[73, 39]
[73, 109]
[73, 108]
[74, 75]
[74, 40]
[74, 109]
[79, 45]
[81, 82]
[81, 47]
[81, 117]
[82, 83]
[82, 48]
[82, 118]
[82, 117]
[83, 49]
[83, 118]
[85, 86]
[85, 51]
[85, 121]
[85, 120]
[86, 87]
[86, 121]
[87, 88]
[87, 123]
[88, 89]
[88, 123]
[89, 90]
[90, 56]
[92, 93]
[92, 128]
[92, 127]
[93, 129]
[93, 128]
[95, 61]
[97, 98]
[97, 133]
[97, 132]
[98, 99]
[98, 133]
[99, 100]
[100, 101]
[100, 136]
[101, 102]
[101, 137]
[101, 136]
[102, 103]
[102, 138]
[102, 137]
[103, 104]
[103, 69]
[103, 138]
[105, 141]
[108, 109]
[108, 74]
[108, 143]
[109, 75]
[109, 145]
[112, 113]
[112, 148]
[113, 79]
[113, 149]
[113, 148]
[117, 118]
[117, 83]
[120, 121]
[120, 86]
[120, 156]
[120, 155]
[121, 87]
[121, 157]
[121, 156]
[123, 89]
[123, 159]
[123, 158]
[127, 128]
[127, 93]
[127, 163]
[127, 162]
[128, 129]
[128, 163]
[129, 95]
[132, 133]
[132, 98]
[133, 99]
[133, 169]
[136, 137]
[136, 102]
[137, 138]
[137, 103]
[137, 173]
[138, 104]
[138, 174]
[138, 173]
[141, 177]
[143, 109]
[143, 179]
[143, 178]
[145, 146]
[145, 180]
[146, 112]
[146, 182]
[148, 149]
[149, 185]
[155, 156]
[155, 121]
[155, 191]
[156, 157]
[156, 192]
[156, 191]
[157, 158]
[157, 123]
[157, 192]
[158, 159]
[159, 195]
[161, 162]
[161, 127]
[162, 163]
[162, 128]
[163, 129]
[166, 132]
[166, 202]
[169, 170]
[169, 205]
[169, 204]
[170, 136]
[170, 206]
[170, 205]
[173, 174]
[173, 209]
[173, 208]
[174, 209]
[177, 178]
[177, 143]
[177, 213]
[177, 212]
[178, 179]
[178, 214]
[178, 213]
[179, 180]
[179, 145]
[179, 215]
[179, 214]
[180, 146]
[180, 215]
[182, 148]
[182, 218]
[182, 217]
[185, 186]
[186, 222]
[191, 192]
[191, 157]
[191, 227]
[192, 158]
[192, 227]
[195, 161]
[195, 230]
[200, 166]
[200, 236]
[202, 203]
[202, 238]
[202, 237]
[203, 204]
[203, 169]
[203, 238]
[204, 205]
[204, 170]
[204, 240]
[205, 206]
[205, 241]
[205, 240]
[206, 207]
[206, 242]
[206, 241]
[207, 208]
[207, 173]
[207, 242]
[208, 209]
[208, 174]
[208, 244]
[209, 244]
[212, 213]
[212, 178]
[213, 214]
[213, 179]
[214, 215]
[214, 180]
[217, 218]
[222, 188]
[225, 191]
[229, 230]
[229, 195]
[233, 234]
[234, 200]
[236, 237]
[236, 202]
[237, 238]
[237, 203]
[238, 204]
[240, 241]
[240, 206]
[241, 242]
[241, 207]
[242, 208]
