[3, 39]
[3, 38]
[5, 41]
[9, 45]
[12, 47]
[14, 50]
[16, 17]
[17, 18]
[18, 19]
[18, 54]
[19, 20]
[19, 55]
[19, 54]
[20, 21]
[20, 55]
[21, 57]
[23, 58]
[25, 26]
[25, 61]
[26, 61]
[28, 29]
[28, 64]
[29, 30]
[29, 65]
[29, 64]
[30, 31]
[30, 66]
[30, 65]
[31, 32]
[31, 66]
[35, 36]
[36, 37]
[36, 72]
[37, 38]
[37, 3]
[37, 73]
[37, 72]
[38, 39]
[38, 74]
[38, 73]
[39, 5]
[39, 75]
[39, 74]
[41, 42]
[41, 77]
[42, 43]
[42, 78]
[42, 77]
[43, 9]
[43, 79]
[43, 78]
[45, 81]
[45, 80]
[47, 83]
[47, 82]
[50, 16]
[50, 85]
[54, 55]
[54, 20]
[54, 90]
[54, 89]
[55, 21]
[55, 90]
[57, 58]
[57, 23]
[57, 92]
[58, 94]
[61, 97]
[64, 65]
[64, 30]
[64, 99]
[65, 66]
[65, 31]
[66, 32]
[66, 102]
[69, 104]
[72, 73]
[72, 38]
[72, 107]
[73, 74]
[73, 39]
[73, 109]
[74, 75]
[74, 110]
[74, 109]
[75, 41]
[75, 111]
[75, 110]
[77, 78]
[77, 43]
[77, 113]
[77, 112]
[78, 79]
[78, 113]
[79, 80]
[79, 45]
[79, 115]
[80, 81]
[80, 115]
[81, 82]
[81, 47]
[82, 83]
[83, 119]
[85, 121]
[85, 120]
[89, 90]
[89, 55]
[89, 125]
[89, 124]
[90, 126]
[90, 125]
[92, 58]
[92, 128]
[94, 130]
[94, 129]
[99, 65]
[99, 135]
[99, 134]
[102, 103]
[102, 138]
[103, 104]
[103, 69]
[103, 139]
[103, 138]
[104, 139]
[105, 106]
[105, 141]
[106, 107]
[106, 72]
[106, 142]
[106, 141]
[107, 73]
[107, 143]
[107, 142]
[109, 110]
[109, 75]
[110, 111]
[111, 112]
[111, 77]
[112, 113]
[112, 78]
[112, 148]
[113, 79]
[113, 149]
[113, 148]
[115, 81]
[115, 151]
[119, 120]
[119, 85]
[119, 154]
[120, 121]
[120, 156]
[121, 87]
[121, 157]
[121, 156]
[124, 125]
[124, 90]
[125, 126]
[125, 161]
[126, 92]
[126, 161]
[128, 129]
[128, 94]
[128, 164]
[128, 163]
[129, 130]
[129, 165]
[129, 164]
[130, 131]
[130, 166]
[130, 165]
[131, 97]
[131, 167]
[131, 166]
[134, 135]
[135, 136]
[136, 102]
[136, 172]
[138, 139]
[138, 104]
[138, 174]
[138, 173]
[139, 174]
[141, 142]
[141, 107]
[142, 143]
[142, 178]
[143, 109]
[143, 178]
[148, 149]
[148, 184]
[149, 115]
[149, 185]
[149, 184]
[151, 152]
[151, 187]
[151, 186]
[152, 187]
[154, 120]
[156, 157]
[156, 192]
[157, 158]
[157, 193]
[157, 192]
[158, 124]
[158, 193]
[161, 196]
[163, 164]
[163, 129]
[163, 199]
[163, 198]
[164, 165]
[164, 130]
[164, 200]
[164, 199]
[165, 166]
[165, 131]
[165, 201]
[165, 200]
[166, 167]
[166, 201]
[167, 168]
[167, 203]
[168, 134]
[168, 204]
[168, 203]
[172, 173]
[172, 138]
[172, 207]
[173, 174]
[173, 139]
[173, 209]
[174, 209]
[178, 213]
[180, 216]
[180, 215]
[182, 148]
[182, 217]
[184, 185]
[184, 220]
[185, 186]
[185, 151]
[185, 220]
[186, 187]
[186, 152]
[186, 222]
[187, 223]
[187, 222]
[192, 193]
[192, 158]
[192, 227]
[193, 229]
[195, 196]
[195, 161]
[195, 231]
[195, 230]
[196, 231]
[198, 199]
[198, 164]
[198, 233]
[199, 200]
[199, 165]
[199, 235]
[200, 201]
[200, 166]
[200, 236]
[200, 235]
[201, 167]
[201, 237]
[201, 236]
[203, 204]
[203, 238]
[204, 205]
[204, 240]
[205, 240]
[207, 173]
[207, 242]
[215, 216]
[216, 217]
[216, 182]
[220, 186]
[222, 223]
[227, 193]
[229, 230]
[229, 195]
[230, 231]
[230, 196]
[233, 199]
[235, 236]
[235, 201]
[236, 237]
[237, 238]
[237, 203]
[238, 204]
