[9, 10]
[9, 45]
[9, 44]
[10, 45]
[12, 47]
[15, 50]
[17, 18]
[17, 53]
[18, 53]
[20, 56]
[20, 55]
[22, 57]
[28, 29]
[28, 64]
[29, 64]
[41, 77]
[41, 76]
[44, 45]
[44, 10]
[44, 80]
[44, 79]
[45, 80]
[47, 82]
[53, 88]
[55, 56]
[56, 57]
[56, 22]
[60, 95]
[62, 28]
[62, 98]
[64, 100]
[64, 99]
[73, 74]
[73, 108]
[74, 75]
[74, 110]
[75, 76]
[75, 41]
[75, 110]
[76, 77]
[77, 78]
[77, 113]
[78, 79]
[78, 44]
[78, 114]
[78, 113]
[79, 80]
[79, 45]
[79, 114]
[80, 116]
[82, 118]
[84, 50]
[84, 120]
[84, 119]
[88, 124]
[95, 131]
[98, 99]
[98, 64]
[98, 134]
[98, 133]
[99, 100]
[99, 134]
[100, 101]
[100, 136]
[101, 137]
[101, 136]
[108, 74]
[108, 144]
[110, 76]
[110, 146]
[110, 145]
[113, 114]
[113, 79]
[113, 149]
[114, 80]
[114, 149]
[116, 82]
[116, 152]
[118, 119]
[118, 84]
[119, 120]
[119, 155]
[120, 121]
[120, 156]
[120, 155]
[121, 122]
[121, 156]
[122, 88]
[122, 158]
[124, 125]
[124, 160]
[125, 160]
[129, 95]
[129, 164]
[131, 132]
[131, 166]
[132, 133]
[132, 98]
[132, 168]
[133, 134]
[133, 99]
[133, 168]
[134, 100]
[136, 137]
[136, 172]
[137, 138]
[137, 173]
[137, 172]
[138, 174]
[138, 173]
[142, 108]
[142, 178]
[144, 145]
[144, 110]
[144, 180]
[144, 179]
[145, 146]
[145, 180]
[146, 147]
[147, 113]
[147, 183]
[149, 184]
[152, 118]
[152, 187]
[155, 156]
[155, 121]
[156, 122]
[156, 192]
[158, 124]
[158, 193]
[160, 195]
[163, 164]
[163, 129]
[163, 199]
[164, 199]
[166, 132]
[166, 202]
[166, 201]
[168, 134]
[168, 203]
[172, 173]
[172, 138]
[172, 208]
[172, 207]
[173, 174]
[173, 208]
[175, 176]
[175, 210]
[176, 142]
[178, 179]
[178, 144]
[178, 213]
[179, 180]
[179, 145]
[180, 146]
[180, 216]
[183, 184]
[183, 149]
[183, 219]
[183, 218]
[184, 220]
[184, 219]
[187, 222]
[192, 193]
[192, 158]
[199, 235]
[199, 234]
[201, 202]
[202, 203]
[202, 168]
[202, 238]
[203, 238]
[207, 208]
[207, 173]
[207, 243]
[207, 242]
[208, 174]
[208, 243]
[210, 176]
[213, 179]
[218, 219]
[218, 184]
[219, 220]
[225, 226]
[226, 192]
[234, 235]
[235, 201]
[242, 243]
[242, 208]
