[8, 9]
[8, 44]
[9, 10]
[9, 45]
[9, 44]
[10, 11]
[10, 46]
[10, 45]
[11, 46]
[13, 49]
[13, 48]
[20, 21]
[20, 56]
[21, 22]
[21, 56]
[25, 61]
[28, 29]
[28, 64]
[28, 63]
[29, 65]
[29, 64]
[33, 34]
[35, 70]
[37, 38]
[37, 73]
[37, 72]
[38, 73]
[44, 45]
[44, 10]
[44, 80]
[45, 46]
[45, 11]
[45, 80]
[48, 49]
[48, 84]
[49, 50]
[49, 85]
[49, 84]
[50, 86]
[50, 85]
[53, 89]
[53, 88]
[56, 22]
[56, 92]
[56, 91]
[59, 25]
[59, 95]
[59, 94]
[61, 62]
[62, 63]
[62, 28]
[63, 64]
[63, 29]
[63, 99]
[64, 65]
[64, 99]
[65, 101]
[67, 33]
[70, 106]
[70, 105]
[72, 73]
[72, 38]
[72, 108]
[72, 107]
[73, 109]
[73, 108]
[75, 76]
[76, 77]
[80, 46]
[80, 115]
[84, 85]
[84, 50]
[84, 120]
[84, 119]
[85, 86]
[85, 121]
[85, 120]
[86, 87]
[86, 121]
[87, 88]
[87, 53]
[87, 123]
[88, 89]
[88, 123]
[89, 90]
[89, 125]
[90, 91]
[90, 56]
[90, 125]
[91, 92]
[91, 127]
[92, 127]
[94, 95]
[94, 129]
[95, 61]
[99, 65]
[99, 135]
[101, 67]
[101, 137]
[101, 136]
[105, 106]
[105, 141]
[105, 140]
[106, 107]
[106, 72]
[106, 142]
[106, 141]
[107, 108]
[107, 73]
[107, 142]
[108, 109]
[108, 144]
[109, 75]
[109, 145]
[109, 144]
[119, 120]
[119, 85]
[119, 155]
[120, 121]
[120, 86]
[120, 156]
[120, 155]
[121, 87]
[121, 157]
[121, 156]
[123, 89]
[123, 159]
[123, 158]
[125, 91]
[125, 160]
[127, 162]
[129, 95]
[129, 164]
[132, 133]
[132, 167]
[133, 99]
[133, 169]
[135, 136]
[135, 101]
[136, 137]
[137, 138]
[137, 173]
[138, 104]
[138, 173]
[140, 141]
[140, 106]
[140, 176]
[140, 175]
[141, 142]
[141, 107]
[141, 176]
[142, 108]
[144, 145]
[144, 179]
[147, 183]
[147, 182]
[152, 187]
[155, 156]
[155, 121]
[155, 190]
[156, 157]
[156, 192]
[157, 158]
[157, 123]
[157, 192]
[158, 159]
[158, 194]
[159, 160]
[159, 125]
[159, 194]
[162, 198]
[162, 197]
[164, 200]
[164, 199]
[166, 167]
[166, 132]
[166, 202]
[166, 201]
[167, 133]
[167, 203]
[167, 202]
[169, 135]
[173, 209]
[175, 176]
[175, 141]
[175, 210]
[176, 142]
[176, 212]
[179, 145]
[179, 214]
[182, 183]
[182, 218]
[183, 184]
[183, 218]
[187, 222]
[189, 190]
[189, 155]
[189, 225]
[190, 156]
[190, 226]
[190, 225]
[192, 158]
[192, 228]
[192, 227]
[194, 160]
[194, 229]
[197, 198]
[197, 233]
[197, 232]
[198, 199]
[198, 164]
[198, 233]
[199, 200]
[200, 201]
[200, 166]
[201, 202]
[201, 167]
[201, 237]
[202, 203]
[202, 238]
[202, 237]
[203, 169]
[203, 238]
[206, 207]
[206, 242]
[206, 241]
[207, 173]
[207, 242]
[209, 244]
[210, 176]
[212, 213]
[213, 214]
[213, 179]
[218, 184]
[225, 226]
[226, 227]
[226, 192]
[227, 228]
[228, 229]
[228, 194]
[231, 232]
[231, 197]
[232, 233]
[232, 198]
[233, 199]
[237, 238]
[237, 203]
[240, 241]
[240, 206]
[241, 242]
[241, 207]
