[2, 38]
[2, 37]
[4, 40]
[6, 41]
[12, 13]
[12, 47]
[13, 14]
[14, 15]
[14, 50]
[15, 50]
[20, 56]
[20, 55]
[22, 23]
[23, 59]
[29, 65]
[35, 70]
[37, 38]
[38, 4]
[38, 74]
[40, 41]
[40, 6]
[40, 76]
[40, 75]
[41, 77]
[41, 76]
[44, 45]
[44, 79]
[45, 81]
[47, 13]
[47, 83]
[50, 86]
[55, 56]
[55, 91]
[56, 22]
[56, 91]
[59, 60]
[59, 95]
[59, 94]
[60, 95]
[63, 29]
[65, 66]
[65, 101]
[66, 101]
[70, 106]
[70, 105]
[74, 75]
[74, 40]
[75, 76]
[75, 41]
[76, 77]
[77, 113]
[79, 45]
[79, 115]
[79, 114]
[81, 47]
[81, 116]
[86, 87]
[87, 53]
[91, 126]
[94, 95]
[94, 60]
[94, 130]
[95, 131]
[95, 130]
[101, 137]
[101, 136]
[105, 106]
[105, 140]
[106, 107]
[106, 142]
[107, 108]
[107, 143]
[107, 142]
[108, 74]
[108, 143]
[113, 114]
[113, 79]
[114, 115]
[115, 116]
[115, 81]
[116, 152]
[120, 86]
[120, 156]
[120, 155]
[124, 125]
[125, 126]
[125, 91]
[125, 161]
[126, 162]
[126, 161]
[130, 131]
[130, 166]
[130, 165]
[131, 132]
[131, 166]
[135, 136]
[135, 101]
[135, 170]
[136, 137]
[136, 172]
[137, 173]
[137, 172]
[140, 106]
[140, 176]
[142, 143]
[142, 108]
[142, 178]
[143, 178]
[145, 146]
[152, 153]
[152, 187]
[153, 189]
[155, 156]
[155, 190]
[161, 162]
[162, 163]
[163, 199]
[165, 166]
[165, 131]
[165, 200]
[166, 132]
[170, 136]
[170, 206]
[170, 205]
[172, 173]
[173, 174]
[173, 209]
[174, 209]
[176, 142]
[185, 186]
[185, 220]
[186, 187]
[186, 152]
[187, 153]
[187, 223]
[189, 190]
[189, 155]
[190, 156]
[194, 230]
[199, 200]
[199, 165]
[199, 234]
[200, 166]
[204, 205]
[204, 170]
[204, 240]
[205, 206]
[205, 240]
[206, 172]
[209, 244]
[210, 176]
[220, 186]
[223, 189]
[234, 200]
[238, 204]
[240, 206]
