[1, 2]
[1, 37]
[1, 36]
[2, 38]
[2, 37]
[4, 5]
[4, 40]
[5, 6]
[5, 40]
[6, 42]
[12, 48]
[12, 47]
[15, 51]
[17, 18]
[18, 19]
[18, 54]
[19, 55]
[19, 54]
[22, 23]
[23, 24]
[23, 59]
[24, 25]
[24, 60]
[24, 59]
[25, 61]
[25, 60]
[30, 31]
[30, 65]
[31, 32]
[32, 33]
[36, 37]
[36, 2]
[36, 72]
[37, 38]
[37, 73]
[37, 72]
[38, 4]
[38, 73]
[40, 6]
[40, 75]
[42, 78]
[42, 77]
[46, 47]
[46, 12]
[46, 82]
[47, 48]
[47, 82]
[51, 17]
[51, 87]
[51, 86]
[54, 55]
[59, 60]
[59, 25]
[60, 61]
[61, 97]
[64, 65]
[64, 30]
[64, 100]
[65, 31]
[65, 101]
[65, 100]
[72, 73]
[72, 38]
[72, 108]
[72, 107]
[73, 108]
[75, 111]
[77, 78]
[77, 113]
[77, 112]
[78, 79]
[78, 114]
[78, 113]
[79, 80]
[79, 115]
[79, 114]
[80, 46]
[80, 116]
[80, 115]
[82, 48]
[82, 117]
[85, 86]
[85, 51]
[86, 87]
[87, 123]
[92, 128]
[97, 98]
[97, 132]
[98, 64]
[100, 101]
[100, 136]
[100, 135]
[101, 137]
[101, 136]
[105, 106]
[105, 141]
[106, 107]
[106, 72]
[106, 141]
[107, 108]
[107, 73]
[108, 144]
[111, 112]
[111, 77]
[111, 147]
[112, 113]
[112, 78]
[112, 148]
[112, 147]
[113, 114]
[113, 79]
[113, 149]
[113, 148]
[114, 115]
[114, 80]
[114, 150]
[114, 149]
[115, 116]
[115, 150]
[116, 117]
[116, 82]
[117, 153]
[119, 85]
[119, 155]
[123, 124]
[123, 158]
[128, 129]
[128, 164]
[128, 163]
[129, 164]
[131, 132]
[131, 97]
[131, 167]
[132, 98]
[132, 168]
[132, 167]
[135, 136]
[135, 101]
[135, 171]
[136, 137]
[136, 171]
[137, 138]
[137, 173]
[138, 104]
[138, 174]
[138, 173]
[141, 107]
[141, 177]
[144, 145]
[144, 180]
[145, 111]
[145, 180]
[147, 148]
[147, 113]
[147, 182]
[148, 149]
[148, 114]
[149, 150]
[149, 115]
[150, 116]
[153, 119]
[153, 189]
[153, 188]
[157, 158]
[157, 123]
[157, 192]
[158, 124]
[162, 163]
[162, 128]
[162, 198]
[162, 197]
[163, 164]
[163, 129]
[163, 199]
[163, 198]
[164, 200]
[164, 199]
[167, 168]
[167, 203]
[167, 202]
[168, 203]
[171, 137]
[173, 174]
[173, 209]
[174, 209]
[175, 141]
[175, 210]
[177, 213]
[180, 215]
[182, 148]
[187, 188]
[187, 153]
[188, 189]
[188, 224]
[189, 155]
[189, 224]
[192, 158]
[192, 227]
[195, 196]
[196, 197]
[196, 162]
[196, 232]
[197, 198]
[197, 163]
[197, 233]
[197, 232]
[198, 199]
[198, 164]
[198, 233]
[199, 200]
[200, 201]
[201, 202]
[201, 167]
[201, 237]
[202, 203]
[202, 168]
[202, 237]
[203, 239]
[229, 195]
[232, 233]
[232, 198]
[233, 199]
[237, 203]
