[4, 5]
[4, 40]
[5, 6]
[5, 41]
[5, 40]
[6, 41]
[10, 11]
[10, 46]
[10, 45]
[11, 12]
[11, 47]
[11, 46]
[12, 13]
[12, 47]
[13, 14]
[14, 50]
[18, 54]
[18, 53]
[20, 55]
[22, 23]
[22, 58]
[22, 57]
[23, 58]
[27, 28]
[30, 31]
[36, 71]
[38, 4]
[38, 74]
[40, 41]
[40, 6]
[44, 45]
[44, 10]
[44, 79]
[45, 46]
[45, 11]
[46, 47]
[46, 12]
[47, 13]
[47, 83]
[50, 16]
[53, 54]
[53, 89]
[54, 55]
[54, 20]
[54, 89]
[57, 58]
[57, 23]
[58, 94]
[70, 71]
[70, 36]
[70, 105]
[71, 107]
[74, 40]
[78, 79]
[78, 44]
[78, 114]
[79, 45]
[79, 115]
[79, 114]
[89, 55]
[89, 125]
[94, 129]
[97, 98]
[97, 133]
[98, 134]
[98, 133]
[102, 103]
[102, 138]
[102, 137]
[103, 104]
[103, 138]
[105, 71]
[105, 141]
[105, 140]
[107, 108]
[108, 74]
[114, 115]
[114, 150]
[115, 151]
[115, 150]
[117, 83]
[117, 153]
[117, 152]
[125, 161]
[125, 160]
[127, 128]
[128, 129]
[128, 94]
[133, 134]
[133, 168]
[134, 135]
[137, 138]
[137, 103]
[137, 172]
[138, 104]
[138, 174]
[140, 141]
[140, 176]
[140, 175]
[141, 107]
[141, 176]
[145, 146]
[145, 181]
[145, 180]
[146, 181]
[150, 151]
[150, 185]
[151, 152]
[151, 117]
[151, 187]
[152, 153]
[152, 187]
[156, 122]
[156, 192]
[159, 160]
[159, 125]
[160, 161]
[160, 196]
[161, 127]
[161, 197]
[161, 196]
[166, 202]
[168, 134]
[172, 138]
[172, 208]
[172, 207]
[174, 209]
[175, 176]
[175, 141]
[175, 210]
[176, 212]
[180, 181]
[180, 146]
[184, 185]
[184, 150]
[184, 220]
[185, 151]
[185, 221]
[185, 220]
[187, 153]
[187, 223]
[192, 227]
[196, 197]
[196, 232]
[197, 198]
[197, 232]
[198, 199]
[198, 234]
[199, 234]
[202, 168]
[206, 207]
[206, 172]
[206, 242]
[206, 241]
[207, 208]
[207, 243]
[207, 242]
[208, 209]
[208, 174]
[208, 244]
[208, 243]
[209, 244]
[210, 176]
[214, 180]
[220, 221]
[221, 187]
[232, 198]
[240, 241]
[240, 206]
[241, 242]
[241, 207]
[242, 243]
[242, 208]
[243, 244]
[243, 209]
