[1, 37]
[1, 36]
[3, 39]
[6, 7]
[6, 42]
[7, 43]
[7, 42]
[13, 14]
[13, 48]
[16, 17]
[20, 56]
[22, 23]
[22, 58]
[23, 24]
[23, 59]
[23, 58]
[24, 60]
[24, 59]
[26, 27]
[26, 62]
[27, 62]
[29, 64]
[31, 32]
[31, 67]
[32, 33]
[32, 67]
[33, 69]
[36, 37]
[37, 3]
[42, 43]
[43, 44]
[44, 45]
[44, 80]
[45, 80]
[48, 14]
[56, 22]
[58, 59]
[58, 24]
[59, 60]
[60, 26]
[64, 100]
[64, 99]
[67, 33]
[67, 103]
[76, 42]
[80, 116]
[80, 115]
[90, 56]
[99, 100]
[99, 135]
[99, 134]
[100, 135]
[103, 69]
[103, 139]
[106, 107]
[106, 142]
[106, 141]
[107, 108]
[107, 143]
[107, 142]
[108, 143]
[115, 116]
[115, 150]
[120, 156]
[124, 90]
[128, 163]
[132, 167]
[134, 135]
[134, 100]
[134, 170]
[135, 171]
[135, 170]
[141, 142]
[141, 107]
[141, 177]
[141, 176]
[142, 143]
[142, 108]
[142, 177]
[145, 181]
[148, 149]
[149, 150]
[149, 115]
[150, 116]
[158, 124]
[161, 162]
[162, 163]
[162, 128]
[167, 203]
[170, 171]
[173, 139]
[173, 209]
[176, 177]
[176, 142]
[176, 211]
[177, 143]
[181, 182]
[181, 216]
[182, 148]
[182, 218]
[190, 156]
[190, 226]
[203, 204]
[203, 239]
[203, 238]
[204, 170]
[204, 239]
[210, 211]
[210, 176]
[211, 177]
[214, 215]
[215, 216]
[215, 181]
[216, 182]
[228, 229]
[229, 230]
[230, 231]
[238, 239]
[238, 204]
