[3, 4]
[3, 39]
[4, 40]
[4, 39]
[14, 15]
[14, 49]
[15, 16]
[15, 51]
[16, 17]
[16, 51]
[17, 18]
[17, 53]
[18, 54]
[18, 53]
[30, 66]
[39, 40]
[39, 75]
[40, 6]
[40, 75]
[44, 45]
[49, 15]
[49, 85]
[49, 84]
[51, 17]
[51, 87]
[53, 54]
[53, 88]
[54, 55]
[54, 90]
[55, 56]
[55, 90]
[56, 22]
[60, 61]
[61, 97]
[63, 99]
[66, 67]
[66, 102]
[67, 103]
[67, 102]
[70, 71]
[71, 72]
[72, 73]
[73, 39]
[75, 111]
[77, 78]
[77, 112]
[78, 44]
[78, 114]
[84, 85]
[84, 119]
[85, 51]
[87, 88]
[87, 53]
[88, 54]
[88, 124]
[90, 56]
[90, 125]
[93, 94]
[93, 129]
[94, 60]
[94, 129]
[97, 63]
[97, 132]
[99, 100]
[99, 135]
[99, 134]
[100, 66]
[100, 136]
[100, 135]
[102, 103]
[102, 138]
[102, 137]
[103, 138]
[111, 112]
[111, 77]
[112, 78]
[112, 148]
[114, 150]
[116, 117]
[119, 85]
[124, 125]
[124, 90]
[124, 159]
[125, 161]
[129, 164]
[134, 135]
[134, 100]
[135, 136]
[136, 137]
[136, 102]
[137, 138]
[137, 103]
[138, 174]
[141, 142]
[142, 143]
[143, 144]
[144, 145]
[144, 180]
[145, 111]
[145, 180]
[148, 114]
[150, 116]
[150, 185]
[156, 157]
[159, 125]
[159, 195]
[159, 194]
[161, 197]
[161, 196]
[164, 199]
[180, 216]
[180, 215]
[185, 221]
[185, 220]
[188, 224]
[194, 195]
[194, 230]
[195, 196]
[195, 161]
[195, 230]
[196, 197]
[196, 232]
[197, 233]
[197, 232]
[199, 235]
[205, 206]
[205, 241]
[205, 240]
[206, 241]
[210, 211]
[214, 215]
[214, 180]
[215, 216]
[216, 217]
[217, 218]
[220, 221]
[224, 225]
[230, 196]
[232, 233]
[233, 199]
[235, 236]
[236, 237]
[237, 238]
[238, 239]
[239, 240]
[239, 205]
[240, 241]
[240, 206]
[243, 244]
