[0, 1]
[0, 36]
[1, 37]
[1, 36]
[4, 39]
[7, 43]
[9, 45]
[12, 13]
[12, 47]
[13, 49]
[15, 16]
[15, 51]
[15, 50]
[16, 52]
[16, 51]
[19, 20]
[19, 55]
[20, 21]
[20, 55]
[23, 24]
[23, 58]
[26, 27]
[26, 62]
[27, 63]
[27, 62]
[30, 66]
[32, 33]
[32, 68]
[32, 67]
[33, 34]
[33, 68]
[36, 37]
[36, 71]
[37, 73]
[41, 7]
[43, 9]
[43, 79]
[45, 46]
[45, 81]
[45, 80]
[46, 47]
[46, 12]
[46, 82]
[46, 81]
[47, 13]
[47, 83]
[47, 82]
[49, 50]
[49, 15]
[49, 84]
[50, 51]
[50, 16]
[51, 52]
[52, 53]
[53, 19]
[53, 89]
[55, 21]
[55, 90]
[58, 24]
[58, 93]
[62, 63]
[62, 97]
[66, 67]
[66, 32]
[66, 101]
[67, 68]
[67, 33]
[68, 34]
[68, 104]
[71, 37]
[71, 107]
[73, 39]
[73, 108]
[79, 80]
[79, 45]
[79, 115]
[79, 114]
[80, 81]
[80, 46]
[80, 115]
[81, 82]
[81, 47]
[81, 117]
[82, 83]
[82, 118]
[82, 117]
[83, 84]
[83, 49]
[83, 118]
[84, 50]
[84, 120]
[89, 90]
[89, 55]
[97, 63]
[97, 132]
[101, 67]
[107, 108]
[107, 73]
[107, 142]
[113, 114]
[113, 79]
[114, 115]
[114, 80]
[114, 150]
[115, 81]
[115, 151]
[115, 150]
[117, 118]
[117, 83]
[117, 152]
[118, 84]
[120, 121]
[121, 122]
[121, 157]
[122, 158]
[122, 157]
[130, 131]
[130, 166]
[131, 132]
[131, 97]
[131, 166]
[140, 175]
[142, 108]
[142, 177]
[150, 151]
[151, 152]
[151, 117]
[151, 187]
[152, 118]
[152, 187]
[157, 158]
[157, 193]
[157, 192]
[158, 193]
[164, 130]
[164, 200]
[164, 199]
[166, 132]
[166, 202]
[170, 171]
[170, 205]
[173, 174]
[173, 208]
[177, 212]
[179, 145]
[179, 215]
[182, 218]
[187, 223]
[190, 225]
[192, 193]
[192, 158]
[192, 228]
[193, 228]
[195, 196]
[199, 200]
[200, 166]
[200, 236]
[202, 203]
[203, 204]
[203, 239]
[204, 205]
[204, 170]
[204, 240]
[204, 239]
[205, 171]
[205, 241]
[205, 240]
[208, 174]
[223, 224]
[224, 225]
[224, 190]
[233, 199]
[236, 202]
[239, 240]
[239, 205]
[240, 241]
[241, 242]
[242, 208]
