[0, 1]
[0, 36]
[0, 35]
[1, 36]
[3, 4]
[3, 38]
[6, 7]
[9, 45]
[9, 44]
[13, 14]
[13, 48]
[14, 15]
[14, 50]
[15, 16]
[15, 51]
[15, 50]
[16, 17]
[16, 52]
[16, 51]
[17, 18]
[17, 52]
[18, 19]
[18, 54]
[19, 20]
[19, 54]
[24, 59]
[27, 62]
[29, 30]
[29, 65]
[30, 66]
[30, 65]
[33, 69]
[33, 68]
[35, 36]
[35, 1]
[38, 4]
[38, 73]
[44, 45]
[44, 80]
[45, 46]
[45, 81]
[45, 80]
[46, 81]
[48, 14]
[48, 84]
[48, 83]
[50, 51]
[50, 16]
[50, 86]
[50, 85]
[51, 52]
[51, 17]
[51, 87]
[51, 86]
[52, 18]
[52, 87]
[54, 20]
[54, 89]
[57, 58]
[57, 92]
[58, 59]
[58, 24]
[58, 94]
[59, 95]
[59, 94]
[61, 62]
[61, 27]
[61, 97]
[61, 96]
[62, 98]
[62, 97]
[65, 66]
[65, 101]
[65, 100]
[66, 67]
[66, 102]
[66, 101]
[67, 68]
[67, 33]
[67, 102]
[68, 69]
[68, 104]
[69, 104]
[75, 111]
[77, 78]
[77, 112]
[78, 44]
[80, 81]
[80, 46]
[80, 116]
[81, 117]
[81, 116]
[83, 84]
[83, 118]
[84, 85]
[84, 50]
[85, 86]
[85, 51]
[86, 87]
[86, 52]
[86, 122]
[87, 123]
[87, 122]
[92, 58]
[92, 127]
[94, 95]
[95, 96]
[95, 61]
[95, 131]
[96, 97]
[96, 62]
[96, 132]
[96, 131]
[97, 98]
[97, 133]
[97, 132]
[98, 99]
[98, 133]
[99, 100]
[99, 65]
[99, 135]
[100, 101]
[100, 66]
[100, 135]
[101, 102]
[101, 67]
[102, 68]
[102, 138]
[104, 139]
[106, 107]
[106, 142]
[107, 73]
[107, 143]
[107, 142]
[111, 112]
[111, 77]
[111, 146]
[112, 78]
[112, 148]
[116, 117]
[116, 151]
[117, 118]
[117, 83]
[118, 84]
[122, 123]
[122, 157]
[123, 89]
[123, 159]
[127, 163]
[131, 132]
[131, 97]
[131, 167]
[132, 133]
[132, 98]
[132, 167]
[133, 99]
[133, 169]
[135, 101]
[135, 171]
[138, 139]
[138, 104]
[142, 143]
[142, 178]
[143, 178]
[145, 146]
[145, 111]
[145, 180]
[146, 112]
[148, 184]
[150, 151]
[150, 116]
[150, 185]
[151, 117]
[157, 123]
[157, 193]
[159, 160]
[159, 195]
[160, 161]
[160, 196]
[160, 195]
[161, 127]
[161, 197]
[161, 196]
[167, 133]
[167, 202]
[169, 135]
[169, 205]
[169, 204]
[171, 172]
[172, 138]
[178, 213]
[180, 146]
[184, 185]
[184, 150]
[185, 151]
[193, 159]
[195, 196]
[195, 161]
[195, 231]
[196, 197]
[196, 232]
[196, 231]
[197, 163]
[197, 233]
[197, 232]
[200, 235]
[202, 238]
[202, 237]
[204, 205]
[204, 240]
[204, 239]
[205, 171]
[205, 241]
[205, 240]
[209, 244]
[222, 223]
[223, 224]
[224, 190]
[231, 232]
[231, 197]
[232, 233]
[237, 238]
[238, 239]
[238, 204]
[239, 240]
[239, 205]
[240, 241]
[241, 242]
[242, 243]
[243, 244]
[243, 209]
