[1, 2]
[1, 37]
[2, 3]
[2, 37]
[3, 39]
[5, 6]
[6, 7]
[6, 42]
[7, 8]
[7, 42]
[8, 44]
[13, 49]
[22, 58]
[24, 25]
[25, 26]
[25, 61]
[26, 61]
[28, 63]
[32, 68]
[37, 3]
[37, 72]
[39, 5]
[39, 75]
[42, 8]
[42, 78]
[44, 45]
[45, 81]
[47, 13]
[49, 85]
[49, 84]
[51, 52]
[51, 86]
[52, 53]
[52, 88]
[53, 19]
[53, 88]
[56, 22]
[56, 92]
[58, 24]
[58, 93]
[63, 99]
[63, 98]
[70, 106]
[75, 110]
[78, 44]
[78, 114]
[81, 47]
[81, 117]
[84, 85]
[84, 120]
[84, 119]
[85, 86]
[85, 51]
[85, 121]
[85, 120]
[86, 52]
[86, 121]
[92, 93]
[92, 58]
[93, 129]
[95, 61]
[95, 130]
[98, 99]
[99, 65]
[102, 68]
[102, 138]
[106, 72]
[106, 141]
[110, 145]
[112, 78]
[114, 149]
[117, 118]
[117, 153]
[117, 152]
[118, 119]
[118, 84]
[118, 153]
[119, 120]
[119, 85]
[119, 155]
[120, 121]
[120, 86]
[120, 156]
[120, 155]
[121, 156]
[125, 126]
[125, 161]
[126, 92]
[126, 162]
[126, 161]
[129, 130]
[129, 95]
[129, 165]
[130, 166]
[130, 165]
[136, 102]
[138, 174]
[138, 173]
[141, 177]
[141, 176]
[144, 145]
[144, 110]
[144, 180]
[144, 179]
[145, 181]
[145, 180]
[149, 184]
[152, 153]
[152, 118]
[153, 119]
[153, 189]
[155, 156]
[155, 121]
[155, 191]
[156, 191]
[158, 193]
[161, 162]
[161, 197]
[161, 196]
[162, 197]
[165, 166]
[165, 201]
[166, 201]
[169, 170]
[169, 204]
[170, 136]
[173, 174]
[173, 209]
[174, 209]
[176, 177]
[176, 212]
[176, 211]
[177, 213]
[177, 212]
[179, 180]
[179, 145]
[179, 215]
[179, 214]
[180, 181]
[180, 215]
[181, 182]
[182, 183]
[183, 184]
[183, 149]
[186, 152]
[186, 221]
[189, 155]
[189, 225]
[191, 227]
[196, 197]
[196, 162]
[196, 231]
[201, 236]
[204, 170]
[204, 239]
[210, 211]
[210, 176]
[211, 212]
[211, 177]
[212, 213]
[213, 214]
[213, 179]
[214, 215]
[214, 180]
[215, 181]
[223, 189]
[225, 191]
[227, 193]
[230, 231]
[230, 196]
[231, 197]
[243, 209]
