[2, 3]
[2, 38]
[2, 37]
[3, 4]
[3, 39]
[3, 38]
[4, 39]
[8, 9]
[8, 44]
[8, 43]
[9, 45]
[9, 44]
[13, 14]
[14, 15]
[15, 51]
[17, 18]
[18, 19]
[18, 54]
[19, 54]
[24, 25]
[24, 59]
[25, 26]
[26, 27]
[26, 62]
[27, 28]
[27, 62]
[30, 31]
[31, 32]
[31, 67]
[32, 33]
[32, 67]
[33, 34]
[33, 69]
[34, 69]
[37, 38]
[37, 3]
[37, 73]
[38, 39]
[38, 4]
[38, 73]
[42, 43]
[42, 8]
[42, 78]
[43, 44]
[43, 9]
[43, 79]
[43, 78]
[44, 45]
[44, 80]
[44, 79]
[45, 46]
[45, 80]
[46, 47]
[47, 13]
[51, 17]
[51, 87]
[54, 89]
[56, 57]
[59, 25]
[59, 95]
[59, 94]
[62, 28]
[62, 98]
[67, 33]
[67, 102]
[73, 39]
[76, 42]
[76, 111]
[78, 79]
[78, 44]
[78, 114]
[78, 113]
[79, 80]
[79, 45]
[79, 115]
[79, 114]
[80, 46]
[80, 115]
[87, 88]
[87, 123]
[87, 122]
[88, 89]
[88, 54]
[88, 124]
[88, 123]
[89, 125]
[89, 124]
[94, 95]
[94, 129]
[95, 131]
[98, 99]
[98, 134]
[98, 133]
[99, 134]
[102, 137]
[110, 111]
[110, 76]
[110, 145]
[113, 114]
[113, 79]
[113, 148]
[114, 115]
[114, 80]
[118, 119]
[118, 154]
[119, 154]
[122, 123]
[122, 88]
[122, 158]
[122, 157]
[123, 124]
[123, 89]
[123, 159]
[123, 158]
[124, 125]
[124, 159]
[125, 126]
[125, 161]
[126, 161]
[129, 95]
[129, 165]
[129, 164]
[131, 167]
[133, 134]
[133, 99]
[133, 168]
[134, 170]
[137, 173]
[141, 142]
[142, 143]
[143, 144]
[144, 145]
[144, 110]
[144, 180]
[145, 111]
[145, 180]
[148, 114]
[148, 184]
[157, 158]
[157, 123]
[158, 159]
[158, 124]
[158, 194]
[159, 125]
[159, 194]
[161, 197]
[161, 196]
[164, 165]
[164, 199]
[165, 131]
[165, 201]
[167, 168]
[167, 133]
[167, 203]
[168, 134]
[168, 204]
[168, 203]
[170, 171]
[170, 205]
[171, 137]
[173, 139]
[173, 208]
[180, 216]
[184, 185]
[184, 220]
[185, 221]
[185, 220]
[188, 154]
[188, 224]
[194, 230]
[194, 229]
[196, 197]
[196, 232]
[196, 231]
[197, 198]
[197, 233]
[197, 232]
[198, 199]
[198, 164]
[198, 234]
[198, 233]
[199, 165]
[199, 235]
[199, 234]
[201, 167]
[201, 237]
[203, 204]
[203, 239]
[204, 205]
[204, 170]
[204, 240]
[204, 239]
[205, 171]
[205, 240]
[208, 244]
[212, 213]
[213, 214]
[214, 180]
[216, 217]
[217, 218]
[218, 184]
[220, 221]
[221, 222]
[222, 188]
[227, 228]
[228, 229]
[228, 194]
[229, 230]
[230, 231]
[230, 196]
[231, 232]
[231, 197]
[232, 233]
[232, 198]
[233, 234]
[233, 199]
[234, 235]
[235, 201]
[237, 203]
[239, 240]
[239, 205]
