[0, 36]
[0, 35]
[4, 40]
[12, 47]
[18, 19]
[18, 54]
[18, 53]
[19, 54]
[26, 27]
[26, 62]
[27, 63]
[27, 62]
[29, 30]
[30, 31]
[30, 66]
[31, 32]
[31, 66]
[32, 33]
[32, 68]
[33, 69]
[33, 68]
[35, 36]
[35, 71]
[35, 70]
[36, 2]
[36, 71]
[40, 76]
[40, 75]
[44, 45]
[44, 79]
[45, 46]
[46, 47]
[46, 12]
[47, 83]
[52, 53]
[52, 18]
[52, 87]
[53, 54]
[53, 19]
[53, 89]
[54, 90]
[54, 89]
[62, 63]
[62, 97]
[63, 29]
[63, 99]
[66, 32]
[66, 101]
[68, 69]
[68, 104]
[69, 104]
[70, 71]
[70, 36]
[71, 107]
[73, 74]
[73, 108]
[74, 75]
[74, 40]
[75, 76]
[79, 45]
[79, 115]
[83, 118]
[85, 86]
[85, 121]
[85, 120]
[86, 87]
[86, 52]
[86, 121]
[87, 53]
[87, 123]
[89, 90]
[89, 124]
[90, 91]
[90, 126]
[91, 127]
[91, 126]
[95, 131]
[95, 130]
[97, 63]
[99, 135]
[99, 134]
[101, 137]
[101, 136]
[104, 139]
[107, 108]
[107, 73]
[108, 74]
[113, 79]
[113, 149]
[115, 151]
[120, 121]
[120, 86]
[120, 156]
[120, 155]
[121, 87]
[121, 156]
[123, 124]
[123, 89]
[123, 158]
[124, 90]
[126, 127]
[126, 162]
[126, 161]
[127, 162]
[130, 131]
[130, 165]
[131, 97]
[134, 135]
[134, 169]
[135, 136]
[135, 101]
[136, 137]
[136, 172]
[137, 172]
[139, 174]
[140, 176]
[140, 175]
[146, 182]
[146, 181]
[149, 115]
[149, 184]
[151, 152]
[152, 118]
[155, 156]
[155, 121]
[156, 192]
[158, 124]
[158, 193]
[161, 162]
[161, 127]
[161, 196]
[162, 198]
[165, 131]
[165, 200]
[168, 169]
[168, 134]
[168, 204]
[169, 135]
[169, 204]
[172, 208]
[172, 207]
[175, 176]
[175, 210]
[176, 212]
[178, 179]
[178, 214]
[179, 214]
[181, 182]
[181, 217]
[181, 216]
[182, 218]
[182, 217]
[184, 220]
[192, 193]
[192, 158]
[192, 228]
[193, 228]
[196, 162]
[196, 232]
[198, 234]
[200, 236]
[202, 168]
[202, 238]
[207, 208]
[207, 243]
[208, 174]
[208, 243]
[210, 176]
[212, 178]
[216, 217]
[216, 182]
[217, 218]
[218, 184]
[224, 225]
[225, 226]
[226, 192]
[230, 196]
[232, 198]
[234, 200]
[236, 202]
[238, 204]
