[0, 1]
[0, 35]
[5, 40]
[9, 10]
[16, 17]
[17, 18]
[18, 19]
[19, 20]
[22, 58]
[28, 63]
[30, 31]
[35, 1]
[35, 70]
[40, 76]
[48, 84]
[48, 83]
[50, 16]
[50, 86]
[50, 85]
[58, 59]
[59, 95]
[61, 96]
[63, 99]
[63, 98]
[70, 105]
[76, 77]
[76, 112]
[76, 111]
[77, 78]
[77, 113]
[77, 112]
[78, 113]
[82, 83]
[82, 48]
[82, 117]
[83, 84]
[83, 119]
[84, 85]
[84, 50]
[84, 119]
[85, 86]
[88, 89]
[88, 124]
[89, 124]
[92, 58]
[92, 127]
[95, 96]
[95, 61]
[95, 131]
[95, 130]
[96, 132]
[96, 131]
[98, 99]
[98, 134]
[98, 133]
[99, 100]
[99, 135]
[99, 134]
[100, 101]
[100, 135]
[109, 144]
[111, 112]
[111, 77]
[111, 146]
[112, 113]
[112, 78]
[116, 117]
[116, 82]
[116, 151]
[117, 83]
[119, 85]
[119, 154]
[124, 160]
[126, 127]
[126, 92]
[126, 162]
[127, 162]
[129, 130]
[129, 95]
[129, 165]
[129, 164]
[130, 131]
[130, 96]
[130, 165]
[131, 132]
[131, 167]
[132, 133]
[132, 98]
[132, 168]
[132, 167]
[133, 134]
[133, 99]
[133, 168]
[134, 135]
[134, 100]
[134, 170]
[135, 101]
[135, 170]
[146, 112]
[146, 182]
[151, 117]
[151, 186]
[154, 190]
[154, 189]
[160, 126]
[164, 165]
[164, 130]
[164, 200]
[165, 131]
[165, 201]
[165, 200]
[167, 168]
[167, 133]
[168, 134]
[170, 205]
[173, 139]
[184, 185]
[184, 219]
[185, 186]
[185, 151]
[185, 221]
[186, 221]
[189, 190]
[189, 225]
[190, 156]
[190, 226]
[190, 225]
[200, 201]
[200, 236]
[201, 167]
[201, 236]
[205, 241]
[207, 173]
[207, 243]
[219, 185]
[225, 226]
[239, 205]
[241, 207]
[243, 244]
