[0, 36]
[0, 35]
[6, 7]
[7, 8]
[7, 43]
[8, 44]
[8, 43]
[10, 45]
[14, 15]
[15, 51]
[17, 53]
[23, 24]
[23, 59]
[23, 58]
[24, 25]
[24, 60]
[24, 59]
[25, 61]
[25, 60]
[35, 36]
[36, 37]
[37, 3]
[43, 44]
[43, 79]
[44, 45]
[44, 10]
[44, 79]
[45, 81]
[51, 17]
[51, 87]
[57, 58]
[57, 23]
[58, 59]
[58, 24]
[58, 94]
[59, 60]
[59, 25]
[59, 95]
[59, 94]
[60, 61]
[60, 96]
[60, 95]
[61, 62]
[61, 96]
[62, 63]
[62, 98]
[63, 29]
[63, 98]
[67, 68]
[68, 34]
[68, 104]
[79, 45]
[79, 115]
[79, 114]
[81, 47]
[81, 117]
[85, 51]
[87, 53]
[87, 123]
[91, 57]
[94, 95]
[94, 60]
[94, 130]
[94, 129]
[95, 96]
[95, 61]
[95, 130]
[96, 62]
[96, 132]
[100, 101]
[100, 136]
[101, 67]
[101, 136]
[104, 139]
[113, 114]
[113, 79]
[113, 149]
[113, 148]
[114, 115]
[114, 150]
[114, 149]
[115, 81]
[115, 151]
[115, 150]
[117, 118]
[118, 119]
[119, 85]
[123, 124]
[124, 125]
[125, 91]
[129, 130]
[129, 95]
[130, 96]
[130, 166]
[132, 98]
[132, 168]
[136, 171]
[139, 174]
[148, 149]
[148, 114]
[148, 183]
[149, 150]
[149, 115]
[150, 151]
[150, 186]
[151, 117]
[151, 186]
[156, 191]
[166, 132]
[168, 203]
[171, 206]
[173, 174]
[173, 139]
[173, 208]
[180, 146]
[180, 216]
[183, 149]
[183, 219]
[191, 227]
[191, 226]
[193, 228]
[196, 232]
[199, 200]
[199, 235]
[200, 166]
[200, 236]
[200, 235]
[203, 238]
[205, 206]
[205, 171]
[206, 242]
[208, 174]
[208, 244]
[210, 211]
[213, 214]
[214, 180]
[216, 217]
[217, 183]
[226, 227]
[227, 228]
[227, 193]
[230, 196]
[235, 236]
[242, 208]
