[2, 3]
[2, 38]
[2, 37]
[3, 39]
[3, 38]
[5, 6]
[5, 40]
[16, 17]
[16, 52]
[17, 18]
[17, 52]
[18, 19]
[18, 54]
[19, 55]
[19, 54]
[21, 22]
[21, 57]
[22, 23]
[22, 57]
[23, 24]
[23, 59]
[24, 25]
[24, 59]
[25, 26]
[25, 61]
[26, 62]
[26, 61]
[29, 30]
[29, 65]
[30, 65]
[32, 67]
[34, 69]
[37, 38]
[37, 3]
[38, 39]
[38, 74]
[39, 40]
[39, 5]
[39, 74]
[40, 6]
[47, 83]
[47, 82]
[52, 18]
[52, 88]
[54, 55]
[54, 90]
[54, 89]
[55, 21]
[55, 91]
[55, 90]
[57, 23]
[59, 25]
[59, 95]
[59, 94]
[61, 62]
[61, 96]
[65, 101]
[67, 102]
[69, 104]
[74, 40]
[74, 110]
[78, 79]
[78, 114]
[79, 80]
[79, 114]
[80, 81]
[81, 82]
[81, 47]
[82, 83]
[82, 118]
[83, 119]
[83, 118]
[85, 121]
[88, 89]
[88, 54]
[88, 123]
[89, 90]
[89, 55]
[89, 125]
[90, 91]
[90, 125]
[91, 57]
[94, 95]
[94, 130]
[94, 129]
[95, 96]
[95, 61]
[95, 131]
[95, 130]
[96, 62]
[96, 131]
[99, 65]
[99, 134]
[101, 102]
[101, 67]
[101, 137]
[101, 136]
[102, 137]
[104, 139]
[106, 107]
[106, 141]
[107, 143]
[110, 146]
[112, 78]
[112, 147]
[114, 80]
[114, 150]
[114, 149]
[118, 119]
[118, 154]
[119, 85]
[119, 154]
[121, 122]
[121, 157]
[121, 156]
[122, 123]
[122, 88]
[122, 158]
[122, 157]
[123, 89]
[123, 159]
[123, 158]
[125, 91]
[129, 130]
[129, 95]
[129, 165]
[129, 164]
[130, 131]
[130, 96]
[130, 166]
[130, 165]
[131, 167]
[131, 166]
[136, 137]
[136, 102]
[136, 172]
[137, 172]
[139, 174]
[140, 141]
[140, 106]
[140, 176]
[141, 107]
[141, 177]
[141, 176]
[143, 179]
[146, 147]
[146, 112]
[146, 182]
[146, 181]
[147, 182]
[149, 150]
[149, 185]
[150, 151]
[150, 186]
[150, 185]
[151, 152]
[151, 187]
[151, 186]
[152, 118]
[152, 187]
[154, 190]
[154, 189]
[156, 157]
[156, 122]
[156, 192]
[156, 191]
[157, 158]
[157, 123]
[157, 193]
[157, 192]
[158, 159]
[158, 193]
[159, 125]
[162, 163]
[162, 198]
[162, 197]
[163, 164]
[163, 129]
[163, 198]
[164, 165]
[164, 130]
[164, 200]
[165, 166]
[165, 131]
[165, 201]
[165, 200]
[166, 167]
[166, 202]
[166, 201]
[167, 168]
[167, 203]
[167, 202]
[168, 134]
[168, 204]
[168, 203]
[172, 208]
[172, 207]
[176, 177]
[176, 212]
[177, 143]
[177, 212]
[179, 180]
[179, 215]
[180, 181]
[180, 146]
[180, 216]
[180, 215]
[181, 182]
[181, 147]
[181, 216]
[182, 218]
[185, 186]
[185, 151]
[185, 221]
[186, 187]
[186, 152]
[186, 222]
[186, 221]
[187, 223]
[187, 222]
[189, 190]
[189, 225]
[190, 191]
[190, 156]
[190, 225]
[191, 192]
[191, 157]
[192, 193]
[192, 158]
[193, 159]
[197, 198]
[197, 163]
[198, 164]
[198, 234]
[200, 201]
[200, 166]
[200, 236]
[200, 235]
[201, 202]
[201, 167]
[201, 237]
[201, 236]
[202, 203]
[202, 168]
[202, 238]
[202, 237]
[203, 204]
[203, 239]
[203, 238]
[204, 240]
[204, 239]
[207, 208]
[208, 174]
[208, 244]
[215, 216]
[215, 181]
[216, 182]
[221, 222]
[221, 187]
[222, 223]
[223, 189]
[225, 191]
[231, 197]
[234, 235]
[234, 200]
[235, 236]
[235, 201]
[236, 237]
[236, 202]
[237, 238]
[237, 203]
[238, 239]
[238, 204]
[239, 240]
[240, 241]
[241, 207]
