[3, 39]
[3, 38]
[8, 9]
[8, 43]
[9, 10]
[9, 45]
[10, 11]
[10, 45]
[11, 12]
[12, 48]
[17, 53]
[19, 55]
[23, 59]
[23, 58]
[25, 60]
[27, 63]
[29, 64]
[31, 67]
[33, 69]
[38, 39]
[38, 74]
[39, 40]
[39, 75]
[39, 74]
[40, 6]
[40, 75]
[43, 9]
[43, 79]
[45, 11]
[45, 81]
[45, 80]
[48, 84]
[50, 86]
[53, 19]
[53, 89]
[55, 90]
[58, 59]
[59, 60]
[59, 25]
[63, 64]
[63, 29]
[63, 99]
[63, 98]
[64, 99]
[67, 33]
[67, 103]
[67, 102]
[74, 75]
[74, 40]
[74, 110]
[74, 109]
[75, 110]
[77, 43]
[77, 113]
[79, 80]
[79, 45]
[80, 81]
[81, 117]
[84, 50]
[84, 120]
[86, 121]
[89, 90]
[89, 55]
[89, 124]
[98, 99]
[98, 64]
[98, 134]
[98, 133]
[99, 134]
[102, 103]
[103, 69]
[107, 143]
[107, 142]
[109, 110]
[109, 75]
[109, 144]
[113, 79]
[117, 152]
[120, 121]
[120, 86]
[124, 90]
[128, 164]
[128, 163]
[132, 133]
[132, 98]
[132, 167]
[133, 134]
[133, 99]
[140, 141]
[141, 142]
[141, 107]
[141, 177]
[142, 143]
[142, 177]
[143, 144]
[143, 109]
[144, 110]
[147, 113]
[147, 182]
[150, 186]
[163, 164]
[163, 199]
[163, 198]
[164, 165]
[164, 199]
[165, 201]
[167, 133]
[167, 202]
[172, 173]
[172, 207]
[173, 174]
[177, 143]
[177, 212]
[181, 182]
[181, 147]
[181, 217]
[181, 216]
[182, 217]
[186, 152]
[186, 222]
[190, 226]
[193, 194]
[193, 228]
[194, 195]
[194, 230]
[195, 230]
[198, 199]
[198, 164]
[198, 234]
[199, 165]
[199, 234]
[201, 202]
[201, 167]
[201, 236]
[202, 238]
[207, 173]
[207, 243]
[214, 215]
[215, 216]
[215, 181]
[216, 217]
[216, 182]
[222, 223]
[228, 194]
[232, 198]
[236, 202]
[241, 207]
