[2, 3]
[2, 37]
[9, 10]
[9, 45]
[9, 44]
[10, 11]
[10, 45]
[14, 50]
[19, 55]
[22, 58]
[22, 57]
[24, 59]
[27, 62]
[31, 67]
[31, 66]
[35, 70]
[37, 3]
[37, 73]
[37, 72]
[44, 45]
[44, 10]
[44, 80]
[45, 11]
[45, 81]
[45, 80]
[48, 14]
[50, 86]
[50, 85]
[57, 58]
[57, 93]
[58, 59]
[58, 24]
[58, 94]
[58, 93]
[59, 94]
[61, 62]
[61, 27]
[61, 96]
[62, 98]
[65, 66]
[65, 31]
[65, 101]
[66, 67]
[66, 101]
[70, 106]
[72, 73]
[72, 108]
[73, 108]
[80, 81]
[80, 116]
[81, 82]
[81, 116]
[82, 48]
[85, 86]
[85, 121]
[85, 120]
[86, 52]
[86, 122]
[86, 121]
[89, 55]
[93, 94]
[93, 59]
[96, 62]
[96, 132]
[98, 99]
[98, 133]
[99, 65]
[99, 135]
[101, 67]
[101, 136]
[106, 72]
[106, 142]
[106, 141]
[111, 147]
[116, 82]
[116, 152]
[120, 121]
[120, 86]
[121, 122]
[122, 123]
[123, 89]
[123, 159]
[126, 162]
[126, 161]
[132, 133]
[132, 98]
[133, 99]
[135, 136]
[135, 101]
[135, 171]
[135, 170]
[136, 171]
[140, 141]
[140, 106]
[141, 142]
[142, 108]
[145, 111]
[145, 181]
[145, 180]
[147, 113]
[147, 183]
[150, 116]
[150, 186]
[150, 185]
[159, 194]
[161, 162]
[161, 197]
[162, 198]
[162, 197]
[164, 199]
[170, 171]
[170, 136]
[174, 209]
[179, 180]
[179, 145]
[179, 214]
[180, 181]
[181, 147]
[181, 217]
[185, 186]
[185, 221]
[186, 152]
[186, 222]
[186, 221]
[190, 191]
[190, 226]
[190, 225]
[191, 226]
[194, 230]
[197, 198]
[198, 199]
[198, 164]
[198, 234]
[199, 235]
[199, 234]
[201, 236]
[204, 170]
[211, 212]
[214, 180]
[217, 183]
[221, 222]
[222, 223]
[225, 226]
[225, 191]
[234, 235]
[235, 236]
[235, 201]
[238, 204]
