[0, 1]
[0, 35]
[1, 37]
[5, 6]
[5, 41]
[6, 41]
[8, 9]
[8, 44]
[9, 45]
[9, 44]
[11, 12]
[11, 46]
[12, 13]
[13, 14]
[13, 49]
[14, 50]
[14, 49]
[16, 52]
[20, 21]
[23, 24]
[24, 25]
[25, 61]
[27, 28]
[28, 64]
[32, 33]
[32, 68]
[33, 34]
[33, 69]
[33, 68]
[34, 69]
[35, 1]
[35, 70]
[37, 73]
[44, 45]
[44, 80]
[44, 79]
[45, 46]
[45, 11]
[45, 81]
[45, 80]
[46, 12]
[46, 82]
[46, 81]
[49, 50]
[49, 85]
[49, 84]
[50, 16]
[50, 86]
[50, 85]
[52, 18]
[61, 27]
[61, 97]
[64, 99]
[68, 69]
[68, 34]
[68, 104]
[69, 104]
[70, 106]
[73, 109]
[75, 41]
[75, 111]
[79, 80]
[79, 45]
[79, 114]
[80, 81]
[80, 46]
[81, 82]
[81, 117]
[82, 83]
[82, 118]
[82, 117]
[83, 84]
[83, 49]
[83, 119]
[83, 118]
[84, 85]
[84, 50]
[84, 119]
[85, 86]
[85, 121]
[86, 52]
[86, 121]
[90, 91]
[90, 126]
[91, 92]
[91, 126]
[92, 93]
[92, 128]
[93, 94]
[93, 129]
[93, 128]
[94, 130]
[94, 129]
[97, 133]
[97, 132]
[99, 135]
[104, 139]
[106, 107]
[107, 73]
[107, 143]
[109, 75]
[109, 145]
[109, 144]
[111, 147]
[111, 146]
[113, 114]
[113, 79]
[113, 149]
[113, 148]
[114, 80]
[114, 150]
[114, 149]
[117, 118]
[117, 83]
[118, 119]
[118, 84]
[118, 154]
[119, 85]
[119, 155]
[119, 154]
[121, 157]
[121, 156]
[123, 158]
[126, 92]
[126, 162]
[126, 161]
[128, 129]
[128, 94]
[128, 164]
[129, 130]
[129, 164]
[132, 133]
[132, 167]
[133, 99]
[133, 169]
[135, 136]
[136, 172]
[138, 139]
[138, 104]
[138, 174]
[139, 174]
[143, 144]
[143, 109]
[144, 145]
[145, 146]
[145, 111]
[145, 181]
[146, 147]
[146, 182]
[146, 181]
[147, 148]
[147, 113]
[147, 183]
[147, 182]
[148, 149]
[148, 114]
[148, 183]
[149, 150]
[149, 185]
[150, 151]
[150, 186]
[150, 185]
[151, 117]
[151, 187]
[151, 186]
[154, 155]
[154, 189]
[155, 156]
[155, 121]
[155, 191]
[156, 157]
[156, 191]
[157, 158]
[157, 123]
[158, 194]
[161, 162]
[161, 197]
[162, 128]
[162, 197]
[164, 130]
[164, 200]
[164, 199]
[167, 133]
[167, 203]
[167, 202]
[169, 135]
[169, 204]
[172, 138]
[172, 208]
[172, 207]
[175, 176]
[175, 211]
[175, 210]
[176, 211]
[181, 182]
[181, 147]
[181, 217]
[182, 183]
[182, 148]
[182, 217]
[183, 149]
[183, 219]
[185, 186]
[185, 151]
[186, 187]
[187, 188]
[187, 223]
[188, 189]
[188, 154]
[188, 224]
[188, 223]
[189, 155]
[189, 225]
[189, 224]
[191, 157]
[191, 227]
[194, 230]
[199, 200]
[199, 234]
[202, 203]
[202, 237]
[203, 204]
[203, 169]
[203, 239]
[204, 240]
[204, 239]
[206, 207]
[206, 172]
[207, 208]
[207, 243]
[208, 174]
[208, 244]
[208, 243]
[210, 211]
[210, 176]
[217, 183]
[219, 185]
[223, 224]
[223, 189]
[224, 225]
[225, 191]
[234, 200]
[237, 203]
[239, 240]
[240, 206]
[243, 244]
