[6, 7]
[6, 41]
[7, 8]
[8, 44]
[11, 12]
[11, 46]
[14, 50]
[14, 49]
[21, 22]
[21, 56]
[22, 23]
[22, 58]
[23, 58]
[25, 26]
[25, 60]
[26, 62]
[32, 33]
[35, 71]
[41, 7]
[41, 76]
[44, 80]
[44, 79]
[46, 12]
[46, 81]
[49, 50]
[49, 85]
[50, 51]
[50, 85]
[51, 52]
[52, 53]
[56, 22]
[56, 91]
[58, 94]
[58, 93]
[60, 26]
[62, 63]
[62, 97]
[71, 72]
[71, 107]
[72, 73]
[72, 107]
[78, 79]
[78, 44]
[78, 113]
[79, 80]
[80, 81]
[80, 46]
[80, 116]
[81, 116]
[83, 49]
[83, 118]
[85, 51]
[90, 91]
[90, 56]
[90, 125]
[93, 94]
[93, 128]
[94, 60]
[94, 130]
[97, 63]
[97, 133]
[97, 132]
[103, 138]
[105, 71]
[107, 73]
[107, 142]
[113, 79]
[118, 154]
[123, 124]
[123, 159]
[123, 158]
[124, 125]
[124, 90]
[124, 160]
[124, 159]
[125, 91]
[125, 160]
[128, 94]
[128, 164]
[130, 131]
[130, 165]
[131, 132]
[131, 97]
[132, 133]
[132, 168]
[133, 169]
[133, 168]
[138, 174]
[145, 146]
[145, 181]
[145, 180]
[146, 181]
[154, 155]
[155, 191]
[158, 159]
[158, 124]
[158, 193]
[159, 160]
[159, 125]
[164, 165]
[164, 130]
[165, 131]
[165, 201]
[168, 169]
[168, 203]
[174, 209]
[175, 176]
[175, 211]
[175, 210]
[176, 142]
[176, 212]
[176, 211]
[179, 180]
[179, 145]
[180, 181]
[180, 146]
[180, 216]
[181, 217]
[181, 216]
[184, 185]
[184, 220]
[185, 186]
[185, 220]
[186, 187]
[186, 222]
[187, 223]
[187, 222]
[191, 192]
[191, 227]
[191, 226]
[192, 193]
[192, 158]
[192, 228]
[192, 227]
[193, 159]
[193, 229]
[193, 228]
[198, 164]
[198, 233]
[201, 236]
[203, 169]
[203, 239]
[206, 241]
[209, 244]
[210, 211]
[210, 176]
[211, 212]
[212, 213]
[213, 179]
[216, 217]
[220, 186]
[222, 223]
[223, 224]
[224, 225]
[225, 226]
[225, 191]
[226, 227]
[226, 192]
[227, 228]
[227, 193]
[228, 229]
[229, 230]
[232, 233]
[232, 198]
[243, 244]
[243, 209]
