[1, 2]
[1, 37]
[2, 3]
[2, 38]
[2, 37]
[3, 4]
[3, 39]
[3, 38]
[4, 5]
[4, 40]
[4, 39]
[5, 6]
[5, 40]
[8, 9]
[8, 43]
[11, 46]
[13, 14]
[13, 49]
[13, 48]
[14, 15]
[14, 50]
[14, 49]
[15, 16]
[15, 51]
[15, 50]
[16, 51]
[19, 55]
[21, 57]
[21, 56]
[23, 59]
[28, 29]
[28, 64]
[28, 63]
[29, 64]
[33, 68]
[37, 38]
[37, 3]
[37, 73]
[37, 72]
[38, 39]
[38, 4]
[38, 73]
[39, 40]
[39, 5]
[39, 75]
[40, 6]
[40, 76]
[40, 75]
[43, 9]
[46, 82]
[46, 81]
[48, 49]
[48, 14]
[48, 84]
[49, 50]
[49, 15]
[49, 85]
[49, 84]
[50, 51]
[50, 16]
[50, 85]
[55, 56]
[55, 21]
[55, 90]
[56, 57]
[57, 23]
[59, 60]
[60, 61]
[60, 96]
[61, 62]
[61, 97]
[61, 96]
[62, 63]
[62, 28]
[62, 97]
[63, 64]
[63, 29]
[63, 99]
[64, 100]
[64, 99]
[68, 103]
[72, 73]
[72, 38]
[72, 108]
[72, 107]
[73, 39]
[73, 108]
[75, 76]
[75, 111]
[76, 77]
[76, 111]
[77, 43]
[80, 81]
[80, 46]
[80, 116]
[80, 115]
[81, 82]
[81, 117]
[81, 116]
[82, 48]
[82, 117]
[84, 85]
[84, 50]
[84, 120]
[84, 119]
[85, 51]
[85, 121]
[85, 120]
[90, 56]
[90, 126]
[90, 125]
[96, 97]
[96, 62]
[97, 63]
[99, 100]
[99, 135]
[99, 134]
[100, 135]
[102, 103]
[102, 68]
[102, 138]
[103, 139]
[103, 138]
[105, 106]
[105, 141]
[105, 140]
[106, 107]
[106, 72]
[106, 142]
[106, 141]
[107, 108]
[107, 73]
[107, 143]
[107, 142]
[108, 144]
[108, 143]
[111, 77]
[111, 147]
[115, 116]
[115, 81]
[115, 151]
[115, 150]
[116, 117]
[116, 82]
[116, 151]
[117, 153]
[119, 120]
[119, 85]
[120, 121]
[121, 122]
[121, 157]
[122, 158]
[122, 157]
[124, 125]
[124, 90]
[124, 160]
[125, 126]
[125, 161]
[125, 160]
[126, 127]
[126, 161]
[129, 130]
[129, 164]
[130, 96]
[130, 166]
[134, 135]
[134, 100]
[134, 170]
[135, 171]
[135, 170]
[138, 139]
[138, 174]
[138, 173]
[139, 174]
[140, 141]
[140, 106]
[141, 142]
[141, 107]
[142, 143]
[142, 108]
[142, 178]
[143, 144]
[143, 178]
[144, 145]
[144, 180]
[145, 111]
[145, 180]
[147, 148]
[147, 183]
[147, 182]
[148, 149]
[148, 183]
[149, 150]
[149, 115]
[149, 185]
[150, 151]
[150, 116]
[150, 186]
[150, 185]
[151, 117]
[151, 186]
[153, 119]
[157, 158]
[157, 193]
[157, 192]
[158, 124]
[158, 194]
[158, 193]
[160, 161]
[160, 126]
[160, 196]
[160, 195]
[161, 127]
[161, 196]
[164, 130]
[166, 167]
[166, 201]
[167, 168]
[167, 203]
[168, 134]
[168, 204]
[168, 203]
[170, 171]
[170, 205]
[171, 207]
[173, 174]
[173, 139]
[173, 209]
[174, 209]
[178, 144]
[180, 216]
[180, 215]
[182, 183]
[182, 148]
[182, 218]
[183, 149]
[183, 218]
[185, 186]
[185, 151]
[186, 222]
[192, 193]
[192, 158]
[192, 228]
[192, 227]
[193, 194]
[193, 229]
[193, 228]
[194, 195]
[194, 160]
[194, 229]
[195, 196]
[195, 161]
[195, 231]
[196, 232]
[196, 231]
[198, 164]
[198, 233]
[201, 167]
[203, 204]
[204, 205]
[204, 170]
[204, 240]
[205, 171]
[205, 241]
[205, 240]
[207, 173]
[209, 244]
[212, 178]
[215, 216]
[216, 182]
[225, 226]
[226, 227]
[226, 192]
[227, 228]
[227, 193]
[228, 229]
[228, 194]
[229, 195]
[231, 232]
[232, 233]
[232, 198]
[235, 201]
[240, 241]
[241, 207]
