[4, 40]
[4, 39]
[7, 8]
[7, 42]
[13, 14]
[19, 55]
[30, 65]
[32, 33]
[32, 68]
[33, 34]
[33, 69]
[33, 68]
[34, 69]
[38, 39]
[38, 4]
[39, 40]
[39, 75]
[40, 41]
[40, 76]
[40, 75]
[41, 42]
[41, 7]
[41, 77]
[41, 76]
[42, 8]
[42, 78]
[42, 77]
[53, 19]
[53, 88]
[55, 91]
[61, 27]
[61, 97]
[61, 96]
[68, 69]
[68, 34]
[68, 103]
[75, 76]
[75, 41]
[75, 110]
[76, 77]
[76, 42]
[77, 78]
[78, 114]
[84, 119]
[88, 123]
[93, 94]
[93, 128]
[94, 95]
[95, 96]
[95, 61]
[96, 97]
[96, 132]
[97, 98]
[97, 132]
[98, 134]
[103, 69]
[103, 139]
[110, 76]
[110, 146]
[119, 155]
[122, 123]
[122, 88]
[123, 159]
[125, 91]
[125, 161]
[128, 94]
[128, 163]
[132, 98]
[134, 135]
[134, 169]
[137, 103]
[137, 173]
[139, 174]
[142, 178]
[142, 177]
[146, 182]
[148, 114]
[148, 184]
[152, 188]
[152, 187]
[155, 191]
[159, 125]
[159, 195]
[159, 194]
[161, 162]
[162, 163]
[162, 128]
[163, 199]
[166, 132]
[169, 135]
[173, 174]
[173, 139]
[173, 208]
[175, 176]
[175, 210]
[176, 177]
[176, 142]
[177, 178]
[177, 213]
[178, 179]
[178, 214]
[178, 213]
[179, 214]
[182, 148]
[184, 220]
[187, 188]
[187, 223]
[188, 223]
[191, 192]
[191, 226]
[192, 228]
[194, 195]
[194, 230]
[194, 229]
[195, 161]
[195, 231]
[195, 230]
[199, 200]
[199, 234]
[200, 166]
[200, 236]
[208, 174]
[208, 243]
[210, 176]
[213, 214]
[213, 179]
[220, 221]
[221, 187]
[226, 192]
[228, 229]
[228, 194]
[229, 230]
[229, 195]
[230, 231]
[233, 234]
[233, 199]
[234, 200]
[236, 237]
