[4, 5]
[4, 39]
[5, 6]
[5, 41]
[6, 7]
[6, 42]
[6, 41]
[7, 43]
[7, 42]
[9, 10]
[9, 45]
[9, 44]
[10, 46]
[10, 45]
[20, 56]
[20, 55]
[23, 59]
[23, 58]
[25, 61]
[28, 29]
[28, 64]
[29, 64]
[31, 66]
[36, 37]
[36, 71]
[39, 5]
[39, 75]
[41, 42]
[41, 7]
[42, 43]
[43, 44]
[43, 9]
[43, 79]
[44, 45]
[44, 10]
[44, 80]
[44, 79]
[45, 46]
[45, 81]
[45, 80]
[46, 47]
[46, 81]
[47, 48]
[50, 86]
[50, 85]
[53, 88]
[55, 56]
[56, 92]
[58, 59]
[58, 94]
[59, 25]
[59, 95]
[59, 94]
[61, 62]
[62, 28]
[62, 98]
[64, 99]
[71, 37]
[75, 41]
[75, 111]
[75, 110]
[79, 80]
[79, 45]
[80, 81]
[80, 46]
[81, 47]
[81, 117]
[85, 86]
[85, 121]
[86, 87]
[86, 122]
[86, 121]
[87, 88]
[87, 53]
[87, 122]
[88, 124]
[92, 58]
[92, 128]
[92, 127]
[94, 95]
[95, 61]
[98, 99]
[98, 64]
[98, 134]
[99, 134]
[110, 111]
[111, 112]
[111, 147]
[112, 148]
[112, 147]
[117, 152]
[119, 85]
[121, 122]
[121, 87]
[121, 156]
[122, 88]
[122, 158]
[124, 125]
[125, 126]
[126, 127]
[126, 92]
[126, 162]
[127, 128]
[127, 162]
[128, 94]
[128, 164]
[134, 169]
[138, 139]
[141, 142]
[142, 143]
[142, 178]
[143, 144]
[143, 178]
[144, 110]
[144, 180]
[147, 148]
[147, 183]
[147, 182]
[148, 183]
[156, 122]
[158, 124]
[158, 194]
[158, 193]
[162, 128]
[164, 200]
[164, 199]
[167, 203]
[167, 202]
[171, 207]
[175, 141]
[175, 210]
[178, 144]
[180, 181]
[180, 215]
[181, 182]
[181, 147]
[181, 217]
[182, 183]
[182, 148]
[182, 217]
[193, 194]
[194, 230]
[199, 200]
[202, 203]
[203, 169]
[203, 239]
[207, 243]
[207, 242]
[215, 181]
[217, 183]
[225, 226]
[226, 227]
[227, 193]
[239, 240]
[240, 241]
[241, 242]
[241, 207]
[242, 243]
