[1, 37]
[1, 36]
[3, 38]
[5, 41]
[7, 43]
[7, 42]
[13, 14]
[13, 49]
[14, 49]
[24, 25]
[24, 60]
[25, 60]
[28, 29]
[28, 63]
[29, 30]
[29, 65]
[30, 31]
[30, 65]
[31, 32]
[31, 67]
[32, 67]
[36, 37]
[36, 71]
[37, 38]
[37, 3]
[41, 42]
[41, 7]
[41, 77]
[42, 43]
[42, 77]
[43, 79]
[47, 13]
[47, 82]
[56, 92]
[58, 24]
[58, 94]
[58, 93]
[60, 96]
[62, 63]
[62, 28]
[62, 98]
[62, 97]
[63, 29]
[63, 98]
[65, 31]
[70, 71]
[70, 36]
[70, 105]
[71, 37]
[77, 43]
[77, 113]
[77, 112]
[79, 80]
[79, 115]
[79, 114]
[80, 115]
[82, 118]
[86, 87]
[87, 88]
[87, 123]
[88, 124]
[88, 123]
[92, 93]
[92, 58]
[92, 128]
[92, 127]
[93, 94]
[93, 128]
[94, 60]
[96, 97]
[96, 62]
[96, 132]
[96, 131]
[97, 98]
[97, 63]
[97, 133]
[97, 132]
[98, 133]
[105, 71]
[105, 141]
[105, 140]
[109, 110]
[109, 145]
[110, 146]
[110, 145]
[112, 113]
[113, 114]
[113, 79]
[113, 149]
[114, 115]
[114, 80]
[114, 149]
[115, 151]
[118, 154]
[118, 153]
[123, 124]
[126, 127]
[126, 92]
[126, 161]
[127, 128]
[127, 93]
[128, 94]
[131, 132]
[131, 97]
[131, 167]
[132, 133]
[132, 98]
[132, 168]
[132, 167]
[133, 168]
[136, 171]
[138, 173]
[140, 141]
[140, 176]
[140, 175]
[141, 142]
[141, 177]
[141, 176]
[142, 143]
[142, 178]
[142, 177]
[143, 109]
[143, 178]
[145, 146]
[145, 180]
[146, 112]
[149, 115]
[151, 187]
[151, 186]
[153, 154]
[157, 123]
[157, 192]
[161, 127]
[161, 196]
[165, 131]
[165, 201]
[165, 200]
[167, 168]
[167, 133]
[168, 204]
[173, 209]
[173, 208]
[175, 176]
[175, 141]
[176, 177]
[176, 142]
[176, 212]
[177, 178]
[177, 143]
[177, 213]
[177, 212]
[178, 213]
[180, 146]
[180, 216]
[180, 215]
[183, 149]
[183, 218]
[186, 187]
[186, 221]
[187, 153]
[187, 223]
[192, 227]
[194, 230]
[196, 231]
[200, 201]
[200, 235]
[201, 167]
[201, 237]
[204, 205]
[204, 239]
[205, 171]
[205, 241]
[208, 209]
[208, 244]
[209, 244]
[212, 213]
[212, 178]
[215, 216]
[221, 187]
[230, 231]
[230, 196]
[234, 235]
[234, 200]
[235, 201]
[239, 205]
