[0, 1]
[0, 35]
[1, 2]
[2, 3]
[2, 38]
[3, 4]
[3, 38]
[4, 40]
[7, 8]
[7, 43]
[7, 42]
[8, 9]
[8, 44]
[8, 43]
[9, 10]
[9, 44]
[10, 46]
[17, 18]
[17, 53]
[18, 19]
[18, 53]
[19, 55]
[22, 23]
[22, 58]
[22, 57]
[23, 59]
[23, 58]
[25, 26]
[25, 61]
[25, 60]
[26, 27]
[26, 61]
[27, 63]
[31, 32]
[31, 67]
[32, 33]
[32, 67]
[35, 1]
[35, 71]
[35, 70]
[38, 4]
[40, 76]
[42, 43]
[42, 8]
[42, 78]
[42, 77]
[43, 44]
[43, 9]
[43, 78]
[44, 10]
[44, 80]
[46, 47]
[46, 82]
[46, 81]
[47, 48]
[47, 83]
[47, 82]
[48, 84]
[48, 83]
[50, 86]
[53, 19]
[53, 88]
[55, 56]
[55, 91]
[56, 57]
[56, 22]
[56, 92]
[56, 91]
[57, 58]
[57, 23]
[57, 92]
[58, 59]
[59, 60]
[59, 25]
[60, 61]
[60, 26]
[60, 96]
[61, 27]
[61, 96]
[63, 64]
[63, 99]
[63, 98]
[64, 65]
[64, 99]
[65, 31]
[67, 33]
[70, 71]
[71, 72]
[71, 107]
[72, 38]
[72, 107]
[76, 77]
[76, 42]
[76, 112]
[76, 111]
[77, 78]
[77, 43]
[77, 112]
[78, 44]
[78, 114]
[80, 81]
[80, 46]
[80, 116]
[80, 115]
[81, 82]
[81, 47]
[81, 117]
[81, 116]
[82, 83]
[82, 48]
[82, 117]
[83, 84]
[83, 119]
[84, 50]
[84, 120]
[84, 119]
[86, 87]
[87, 88]
[87, 53]
[87, 123]
[88, 123]
[91, 92]
[91, 57]
[91, 127]
[92, 58]
[92, 127]
[96, 131]
[98, 99]
[98, 64]
[98, 134]
[99, 65]
[99, 135]
[99, 134]
[104, 139]
[110, 111]
[110, 76]
[110, 146]
[110, 145]
[111, 112]
[111, 77]
[111, 147]
[111, 146]
[112, 78]
[112, 147]
[114, 115]
[114, 80]
[114, 150]
[114, 149]
[115, 116]
[115, 81]
[115, 151]
[115, 150]
[116, 117]
[116, 82]
[116, 151]
[117, 83]
[117, 153]
[119, 120]
[120, 86]
[123, 159]
[123, 158]
[125, 91]
[130, 131]
[130, 96]
[130, 166]
[131, 166]
[134, 135]
[134, 170]
[135, 171]
[135, 170]
[139, 174]
[141, 107]
[145, 146]
[145, 111]
[146, 147]
[146, 112]
[146, 182]
[147, 183]
[147, 182]
[149, 150]
[149, 115]
[150, 151]
[150, 116]
[151, 117]
[151, 187]
[153, 119]
[153, 189]
[153, 188]
[157, 158]
[157, 123]
[158, 159]
[158, 194]
[159, 125]
[159, 195]
[159, 194]
[164, 130]
[164, 200]
[164, 199]
[166, 202]
[170, 171]
[170, 206]
[170, 205]
[171, 207]
[171, 206]
[174, 209]
[175, 141]
[175, 210]
[179, 145]
[182, 183]
[182, 218]
[182, 217]
[183, 149]
[183, 219]
[183, 218]
[187, 188]
[187, 153]
[187, 222]
[188, 189]
[191, 157]
[191, 227]
[191, 226]
[194, 195]
[195, 196]
[195, 231]
[196, 231]
[199, 200]
[199, 235]
[199, 234]
[200, 166]
[200, 236]
[200, 235]
[202, 238]
[202, 237]
[204, 205]
[204, 170]
[204, 240]
[205, 206]
[205, 171]
[205, 241]
[205, 240]
[206, 207]
[206, 242]
[206, 241]
[207, 243]
[207, 242]
[212, 213]
[213, 179]
[216, 217]
[216, 182]
[217, 218]
[217, 183]
[218, 219]
[219, 220]
[222, 188]
[226, 227]
[227, 228]
[228, 194]
[233, 234]
[233, 199]
[234, 235]
[234, 200]
[235, 236]
[236, 237]
[236, 202]
[237, 238]
[238, 204]
[240, 241]
[240, 206]
[241, 242]
[241, 207]
[242, 243]
[243, 209]
