[1, 2]
[1, 36]
[2, 3]
[2, 38]
[3, 4]
[3, 39]
[3, 38]
[4, 5]
[4, 39]
[5, 6]
[5, 41]
[6, 7]
[6, 42]
[6, 41]
[7, 8]
[7, 43]
[7, 42]
[8, 44]
[8, 43]
[10, 11]
[10, 45]
[11, 47]
[13, 49]
[13, 48]
[16, 17]
[16, 51]
[21, 22]
[21, 57]
[21, 56]
[22, 23]
[22, 58]
[22, 57]
[23, 24]
[23, 58]
[24, 25]
[25, 26]
[30, 31]
[31, 32]
[35, 36]
[35, 1]
[35, 71]
[36, 2]
[36, 71]
[38, 39]
[38, 4]
[38, 73]
[39, 5]
[39, 75]
[41, 42]
[41, 7]
[41, 77]
[41, 76]
[42, 43]
[42, 8]
[42, 77]
[43, 44]
[43, 79]
[44, 45]
[44, 10]
[44, 79]
[45, 11]
[45, 81]
[47, 48]
[47, 13]
[48, 49]
[48, 84]
[49, 84]
[51, 17]
[51, 87]
[55, 56]
[55, 21]
[56, 57]
[56, 22]
[57, 58]
[57, 23]
[58, 24]
[58, 94]
[63, 64]
[63, 99]
[64, 30]
[64, 100]
[64, 99]
[71, 107]
[73, 39]
[75, 76]
[75, 41]
[76, 77]
[76, 42]
[77, 43]
[79, 45]
[79, 115]
[79, 114]
[81, 47]
[81, 117]
[81, 116]
[84, 120]
[84, 119]
[94, 95]
[94, 130]
[95, 96]
[95, 131]
[95, 130]
[96, 131]
[99, 100]
[99, 135]
[99, 134]
[100, 136]
[100, 135]
[103, 104]
[103, 139]
[103, 138]
[104, 139]
[105, 71]
[105, 140]
[107, 73]
[107, 142]
[114, 115]
[114, 149]
[115, 116]
[115, 81]
[116, 117]
[116, 152]
[117, 153]
[117, 152]
[119, 120]
[119, 155]
[119, 154]
[120, 121]
[120, 156]
[120, 155]
[121, 87]
[121, 157]
[121, 156]
[124, 159]
[126, 162]
[128, 94]
[128, 164]
[130, 131]
[130, 96]
[130, 165]
[133, 134]
[133, 99]
[133, 169]
[133, 168]
[134, 135]
[134, 100]
[134, 169]
[135, 136]
[136, 172]
[138, 139]
[138, 104]
[138, 173]
[140, 175]
[147, 182]
[149, 115]
[152, 153]
[152, 188]
[152, 187]
[153, 154]
[153, 119]
[153, 188]
[154, 155]
[154, 120]
[154, 190]
[155, 156]
[155, 121]
[155, 190]
[156, 157]
[157, 158]
[157, 193]
[158, 159]
[158, 124]
[158, 193]
[162, 128]
[162, 197]
[164, 165]
[164, 130]
[164, 199]
[165, 131]
[168, 169]
[168, 134]
[168, 204]
[169, 135]
[169, 205]
[169, 204]
[172, 173]
[172, 138]
[172, 208]
[173, 139]
[173, 209]
[173, 208]
[180, 181]
[180, 216]
[180, 215]
[181, 182]
[181, 147]
[181, 217]
[181, 216]
[182, 218]
[182, 217]
[187, 188]
[187, 153]
[187, 222]
[188, 154]
[188, 224]
[190, 156]
[190, 226]
[193, 159]
[193, 229]
[197, 233]
[197, 232]
[199, 165]
[199, 234]
[202, 168]
[204, 205]
[204, 240]
[205, 241]
[205, 240]
[208, 209]
[208, 243]
[213, 214]
[214, 215]
[214, 180]
[215, 216]
[215, 181]
[216, 217]
[216, 182]
[217, 218]
[220, 221]
[221, 222]
[221, 187]
[222, 188]
[224, 190]
[226, 227]
[227, 193]
[229, 230]
[230, 231]
[231, 232]
[231, 197]
[232, 233]
[233, 234]
[233, 199]
[240, 241]
[241, 242]
[242, 243]
[242, 208]
[243, 209]
