[2, 3]
[2, 37]
[3, 4]
[3, 39]
[4, 39]
[6, 42]
[6, 41]
[8, 9]
[8, 44]
[8, 43]
[9, 45]
[9, 44]
[11, 47]
[11, 46]
[14, 15]
[14, 50]
[14, 49]
[15, 16]
[15, 51]
[15, 50]
[16, 17]
[16, 52]
[16, 51]
[17, 18]
[17, 52]
[18, 19]
[21, 57]
[21, 56]
[27, 28]
[27, 63]
[27, 62]
[28, 29]
[28, 64]
[28, 63]
[29, 30]
[29, 65]
[29, 64]
[30, 31]
[30, 65]
[33, 68]
[37, 3]
[37, 72]
[41, 42]
[41, 77]
[41, 76]
[42, 43]
[42, 8]
[42, 78]
[42, 77]
[43, 44]
[43, 9]
[43, 79]
[43, 78]
[44, 45]
[44, 79]
[45, 46]
[45, 11]
[46, 47]
[47, 48]
[48, 49]
[48, 14]
[49, 50]
[49, 15]
[49, 85]
[50, 51]
[50, 16]
[50, 86]
[50, 85]
[51, 52]
[51, 17]
[51, 86]
[52, 18]
[56, 57]
[57, 23]
[57, 93]
[61, 62]
[61, 27]
[62, 63]
[62, 28]
[63, 64]
[63, 29]
[64, 65]
[64, 30]
[65, 31]
[65, 101]
[68, 104]
[68, 103]
[71, 72]
[71, 37]
[71, 107]
[71, 106]
[72, 107]
[76, 77]
[76, 42]
[76, 112]
[76, 111]
[77, 78]
[77, 43]
[77, 112]
[78, 79]
[78, 44]
[78, 114]
[79, 45]
[79, 115]
[79, 114]
[85, 86]
[85, 51]
[85, 120]
[86, 52]
[90, 56]
[90, 126]
[93, 94]
[93, 129]
[94, 95]
[94, 130]
[94, 129]
[95, 61]
[95, 131]
[95, 130]
[101, 102]
[101, 137]
[101, 136]
[102, 103]
[102, 68]
[102, 137]
[103, 104]
[103, 139]
[104, 139]
[106, 107]
[106, 72]
[106, 141]
[111, 112]
[111, 77]
[111, 147]
[112, 78]
[112, 148]
[112, 147]
[114, 115]
[114, 150]
[115, 116]
[115, 150]
[119, 120]
[119, 85]
[119, 155]
[120, 86]
[120, 156]
[120, 155]
[126, 127]
[126, 161]
[127, 93]
[129, 130]
[129, 95]
[129, 165]
[130, 131]
[130, 166]
[130, 165]
[131, 132]
[131, 166]
[132, 133]
[132, 168]
[133, 134]
[133, 168]
[134, 135]
[135, 136]
[135, 101]
[135, 171]
[136, 137]
[136, 102]
[136, 171]
[137, 103]
[137, 173]
[139, 174]
[141, 107]
[141, 176]
[147, 148]
[147, 183]
[147, 182]
[148, 114]
[148, 183]
[150, 116]
[150, 186]
[153, 119]
[153, 188]
[155, 156]
[155, 191]
[156, 192]
[156, 191]
[159, 160]
[159, 195]
[160, 161]
[160, 126]
[160, 195]
[161, 127]
[161, 197]
[165, 166]
[165, 131]
[165, 200]
[166, 132]
[166, 202]
[168, 134]
[171, 137]
[173, 174]
[173, 139]
[175, 176]
[175, 141]
[175, 211]
[176, 212]
[176, 211]
[178, 179]
[178, 214]
[179, 180]
[179, 214]
[180, 181]
[180, 216]
[181, 182]
[181, 147]
[181, 216]
[182, 183]
[182, 148]
[183, 219]
[186, 187]
[186, 222]
[187, 188]
[187, 153]
[187, 222]
[188, 224]
[191, 192]
[191, 227]
[191, 226]
[192, 228]
[192, 227]
[195, 161]
[195, 231]
[195, 230]
[199, 200]
[199, 165]
[199, 235]
[199, 234]
[200, 166]
[200, 236]
[200, 235]
[202, 168]
[205, 171]
[205, 241]
[205, 240]
[211, 212]
[212, 178]
[214, 180]
[216, 182]
[219, 220]
[220, 186]
[222, 188]
[224, 225]
[225, 226]
[225, 191]
[226, 227]
[226, 192]
[227, 228]
[228, 229]
[229, 230]
[229, 195]
[230, 231]
[231, 197]
[234, 235]
[234, 200]
[235, 236]
[236, 202]
[239, 240]
[239, 205]
[240, 241]
[241, 242]
[242, 243]
