[15, 16]
[15, 50]
[18, 19]
[18, 53]
[23, 24]
[23, 58]
[24, 60]
[26, 27]
[27, 28]
[27, 63]
[28, 29]
[28, 63]
[32, 33]
[32, 67]
[38, 39]
[38, 73]
[39, 40]
[40, 41]
[47, 83]
[50, 16]
[50, 86]
[53, 19]
[53, 89]
[56, 57]
[56, 92]
[57, 58]
[57, 23]
[57, 93]
[57, 92]
[58, 24]
[58, 94]
[58, 93]
[60, 26]
[63, 29]
[63, 98]
[66, 67]
[66, 32]
[66, 101]
[67, 33]
[73, 39]
[73, 109]
[73, 108]
[78, 114]
[80, 116]
[80, 115]
[83, 119]
[86, 87]
[86, 122]
[87, 53]
[87, 123]
[87, 122]
[89, 125]
[89, 124]
[92, 93]
[92, 58]
[92, 128]
[92, 127]
[93, 94]
[93, 128]
[94, 60]
[97, 98]
[97, 63]
[97, 133]
[97, 132]
[98, 134]
[98, 133]
[101, 67]
[105, 106]
[105, 141]
[105, 140]
[106, 142]
[106, 141]
[108, 109]
[108, 144]
[108, 143]
[109, 110]
[109, 145]
[109, 144]
[110, 145]
[114, 115]
[114, 80]
[115, 116]
[119, 120]
[119, 155]
[120, 86]
[120, 156]
[120, 155]
[122, 123]
[122, 157]
[123, 124]
[123, 89]
[124, 125]
[125, 126]
[125, 161]
[126, 127]
[126, 92]
[126, 161]
[127, 128]
[127, 93]
[127, 163]
[128, 94]
[128, 164]
[128, 163]
[131, 132]
[131, 97]
[131, 166]
[132, 133]
[132, 98]
[132, 168]
[133, 134]
[133, 169]
[133, 168]
[134, 169]
[140, 141]
[140, 106]
[140, 176]
[140, 175]
[141, 142]
[141, 176]
[142, 143]
[142, 108]
[143, 144]
[143, 109]
[143, 179]
[144, 145]
[144, 110]
[144, 179]
[145, 181]
[147, 148]
[147, 182]
[148, 114]
[155, 156]
[156, 157]
[156, 122]
[156, 192]
[157, 123]
[157, 192]
[161, 127]
[161, 197]
[163, 164]
[163, 199]
[164, 165]
[164, 199]
[165, 166]
[165, 131]
[166, 132]
[168, 169]
[168, 134]
[168, 204]
[169, 204]
[172, 208]
[175, 176]
[175, 141]
[176, 142]
[179, 145]
[179, 215]
[181, 182]
[181, 147]
[182, 148]
[182, 218]
[197, 163]
[199, 165]
[199, 235]
[206, 172]
[206, 242]
[208, 243]
[213, 179]
[215, 181]
[226, 192]
[230, 231]
[231, 197]
[237, 238]
[238, 204]
[242, 243]
[242, 208]
