[2, 38]
[2, 37]
[4, 40]
[4, 39]
[7, 43]
[7, 42]
[11, 12]
[11, 47]
[11, 46]
[12, 13]
[12, 48]
[12, 47]
[13, 14]
[13, 48]
[14, 15]
[14, 50]
[15, 51]
[15, 50]
[20, 21]
[20, 55]
[21, 22]
[22, 23]
[22, 58]
[23, 24]
[23, 58]
[24, 25]
[24, 60]
[25, 26]
[25, 61]
[25, 60]
[26, 27]
[26, 61]
[27, 63]
[29, 30]
[29, 64]
[30, 31]
[31, 32]
[31, 67]
[32, 33]
[32, 68]
[32, 67]
[33, 69]
[33, 68]
[36, 37]
[36, 2]
[36, 72]
[37, 38]
[37, 73]
[37, 72]
[38, 39]
[38, 4]
[38, 73]
[39, 40]
[42, 43]
[42, 78]
[42, 77]
[43, 78]
[45, 46]
[45, 11]
[45, 81]
[45, 80]
[46, 47]
[46, 12]
[46, 82]
[46, 81]
[47, 48]
[47, 13]
[47, 83]
[47, 82]
[48, 14]
[48, 83]
[50, 51]
[51, 52]
[52, 88]
[54, 55]
[54, 20]
[54, 90]
[55, 21]
[55, 90]
[58, 24]
[58, 93]
[60, 61]
[60, 26]
[61, 27]
[61, 97]
[63, 64]
[63, 29]
[64, 30]
[67, 68]
[67, 33]
[68, 69]
[68, 104]
[69, 104]
[70, 36]
[70, 105]
[72, 73]
[72, 38]
[72, 107]
[73, 39]
[73, 109]
[77, 78]
[77, 43]
[77, 112]
[78, 114]
[80, 81]
[80, 46]
[80, 116]
[80, 115]
[81, 82]
[81, 47]
[81, 117]
[81, 116]
[82, 83]
[82, 48]
[82, 118]
[82, 117]
[83, 118]
[88, 54]
[88, 124]
[90, 126]
[90, 125]
[92, 93]
[92, 58]
[92, 128]
[93, 129]
[93, 128]
[97, 63]
[97, 133]
[97, 132]
[105, 140]
[107, 73]
[107, 142]
[109, 110]
[112, 78]
[112, 148]
[112, 147]
[114, 115]
[114, 80]
[115, 116]
[115, 81]
[115, 151]
[116, 117]
[116, 82]
[116, 152]
[116, 151]
[117, 118]
[117, 83]
[117, 153]
[117, 152]
[118, 154]
[118, 153]
[124, 125]
[124, 90]
[124, 160]
[124, 159]
[125, 126]
[125, 161]
[125, 160]
[126, 92]
[126, 161]
[128, 129]
[129, 130]
[129, 165]
[130, 131]
[130, 165]
[131, 132]
[131, 97]
[132, 133]
[133, 169]
[135, 136]
[135, 171]
[135, 170]
[136, 172]
[136, 171]
[140, 176]
[140, 175]
[142, 178]
[147, 148]
[147, 183]
[147, 182]
[148, 114]
[148, 184]
[148, 183]
[151, 152]
[151, 117]
[151, 187]
[151, 186]
[152, 153]
[152, 118]
[152, 188]
[152, 187]
[153, 154]
[153, 189]
[153, 188]
[154, 155]
[154, 190]
[154, 189]
[155, 191]
[155, 190]
[157, 193]
[157, 192]
[159, 160]
[159, 125]
[159, 194]
[160, 161]
[160, 126]
[161, 197]
[165, 131]
[169, 170]
[169, 135]
[169, 204]
[170, 171]
[170, 136]
[171, 172]
[172, 208]
[175, 176]
[175, 211]
[176, 142]
[176, 212]
[176, 211]
[178, 179]
[181, 182]
[181, 147]
[181, 217]
[182, 183]
[182, 148]
[182, 218]
[182, 217]
[183, 184]
[183, 219]
[183, 218]
[184, 185]
[184, 219]
[185, 186]
[185, 151]
[185, 221]
[186, 187]
[186, 152]
[186, 222]
[186, 221]
[187, 188]
[187, 153]
[187, 223]
[187, 222]
[188, 189]
[188, 154]
[188, 224]
[188, 223]
[189, 190]
[189, 155]
[189, 225]
[189, 224]
[190, 191]
[190, 226]
[190, 225]
[191, 192]
[191, 157]
[191, 227]
[191, 226]
[192, 193]
[192, 228]
[192, 227]
[193, 194]
[193, 159]
[193, 229]
[193, 228]
[194, 160]
[194, 229]
[197, 198]
[197, 233]
[198, 199]
[198, 233]
[199, 165]
[202, 203]
[202, 238]
[202, 237]
[203, 204]
[203, 169]
[203, 239]
[203, 238]
[204, 170]
[204, 239]
[208, 244]
[208, 243]
[211, 212]
[212, 178]
[217, 218]
[217, 183]
[218, 219]
[218, 184]
[219, 185]
[221, 222]
[221, 187]
[222, 223]
[222, 188]
[223, 224]
[223, 189]
[224, 225]
[224, 190]
[225, 226]
[225, 191]
[226, 227]
[226, 192]
[227, 228]
[227, 193]
[228, 229]
[228, 194]
[233, 199]
[236, 237]
[236, 202]
[237, 238]
[237, 203]
[238, 239]
[238, 204]
[243, 244]
