[2, 3]
[2, 38]
[2, 37]
[3, 38]
[6, 42]
[8, 9]
[8, 44]
[8, 43]
[9, 10]
[9, 45]
[9, 44]
[10, 45]
[14, 15]
[14, 49]
[15, 51]
[22, 23]
[23, 24]
[24, 60]
[28, 64]
[31, 32]
[35, 36]
[35, 70]
[36, 37]
[36, 2]
[36, 72]
[37, 38]
[37, 3]
[37, 73]
[37, 72]
[38, 74]
[38, 73]
[40, 6]
[40, 75]
[42, 43]
[42, 8]
[43, 44]
[43, 9]
[43, 79]
[44, 45]
[44, 10]
[44, 79]
[45, 81]
[47, 48]
[47, 83]
[47, 82]
[48, 49]
[48, 14]
[48, 83]
[49, 15]
[49, 85]
[51, 86]
[55, 56]
[55, 91]
[55, 90]
[56, 22]
[56, 92]
[56, 91]
[62, 28]
[62, 98]
[64, 65]
[65, 31]
[70, 36]
[70, 106]
[70, 105]
[72, 73]
[72, 38]
[72, 108]
[73, 74]
[73, 109]
[73, 108]
[74, 75]
[74, 40]
[74, 109]
[79, 45]
[79, 114]
[81, 82]
[81, 47]
[81, 117]
[81, 116]
[82, 83]
[82, 48]
[82, 117]
[83, 49]
[85, 86]
[85, 51]
[85, 120]
[88, 124]
[90, 91]
[90, 56]
[90, 126]
[91, 92]
[91, 127]
[91, 126]
[92, 93]
[92, 128]
[92, 127]
[93, 128]
[98, 64]
[98, 134]
[103, 104]
[103, 139]
[103, 138]
[104, 139]
[105, 106]
[106, 72]
[106, 142]
[108, 109]
[108, 74]
[108, 144]
[109, 75]
[109, 145]
[109, 144]
[112, 113]
[112, 147]
[113, 114]
[113, 79]
[114, 150]
[116, 117]
[116, 82]
[117, 83]
[117, 153]
[120, 86]
[120, 156]
[120, 155]
[124, 90]
[124, 160]
[124, 159]
[126, 127]
[126, 92]
[127, 128]
[127, 93]
[131, 132]
[131, 166]
[132, 98]
[134, 169]
[136, 137]
[136, 172]
[137, 138]
[137, 103]
[137, 172]
[138, 139]
[138, 104]
[138, 174]
[139, 174]
[142, 108]
[142, 178]
[144, 145]
[144, 180]
[145, 146]
[145, 180]
[146, 147]
[146, 112]
[147, 113]
[150, 116]
[150, 186]
[153, 188]
[155, 156]
[155, 191]
[156, 157]
[156, 192]
[156, 191]
[157, 193]
[157, 192]
[159, 160]
[159, 194]
[160, 126]
[160, 196]
[165, 166]
[165, 131]
[165, 201]
[165, 200]
[166, 132]
[166, 202]
[166, 201]
[169, 205]
[169, 204]
[172, 138]
[172, 207]
[174, 209]
[178, 144]
[178, 214]
[180, 146]
[184, 150]
[186, 187]
[187, 188]
[187, 153]
[191, 192]
[191, 157]
[191, 227]
[192, 193]
[192, 228]
[192, 227]
[193, 194]
[193, 159]
[193, 229]
[193, 228]
[194, 160]
[194, 230]
[194, 229]
[200, 201]
[200, 166]
[201, 202]
[202, 238]
[204, 205]
[205, 206]
[205, 241]
[206, 207]
[206, 172]
[206, 241]
[214, 180]
[225, 191]
[227, 228]
[227, 193]
[228, 229]
[228, 194]
[229, 230]
[230, 196]
[238, 204]
[241, 207]
