[0, 1]
[0, 36]
[0, 35]
[1, 2]
[1, 36]
[2, 3]
[2, 38]
[3, 38]
[10, 45]
[12, 13]
[12, 48]
[13, 48]
[15, 16]
[15, 51]
[16, 51]
[19, 54]
[26, 27]
[26, 62]
[27, 62]
[33, 68]
[35, 36]
[35, 1]
[35, 71]
[36, 2]
[36, 71]
[42, 43]
[42, 78]
[42, 77]
[43, 78]
[51, 86]
[54, 90]
[54, 89]
[56, 22]
[56, 92]
[56, 91]
[59, 60]
[60, 26]
[60, 96]
[64, 65]
[65, 66]
[65, 101]
[66, 102]
[66, 101]
[71, 107]
[77, 78]
[77, 43]
[77, 113]
[77, 112]
[78, 113]
[82, 48]
[82, 117]
[88, 89]
[88, 54]
[88, 123]
[89, 90]
[90, 91]
[90, 56]
[90, 126]
[91, 92]
[91, 126]
[96, 62]
[96, 131]
[101, 102]
[101, 137]
[101, 136]
[102, 68]
[102, 137]
[107, 108]
[107, 143]
[108, 109]
[108, 144]
[108, 143]
[109, 75]
[109, 144]
[112, 113]
[112, 78]
[112, 148]
[112, 147]
[113, 148]
[117, 152]
[123, 89]
[123, 159]
[123, 158]
[126, 92]
[129, 130]
[129, 165]
[130, 131]
[130, 96]
[130, 165]
[131, 167]
[133, 169]
[136, 137]
[136, 102]
[136, 172]
[136, 171]
[137, 172]
[139, 174]
[141, 107]
[143, 144]
[143, 109]
[143, 179]
[143, 178]
[144, 179]
[146, 147]
[146, 112]
[146, 181]
[147, 148]
[147, 113]
[147, 183]
[148, 183]
[152, 187]
[154, 189]
[157, 158]
[157, 123]
[157, 193]
[158, 159]
[158, 193]
[159, 195]
[165, 131]
[165, 201]
[167, 133]
[167, 203]
[169, 170]
[170, 171]
[170, 136]
[171, 172]
[171, 137]
[171, 207]
[172, 207]
[174, 209]
[178, 179]
[178, 144]
[178, 214]
[179, 215]
[179, 214]
[181, 147]
[181, 217]
[181, 216]
[183, 219]
[186, 187]
[186, 152]
[186, 221]
[193, 159]
[193, 229]
[193, 228]
[195, 230]
[197, 198]
[197, 233]
[197, 232]
[198, 233]
[201, 167]
[203, 169]
[203, 239]
[209, 244]
[214, 215]
[215, 216]
[215, 181]
[216, 217]
[217, 183]
[221, 187]
[226, 227]
[227, 228]
[227, 193]
[228, 229]
[229, 230]
[229, 195]
[232, 233]
[232, 198]
