[0, 1]
[0, 36]
[1, 2]
[1, 36]
[2, 3]
[3, 39]
[5, 6]
[5, 41]
[5, 40]
[6, 7]
[6, 41]
[7, 43]
[9, 10]
[9, 45]
[9, 44]
[10, 46]
[10, 45]
[12, 13]
[12, 47]
[13, 14]
[14, 15]
[15, 16]
[15, 51]
[16, 17]
[16, 51]
[19, 55]
[24, 60]
[26, 27]
[26, 61]
[36, 2]
[36, 72]
[39, 40]
[39, 5]
[40, 41]
[40, 6]
[40, 76]
[41, 7]
[41, 76]
[43, 44]
[43, 9]
[44, 45]
[44, 10]
[44, 80]
[45, 46]
[45, 81]
[45, 80]
[46, 47]
[46, 12]
[46, 82]
[46, 81]
[47, 13]
[47, 82]
[51, 17]
[55, 91]
[58, 24]
[58, 94]
[60, 61]
[60, 26]
[61, 27]
[61, 97]
[66, 67]
[67, 68]
[67, 103]
[68, 34]
[68, 104]
[68, 103]
[70, 36]
[70, 106]
[80, 81]
[80, 46]
[80, 116]
[81, 82]
[81, 47]
[81, 116]
[82, 118]
[91, 92]
[91, 127]
[92, 58]
[92, 127]
[94, 60]
[97, 98]
[97, 132]
[98, 64]
[103, 104]
[103, 138]
[106, 72]
[106, 141]
[110, 76]
[110, 145]
[116, 82]
[116, 152]
[118, 84]
[123, 159]
[132, 98]
[132, 168]
[135, 136]
[135, 170]
[136, 137]
[136, 172]
[137, 138]
[137, 103]
[137, 173]
[137, 172]
[138, 104]
[138, 173]
[140, 141]
[140, 106]
[140, 176]
[141, 177]
[141, 176]
[144, 145]
[144, 110]
[147, 183]
[147, 182]
[152, 118]
[156, 157]
[156, 192]
[157, 123]
[157, 193]
[157, 192]
[159, 194]
[164, 165]
[168, 203]
[170, 136]
[170, 205]
[172, 173]
[172, 138]
[172, 207]
[173, 209]
[176, 177]
[176, 211]
[177, 213]
[182, 183]
[182, 218]
[183, 184]
[183, 219]
[183, 218]
[184, 185]
[184, 219]
[185, 186]
[185, 221]
[186, 152]
[186, 221]
[189, 190]
[189, 225]
[190, 156]
[190, 225]
[192, 193]
[192, 227]
[193, 194]
[193, 159]
[194, 230]
[196, 232]
[203, 238]
[207, 173]
[207, 243]
[210, 211]
[210, 176]
[211, 177]
[213, 214]
[218, 219]
[218, 184]
[219, 185]
[227, 193]
[230, 196]
[232, 233]
[233, 234]
[234, 235]
[235, 236]
[243, 209]
