[2, 38]
[2, 37]
[4, 5]
[4, 39]
[5, 41]
[9, 10]
[9, 45]
[10, 11]
[10, 46]
[10, 45]
[11, 46]
[14, 15]
[14, 49]
[15, 51]
[18, 54]
[18, 53]
[27, 28]
[27, 63]
[28, 29]
[28, 64]
[28, 63]
[29, 64]
[31, 32]
[31, 67]
[32, 67]
[36, 37]
[36, 2]
[37, 38]
[37, 73]
[38, 39]
[38, 4]
[38, 73]
[39, 5]
[41, 7]
[41, 77]
[45, 46]
[45, 11]
[46, 82]
[49, 15]
[51, 87]
[53, 54]
[54, 55]
[55, 56]
[55, 91]
[56, 57]
[56, 91]
[57, 23]
[63, 64]
[63, 29]
[64, 100]
[70, 36]
[70, 106]
[70, 105]
[73, 39]
[73, 108]
[77, 78]
[78, 79]
[79, 45]
[79, 115]
[82, 83]
[83, 49]
[87, 53]
[87, 123]
[87, 122]
[91, 57]
[91, 127]
[91, 126]
[94, 130]
[94, 129]
[100, 101]
[100, 136]
[101, 67]
[101, 136]
[105, 106]
[105, 141]
[106, 142]
[106, 141]
[108, 144]
[108, 143]
[110, 145]
[115, 116]
[115, 151]
[115, 150]
[116, 82]
[116, 152]
[116, 151]
[120, 156]
[122, 123]
[122, 158]
[122, 157]
[123, 158]
[125, 126]
[125, 91]
[126, 127]
[129, 130]
[129, 165]
[129, 164]
[130, 131]
[130, 165]
[131, 167]
[133, 134]
[133, 169]
[134, 100]
[134, 169]
[136, 172]
[136, 171]
[139, 174]
[141, 142]
[142, 143]
[142, 108]
[143, 144]
[143, 179]
[144, 145]
[144, 110]
[144, 179]
[145, 181]
[147, 148]
[147, 183]
[148, 149]
[148, 183]
[149, 150]
[149, 115]
[150, 151]
[150, 116]
[151, 152]
[152, 153]
[156, 157]
[156, 122]
[156, 192]
[157, 158]
[157, 123]
[157, 193]
[157, 192]
[158, 194]
[158, 193]
[164, 165]
[164, 130]
[165, 131]
[165, 201]
[167, 133]
[167, 202]
[169, 205]
[169, 204]
[171, 172]
[172, 208]
[174, 209]
[175, 141]
[175, 211]
[175, 210]
[179, 145]
[179, 214]
[181, 147]
[183, 149]
[183, 219]
[190, 156]
[190, 226]
[192, 193]
[192, 158]
[193, 194]
[193, 229]
[194, 230]
[194, 229]
[201, 202]
[201, 167]
[202, 238]
[204, 205]
[204, 240]
[205, 171]
[205, 241]
[205, 240]
[208, 209]
[208, 174]
[208, 243]
[210, 211]
[219, 220]
[226, 192]
[229, 230]
[230, 231]
[231, 197]
[235, 201]
[238, 204]
[240, 241]
[243, 209]
