[2, 38]
[2, 37]
[4, 5]
[9, 10]
[9, 45]
[9, 44]
[10, 11]
[10, 45]
[11, 12]
[11, 47]
[12, 13]
[12, 48]
[12, 47]
[13, 49]
[13, 48]
[19, 55]
[19, 54]
[22, 58]
[33, 34]
[33, 69]
[34, 69]
[35, 36]
[35, 71]
[36, 37]
[36, 2]
[36, 72]
[36, 71]
[37, 38]
[37, 72]
[38, 4]
[43, 44]
[43, 9]
[44, 45]
[44, 10]
[45, 11]
[47, 48]
[47, 13]
[47, 83]
[48, 49]
[48, 83]
[49, 15]
[49, 85]
[52, 53]
[53, 54]
[53, 19]
[54, 55]
[54, 90]
[55, 91]
[55, 90]
[58, 93]
[60, 61]
[60, 96]
[61, 96]
[63, 64]
[63, 99]
[64, 65]
[64, 99]
[65, 101]
[69, 104]
[71, 72]
[71, 37]
[72, 38]
[72, 108]
[76, 77]
[76, 112]
[77, 43]
[77, 112]
[83, 49]
[83, 119]
[85, 121]
[85, 120]
[90, 91]
[91, 127]
[96, 131]
[99, 65]
[99, 135]
[99, 134]
[101, 136]
[104, 139]
[105, 71]
[105, 140]
[108, 144]
[110, 76]
[110, 146]
[110, 145]
[119, 120]
[119, 85]
[119, 154]
[120, 121]
[120, 156]
[121, 157]
[121, 156]
[127, 93]
[127, 163]
[131, 166]
[134, 135]
[134, 170]
[135, 136]
[135, 101]
[135, 171]
[135, 170]
[136, 172]
[136, 171]
[138, 139]
[138, 104]
[138, 174]
[138, 173]
[139, 174]
[140, 176]
[140, 175]
[144, 145]
[144, 110]
[145, 146]
[145, 181]
[146, 112]
[146, 181]
[149, 185]
[153, 154]
[153, 119]
[153, 189]
[154, 120]
[154, 190]
[154, 189]
[156, 157]
[157, 123]
[163, 164]
[164, 200]
[168, 134]
[170, 171]
[170, 136]
[170, 206]
[171, 172]
[171, 207]
[171, 206]
[172, 173]
[172, 138]
[172, 207]
[173, 174]
[173, 139]
[175, 176]
[176, 177]
[181, 217]
[185, 151]
[185, 221]
[189, 190]
[189, 224]
[190, 156]
[190, 226]
[194, 230]
[200, 166]
[200, 235]
[206, 207]
[206, 172]
[207, 173]
[207, 243]
[215, 181]
[217, 218]
[223, 224]
[223, 189]
[224, 190]
[226, 227]
[227, 228]
[228, 194]
[234, 235]
[234, 200]
[239, 240]
[240, 206]
[243, 244]
