[4, 5]
[4, 39]
[5, 6]
[8, 43]
[13, 49]
[13, 48]
[18, 54]
[18, 53]
[20, 21]
[20, 55]
[25, 60]
[27, 63]
[29, 64]
[31, 32]
[31, 66]
[37, 72]
[39, 5]
[39, 74]
[43, 79]
[43, 78]
[47, 48]
[47, 13]
[47, 82]
[48, 49]
[49, 85]
[53, 54]
[53, 89]
[53, 88]
[54, 55]
[54, 20]
[54, 89]
[55, 21]
[59, 60]
[59, 25]
[63, 64]
[63, 29]
[64, 100]
[66, 32]
[66, 102]
[72, 107]
[74, 110]
[74, 109]
[77, 78]
[77, 43]
[78, 79]
[81, 82]
[81, 47]
[81, 117]
[82, 48]
[82, 118]
[82, 117]
[85, 86]
[85, 121]
[86, 87]
[86, 121]
[87, 88]
[87, 53]
[88, 89]
[88, 54]
[89, 55]
[89, 125]
[100, 66]
[100, 136]
[100, 135]
[102, 103]
[103, 139]
[105, 141]
[105, 140]
[107, 143]
[107, 142]
[109, 110]
[109, 144]
[110, 146]
[117, 118]
[117, 153]
[118, 154]
[118, 153]
[121, 87]
[121, 156]
[125, 161]
[129, 165]
[131, 132]
[131, 167]
[132, 167]
[135, 136]
[135, 171]
[136, 102]
[136, 171]
[140, 141]
[140, 176]
[141, 142]
[141, 107]
[141, 177]
[141, 176]
[142, 143]
[142, 177]
[143, 144]
[143, 109]
[143, 179]
[144, 110]
[144, 180]
[144, 179]
[146, 147]
[146, 182]
[147, 148]
[147, 182]
[150, 151]
[150, 186]
[151, 117]
[151, 186]
[153, 154]
[153, 189]
[154, 155]
[154, 190]
[154, 189]
[155, 156]
[155, 121]
[155, 190]
[161, 197]
[165, 131]
[165, 201]
[165, 200]
[167, 202]
[176, 177]
[176, 142]
[176, 212]
[176, 211]
[177, 143]
[177, 213]
[177, 212]
[179, 180]
[179, 214]
[180, 146]
[180, 216]
[182, 148]
[182, 217]
[186, 222]
[189, 190]
[189, 155]
[189, 225]
[190, 156]
[190, 226]
[190, 225]
[194, 230]
[197, 233]
[197, 232]
[200, 201]
[200, 236]
[200, 235]
[201, 202]
[201, 167]
[201, 237]
[201, 236]
[202, 237]
[211, 212]
[211, 177]
[212, 213]
[213, 214]
[213, 179]
[214, 180]
[216, 217]
[216, 182]
[220, 186]
[222, 223]
[223, 189]
[225, 226]
[232, 233]
[233, 234]
[234, 235]
[234, 200]
[235, 236]
[235, 201]
[236, 237]
[236, 202]
