[1, 37]
[1, 36]
[5, 41]
[7, 42]
[12, 48]
[12, 47]
[14, 15]
[17, 53]
[17, 52]
[22, 58]
[25, 26]
[25, 61]
[25, 60]
[26, 61]
[30, 65]
[35, 36]
[35, 1]
[36, 37]
[37, 38]
[37, 73]
[38, 73]
[41, 42]
[41, 7]
[42, 78]
[46, 47]
[46, 12]
[47, 48]
[48, 14]
[48, 84]
[52, 53]
[52, 88]
[52, 87]
[53, 54]
[53, 89]
[53, 88]
[54, 55]
[54, 89]
[55, 91]
[58, 59]
[58, 94]
[59, 60]
[59, 25]
[59, 94]
[60, 61]
[60, 26]
[65, 101]
[67, 103]
[73, 108]
[78, 79]
[78, 114]
[79, 80]
[79, 115]
[79, 114]
[80, 46]
[80, 115]
[84, 85]
[85, 86]
[85, 121]
[86, 87]
[86, 52]
[86, 121]
[87, 88]
[87, 53]
[88, 89]
[88, 54]
[89, 55]
[91, 92]
[91, 126]
[92, 58]
[94, 60]
[101, 67]
[101, 136]
[106, 142]
[106, 141]
[108, 144]
[111, 112]
[111, 147]
[112, 78]
[112, 147]
[114, 115]
[114, 80]
[114, 150]
[115, 150]
[118, 84]
[118, 154]
[118, 153]
[121, 87]
[121, 157]
[121, 156]
[126, 92]
[135, 136]
[135, 101]
[135, 170]
[141, 142]
[142, 108]
[142, 178]
[144, 145]
[144, 180]
[145, 111]
[145, 181]
[145, 180]
[147, 182]
[153, 154]
[156, 157]
[157, 158]
[170, 136]
[170, 205]
[173, 174]
[173, 209]
[174, 209]
[178, 144]
[178, 213]
[180, 181]
[181, 182]
[181, 147]
[187, 153]
[195, 196]
[195, 231]
[195, 230]
[196, 232]
[196, 231]
[205, 240]
[219, 220]
[224, 225]
[225, 226]
[226, 227]
[229, 230]
[229, 195]
[230, 231]
[230, 196]
[231, 232]
[243, 209]
