[10, 46]
[10, 45]
[15, 16]
[16, 17]
[16, 52]
[17, 52]
[22, 23]
[22, 58]
[23, 24]
[23, 58]
[24, 25]
[25, 61]
[27, 28]
[27, 62]
[28, 64]
[31, 67]
[31, 66]
[35, 36]
[36, 72]
[40, 76]
[40, 75]
[42, 43]
[42, 78]
[43, 78]
[45, 46]
[45, 81]
[46, 82]
[46, 81]
[49, 15]
[49, 85]
[49, 84]
[52, 88]
[52, 87]
[54, 89]
[56, 22]
[56, 92]
[56, 91]
[58, 24]
[61, 62]
[61, 27]
[61, 97]
[61, 96]
[62, 28]
[62, 98]
[62, 97]
[64, 99]
[66, 67]
[72, 73]
[72, 107]
[73, 109]
[75, 76]
[76, 42]
[78, 114]
[81, 82]
[81, 116]
[82, 83]
[83, 84]
[83, 49]
[83, 119]
[84, 85]
[84, 119]
[85, 86]
[86, 87]
[86, 52]
[87, 88]
[88, 89]
[88, 54]
[88, 124]
[89, 125]
[89, 124]
[91, 92]
[91, 127]
[91, 126]
[92, 58]
[92, 127]
[96, 97]
[96, 62]
[96, 132]
[96, 131]
[97, 98]
[97, 132]
[98, 99]
[98, 64]
[98, 134]
[99, 134]
[105, 106]
[106, 107]
[106, 72]
[106, 142]
[107, 73]
[107, 143]
[107, 142]
[109, 75]
[109, 144]
[114, 115]
[114, 149]
[115, 116]
[115, 81]
[116, 82]
[116, 152]
[119, 85]
[119, 155]
[124, 125]
[124, 160]
[125, 126]
[125, 91]
[125, 161]
[125, 160]
[126, 127]
[126, 92]
[126, 162]
[126, 161]
[127, 162]
[129, 130]
[129, 164]
[130, 131]
[130, 96]
[131, 132]
[131, 97]
[132, 98]
[132, 168]
[134, 170]
[136, 172]
[138, 174]
[142, 143]
[142, 178]
[142, 177]
[143, 144]
[143, 109]
[143, 178]
[144, 180]
[146, 147]
[146, 182]
[147, 183]
[147, 182]
[149, 115]
[149, 184]
[152, 153]
[153, 119]
[153, 189]
[155, 156]
[156, 157]
[160, 161]
[160, 126]
[160, 196]
[161, 162]
[161, 127]
[161, 196]
[164, 130]
[164, 200]
[168, 134]
[168, 204]
[168, 203]
[170, 136]
[170, 205]
[172, 138]
[172, 207]
[174, 209]
[176, 177]
[176, 142]
[176, 212]
[177, 178]
[177, 143]
[177, 212]
[178, 144]
[178, 214]
[180, 146]
[180, 216]
[180, 215]
[182, 183]
[183, 184]
[183, 149]
[186, 152]
[189, 155]
[189, 225]
[196, 162]
[200, 236]
[202, 203]
[202, 168]
[203, 204]
[203, 239]
[204, 205]
[204, 170]
[204, 239]
[207, 242]
[209, 244]
[212, 178]
[214, 215]
[214, 180]
[215, 216]
[216, 182]
[228, 229]
[234, 200]
[236, 202]
[239, 205]
