[0, 36]
[0, 35]
[3, 39]
[3, 38]
[11, 12]
[11, 47]
[12, 13]
[12, 47]
[13, 49]
[15, 16]
[21, 56]
[29, 65]
[34, 69]
[35, 36]
[36, 72]
[38, 39]
[39, 40]
[40, 76]
[47, 13]
[47, 83]
[49, 15]
[56, 92]
[62, 63]
[62, 98]
[63, 29]
[63, 99]
[63, 98]
[65, 101]
[69, 104]
[72, 38]
[72, 108]
[72, 107]
[76, 112]
[79, 80]
[80, 116]
[83, 49]
[83, 119]
[94, 130]
[98, 99]
[98, 133]
[99, 65]
[101, 102]
[101, 137]
[102, 138]
[102, 137]
[106, 107]
[106, 72]
[106, 141]
[107, 108]
[112, 148]
[116, 151]
[125, 161]
[125, 160]
[130, 165]
[133, 99]
[133, 169]
[137, 138]
[137, 173]
[137, 172]
[138, 104]
[138, 173]
[140, 141]
[140, 106]
[140, 176]
[141, 107]
[141, 176]
[145, 180]
[148, 149]
[149, 185]
[151, 186]
[156, 191]
[160, 161]
[160, 195]
[161, 162]
[165, 201]
[169, 204]
[172, 173]
[172, 138]
[173, 209]
[176, 211]
[179, 180]
[179, 145]
[179, 214]
[185, 186]
[185, 151]
[185, 220]
[188, 189]
[191, 226]
[195, 161]
[195, 230]
[203, 204]
[203, 169]
[203, 239]
[204, 239]
[213, 214]
[213, 179]
[214, 180]
[217, 218]
[220, 186]
[242, 243]
[243, 209]
