[9, 10]
[9, 45]
[9, 44]
[10, 45]
[12, 13]
[16, 52]
[19, 54]
[22, 23]
[22, 58]
[23, 59]
[23, 58]
[25, 60]
[27, 28]
[27, 63]
[27, 62]
[28, 64]
[28, 63]
[31, 67]
[35, 36]
[35, 71]
[36, 72]
[36, 71]
[41, 7]
[41, 76]
[44, 45]
[44, 10]
[44, 80]
[44, 79]
[45, 81]
[45, 80]
[50, 16]
[52, 53]
[52, 88]
[53, 54]
[53, 19]
[53, 88]
[54, 90]
[58, 59]
[59, 60]
[59, 25]
[59, 95]
[60, 95]
[62, 63]
[62, 28]
[63, 64]
[63, 99]
[64, 65]
[64, 100]
[64, 99]
[65, 31]
[65, 101]
[65, 100]
[67, 103]
[71, 72]
[71, 107]
[71, 106]
[72, 107]
[76, 111]
[78, 79]
[78, 44]
[78, 114]
[79, 80]
[79, 45]
[79, 114]
[80, 81]
[80, 116]
[81, 82]
[81, 116]
[82, 83]
[82, 118]
[83, 84]
[83, 118]
[84, 50]
[84, 120]
[88, 54]
[88, 123]
[90, 91]
[90, 126]
[90, 125]
[91, 126]
[95, 131]
[95, 130]
[99, 100]
[99, 65]
[99, 135]
[100, 101]
[100, 136]
[100, 135]
[101, 67]
[101, 136]
[103, 104]
[106, 107]
[106, 72]
[106, 142]
[107, 142]
[110, 111]
[110, 76]
[110, 145]
[111, 147]
[114, 80]
[114, 149]
[116, 82]
[118, 84]
[118, 154]
[120, 156]
[120, 155]
[125, 126]
[125, 91]
[125, 161]
[125, 160]
[126, 162]
[126, 161]
[130, 131]
[130, 165]
[131, 132]
[131, 167]
[132, 133]
[132, 168]
[132, 167]
[133, 99]
[133, 169]
[133, 168]
[135, 136]
[135, 101]
[135, 171]
[135, 170]
[136, 171]
[140, 106]
[140, 175]
[142, 177]
[145, 111]
[145, 181]
[147, 148]
[147, 183]
[148, 149]
[148, 114]
[148, 183]
[149, 185]
[154, 155]
[154, 120]
[154, 190]
[155, 156]
[155, 191]
[155, 190]
[156, 191]
[160, 161]
[160, 126]
[160, 196]
[161, 162]
[161, 197]
[161, 196]
[162, 197]
[164, 165]
[164, 130]
[164, 200]
[164, 199]
[165, 131]
[165, 200]
[167, 168]
[167, 133]
[168, 169]
[169, 170]
[169, 135]
[170, 171]
[170, 136]
[171, 207]
[174, 209]
[175, 210]
[177, 213]
[177, 212]
[179, 145]
[179, 215]
[179, 214]
[181, 147]
[181, 216]
[183, 149]
[185, 186]
[186, 222]
[188, 154]
[188, 224]
[188, 223]
[190, 191]
[190, 156]
[190, 226]
[190, 225]
[191, 227]
[191, 226]
[193, 229]
[196, 197]
[196, 162]
[199, 200]
[199, 165]
[200, 236]
[212, 213]
[213, 214]
[213, 179]
[214, 215]
[215, 216]
[215, 181]
[222, 223]
[222, 188]
[223, 224]
[224, 225]
[224, 190]
[225, 226]
[225, 191]
[226, 227]
[227, 193]
