[2, 3]
[2, 38]
[3, 38]
[5, 6]
[5, 41]
[6, 7]
[6, 41]
[7, 8]
[7, 43]
[8, 9]
[8, 44]
[8, 43]
[9, 45]
[9, 44]
[12, 13]
[12, 48]
[13, 14]
[13, 49]
[13, 48]
[14, 50]
[14, 49]
[16, 17]
[17, 18]
[17, 53]
[18, 54]
[18, 53]
[20, 56]
[23, 24]
[23, 58]
[24, 60]
[27, 63]
[27, 62]
[29, 30]
[29, 65]
[29, 64]
[30, 31]
[30, 65]
[31, 32]
[31, 67]
[32, 68]
[32, 67]
[36, 2]
[38, 74]
[41, 7]
[41, 76]
[43, 44]
[43, 9]
[44, 45]
[44, 80]
[45, 81]
[45, 80]
[48, 49]
[48, 14]
[48, 83]
[49, 50]
[49, 85]
[50, 16]
[50, 85]
[53, 54]
[53, 88]
[54, 20]
[54, 90]
[56, 92]
[58, 24]
[58, 94]
[58, 93]
[60, 61]
[60, 95]
[61, 62]
[61, 27]
[62, 63]
[62, 98]
[63, 64]
[63, 29]
[63, 98]
[64, 65]
[64, 30]
[65, 31]
[65, 101]
[67, 68]
[67, 103]
[67, 102]
[68, 69]
[68, 103]
[74, 75]
[74, 110]
[74, 109]
[75, 76]
[75, 41]
[75, 110]
[76, 112]
[80, 81]
[80, 116]
[80, 115]
[81, 117]
[81, 116]
[83, 49]
[83, 119]
[83, 118]
[85, 121]
[87, 88]
[87, 53]
[87, 123]
[88, 54]
[88, 124]
[88, 123]
[90, 56]
[92, 93]
[92, 58]
[93, 94]
[94, 95]
[94, 60]
[95, 61]
[98, 64]
[98, 134]
[98, 133]
[101, 102]
[101, 67]
[101, 137]
[101, 136]
[102, 103]
[102, 68]
[102, 138]
[102, 137]
[103, 69]
[103, 138]
[107, 143]
[107, 142]
[109, 110]
[109, 75]
[110, 76]
[112, 113]
[113, 114]
[113, 149]
[114, 115]
[114, 80]
[114, 149]
[115, 116]
[115, 81]
[116, 117]
[117, 118]
[117, 83]
[117, 153]
[118, 119]
[118, 154]
[118, 153]
[119, 85]
[119, 155]
[119, 154]
[121, 87]
[121, 157]
[123, 124]
[124, 90]
[124, 160]
[133, 134]
[133, 169]
[133, 168]
[134, 135]
[134, 170]
[134, 169]
[135, 136]
[135, 101]
[135, 171]
[135, 170]
[136, 137]
[136, 102]
[136, 171]
[137, 138]
[137, 103]
[138, 174]
[142, 143]
[142, 178]
[142, 177]
[143, 109]
[143, 179]
[143, 178]
[149, 115]
[149, 185]
[153, 154]
[153, 119]
[153, 189]
[154, 155]
[154, 189]
[155, 121]
[155, 191]
[157, 123]
[157, 192]
[160, 195]
[163, 164]
[163, 199]
[164, 165]
[164, 199]
[165, 201]
[168, 169]
[168, 134]
[168, 203]
[169, 170]
[169, 135]
[169, 205]
[170, 171]
[170, 136]
[170, 206]
[170, 205]
[171, 137]
[171, 207]
[171, 206]
[175, 211]
[177, 178]
[177, 143]
[177, 213]
[178, 179]
[178, 213]
[179, 180]
[180, 216]
[182, 183]
[182, 218]
[183, 149]
[183, 219]
[183, 218]
[185, 221]
[189, 155]
[191, 192]
[191, 157]
[192, 228]
[194, 195]
[194, 160]
[194, 229]
[195, 231]
[197, 163]
[197, 232]
[199, 165]
[199, 235]
[199, 234]
[203, 169]
[203, 239]
[203, 238]
[205, 206]
[205, 171]
[205, 240]
[206, 207]
[207, 208]
[208, 174]
[208, 244]
[211, 177]
[213, 179]
[216, 182]
[218, 219]
[219, 185]
[221, 222]
[228, 229]
[228, 194]
[229, 195]
[231, 232]
[231, 197]
[234, 235]
[235, 201]
[238, 239]
[239, 240]
[239, 205]
[240, 206]
