[1, 37]
[1, 36]
[3, 4]
[4, 40]
[6, 7]
[6, 42]
[7, 43]
[7, 42]
[11, 47]
[14, 49]
[16, 17]
[17, 53]
[19, 55]
[21, 56]
[30, 31]
[30, 66]
[31, 66]
[35, 36]
[35, 1]
[35, 71]
[35, 70]
[36, 37]
[36, 71]
[37, 3]
[37, 73]
[40, 6]
[40, 76]
[40, 75]
[42, 43]
[43, 9]
[43, 79]
[47, 48]
[47, 82]
[48, 49]
[48, 14]
[53, 19]
[53, 89]
[55, 56]
[55, 21]
[56, 92]
[59, 60]
[59, 94]
[60, 96]
[62, 28]
[70, 71]
[70, 36]
[71, 37]
[71, 107]
[75, 76]
[75, 111]
[76, 42]
[76, 111]
[81, 82]
[81, 47]
[82, 48]
[87, 53]
[87, 123]
[89, 55]
[89, 125]
[94, 60]
[94, 130]
[94, 129]
[96, 62]
[99, 135]
[99, 134]
[107, 73]
[111, 146]
[113, 79]
[123, 89]
[123, 158]
[125, 126]
[126, 92]
[129, 130]
[129, 165]
[129, 164]
[130, 96]
[130, 165]
[133, 134]
[133, 99]
[133, 169]
[133, 168]
[134, 135]
[134, 170]
[134, 169]
[135, 136]
[135, 171]
[135, 170]
[136, 137]
[136, 171]
[137, 138]
[140, 176]
[140, 175]
[146, 182]
[146, 181]
[150, 151]
[150, 186]
[151, 152]
[151, 186]
[156, 192]
[156, 191]
[158, 194]
[158, 193]
[163, 164]
[163, 129]
[164, 165]
[164, 130]
[164, 200]
[165, 201]
[165, 200]
[167, 168]
[167, 133]
[167, 203]
[168, 169]
[168, 134]
[168, 204]
[168, 203]
[169, 170]
[169, 135]
[169, 205]
[169, 204]
[170, 171]
[170, 136]
[170, 206]
[170, 205]
[171, 137]
[171, 206]
[175, 176]
[175, 210]
[176, 177]
[181, 182]
[182, 218]
[186, 152]
[186, 221]
[189, 190]
[189, 224]
[190, 191]
[190, 156]
[191, 192]
[191, 227]
[192, 193]
[192, 158]
[192, 227]
[193, 194]
[196, 197]
[196, 232]
[196, 231]
[197, 163]
[197, 233]
[197, 232]
[200, 201]
[201, 167]
[201, 237]
[203, 204]
[203, 169]
[203, 239]
[203, 238]
[204, 205]
[204, 170]
[204, 240]
[204, 239]
[205, 206]
[205, 171]
[205, 241]
[205, 240]
[206, 241]
[210, 176]
[215, 181]
[220, 221]
[220, 186]
[224, 190]
[227, 193]
[231, 232]
[231, 197]
[232, 233]
[237, 238]
[237, 203]
[238, 239]
[238, 204]
[239, 240]
[239, 205]
[240, 241]
[240, 206]
