[0, 36]
[0, 35]
[4, 5]
[4, 39]
[9, 45]
[9, 44]
[12, 13]
[12, 47]
[20, 21]
[20, 56]
[20, 55]
[21, 22]
[21, 56]
[22, 58]
[25, 26]
[26, 27]
[26, 62]
[27, 28]
[27, 63]
[27, 62]
[28, 63]
[30, 65]
[35, 36]
[36, 37]
[36, 72]
[37, 38]
[37, 73]
[37, 72]
[38, 39]
[38, 4]
[38, 73]
[39, 5]
[43, 44]
[43, 9]
[44, 45]
[45, 46]
[46, 47]
[46, 12]
[47, 13]
[52, 18]
[52, 88]
[55, 56]
[55, 21]
[55, 90]
[56, 22]
[58, 59]
[59, 25]
[59, 95]
[62, 63]
[62, 28]
[62, 98]
[63, 98]
[67, 68]
[72, 73]
[72, 38]
[73, 39]
[76, 112]
[86, 52]
[88, 89]
[88, 123]
[89, 90]
[89, 55]
[89, 125]
[90, 56]
[90, 126]
[90, 125]
[95, 96]
[95, 130]
[96, 62]
[96, 132]
[98, 133]
[106, 72]
[106, 142]
[106, 141]
[112, 147]
[123, 89]
[123, 159]
[125, 126]
[125, 161]
[126, 127]
[126, 162]
[126, 161]
[127, 128]
[127, 163]
[127, 162]
[128, 129]
[128, 163]
[129, 130]
[129, 95]
[130, 96]
[132, 133]
[132, 98]
[136, 171]
[138, 174]
[141, 142]
[141, 176]
[151, 152]
[152, 153]
[152, 188]
[153, 154]
[153, 189]
[153, 188]
[154, 190]
[154, 189]
[159, 125]
[159, 194]
[161, 162]
[161, 127]
[161, 197]
[162, 163]
[162, 128]
[162, 197]
[163, 129]
[163, 199]
[171, 206]
[174, 209]
[175, 176]
[175, 141]
[175, 211]
[176, 142]
[176, 212]
[176, 211]
[184, 185]
[185, 151]
[188, 189]
[188, 154]
[188, 223]
[189, 190]
[192, 228]
[194, 230]
[197, 163]
[197, 232]
[199, 200]
[211, 212]
[223, 189]
[228, 194]
[243, 209]
