[1, 37]
[1, 36]
[3, 4]
[4, 5]
[4, 40]
[5, 41]
[5, 40]
[7, 43]
[7, 42]
[15, 16]
[15, 50]
[16, 17]
[16, 52]
[17, 53]
[17, 52]
[20, 21]
[20, 56]
[20, 55]
[21, 57]
[21, 56]
[26, 27]
[26, 61]
[27, 28]
[28, 29]
[32, 67]
[35, 36]
[35, 1]
[35, 70]
[36, 37]
[36, 72]
[37, 3]
[37, 72]
[40, 41]
[40, 75]
[41, 42]
[41, 7]
[42, 43]
[48, 84]
[48, 83]
[50, 16]
[52, 53]
[55, 56]
[55, 21]
[55, 91]
[56, 57]
[56, 92]
[56, 91]
[57, 92]
[59, 60]
[59, 95]
[60, 61]
[60, 26]
[60, 96]
[60, 95]
[61, 27]
[61, 96]
[67, 103]
[70, 36]
[75, 41]
[75, 110]
[81, 117]
[81, 116]
[83, 84]
[83, 119]
[84, 50]
[84, 120]
[84, 119]
[91, 92]
[91, 57]
[91, 126]
[92, 128]
[95, 96]
[95, 61]
[95, 131]
[96, 131]
[98, 99]
[99, 100]
[100, 101]
[101, 67]
[101, 137]
[103, 69]
[109, 110]
[109, 75]
[109, 145]
[109, 144]
[110, 146]
[110, 145]
[113, 114]
[113, 149]
[114, 149]
[116, 117]
[116, 152]
[117, 83]
[117, 152]
[119, 120]
[120, 121]
[121, 157]
[123, 159]
[126, 92]
[126, 162]
[126, 161]
[128, 129]
[128, 163]
[129, 95]
[131, 167]
[131, 166]
[137, 103]
[137, 172]
[142, 178]
[144, 145]
[144, 110]
[145, 146]
[146, 147]
[146, 182]
[147, 113]
[147, 182]
[149, 185]
[149, 184]
[157, 123]
[159, 160]
[159, 195]
[159, 194]
[160, 161]
[160, 126]
[160, 195]
[161, 162]
[162, 163]
[162, 128]
[163, 129]
[166, 167]
[170, 171]
[170, 206]
[171, 172]
[171, 137]
[171, 206]
[172, 208]
[178, 144]
[184, 185]
[184, 220]
[185, 186]
[185, 221]
[185, 220]
[186, 152]
[186, 222]
[186, 221]
[194, 195]
[194, 160]
[195, 161]
[200, 166]
[200, 236]
[206, 172]
[206, 242]
[206, 241]
[220, 221]
[220, 186]
[221, 222]
[224, 190]
[236, 237]
[237, 238]
[238, 239]
[241, 242]
[242, 208]
