[0, 36]
[0, 35]
[3, 4]
[4, 5]
[9, 45]
[9, 44]
[12, 13]
[12, 48]
[12, 47]
[13, 14]
[13, 48]
[17, 53]
[17, 52]
[21, 22]
[21, 56]
[22, 23]
[23, 24]
[23, 59]
[24, 25]
[24, 59]
[25, 26]
[26, 62]
[28, 64]
[30, 31]
[30, 65]
[31, 32]
[32, 68]
[34, 69]
[35, 36]
[35, 70]
[36, 37]
[37, 3]
[44, 45]
[44, 80]
[45, 81]
[45, 80]
[47, 48]
[47, 13]
[47, 83]
[47, 82]
[48, 14]
[48, 84]
[48, 83]
[51, 52]
[51, 17]
[51, 86]
[52, 53]
[52, 88]
[53, 19]
[53, 89]
[53, 88]
[56, 22]
[56, 92]
[56, 91]
[59, 25]
[59, 95]
[62, 28]
[62, 97]
[64, 65]
[64, 30]
[64, 100]
[64, 99]
[65, 31]
[65, 101]
[65, 100]
[68, 69]
[68, 34]
[68, 104]
[69, 104]
[70, 36]
[70, 106]
[70, 105]
[75, 111]
[80, 81]
[80, 116]
[81, 82]
[81, 47]
[81, 116]
[82, 83]
[82, 48]
[83, 84]
[84, 120]
[86, 52]
[86, 122]
[86, 121]
[88, 89]
[89, 90]
[89, 125]
[90, 91]
[90, 56]
[90, 126]
[90, 125]
[91, 92]
[91, 127]
[91, 126]
[92, 128]
[92, 127]
[95, 96]
[95, 131]
[95, 130]
[96, 97]
[96, 62]
[96, 132]
[96, 131]
[97, 132]
[99, 100]
[99, 65]
[99, 134]
[100, 101]
[101, 102]
[101, 137]
[102, 68]
[102, 138]
[102, 137]
[105, 106]
[105, 140]
[108, 143]
[111, 112]
[111, 146]
[116, 82]
[116, 151]
[120, 121]
[120, 86]
[120, 156]
[120, 155]
[121, 122]
[121, 156]
[122, 88]
[125, 126]
[125, 91]
[125, 161]
[126, 127]
[126, 92]
[126, 162]
[126, 161]
[127, 128]
[127, 162]
[128, 129]
[129, 130]
[129, 95]
[129, 165]
[130, 131]
[130, 96]
[130, 166]
[130, 165]
[131, 132]
[131, 97]
[131, 167]
[131, 166]
[132, 168]
[132, 167]
[134, 100]
[134, 170]
[137, 138]
[137, 173]
[137, 172]
[138, 104]
[138, 173]
[140, 106]
[140, 176]
[140, 175]
[143, 179]
[145, 146]
[145, 111]
[145, 181]
[145, 180]
[146, 112]
[146, 182]
[146, 181]
[150, 151]
[150, 116]
[150, 186]
[150, 185]
[151, 186]
[155, 156]
[155, 121]
[155, 191]
[156, 122]
[156, 191]
[159, 125]
[159, 195]
[159, 194]
[161, 162]
[161, 127]
[161, 197]
[161, 196]
[162, 128]
[162, 198]
[162, 197]
[165, 166]
[165, 131]
[165, 201]
[165, 200]
[166, 167]
[166, 132]
[166, 201]
[167, 168]
[167, 203]
[168, 134]
[168, 204]
[168, 203]
[170, 171]
[170, 206]
[171, 172]
[171, 137]
[171, 207]
[171, 206]
[172, 173]
[172, 138]
[172, 207]
[175, 176]
[175, 210]
[179, 180]
[179, 145]
[179, 214]
[180, 181]
[180, 146]
[180, 216]
[181, 182]
[181, 216]
[184, 185]
[184, 150]
[185, 186]
[185, 151]
[185, 221]
[186, 222]
[186, 221]
[191, 227]
[191, 226]
[193, 194]
[193, 159]
[193, 228]
[194, 195]
[195, 196]
[195, 161]
[195, 231]
[196, 197]
[196, 162]
[196, 232]
[196, 231]
[197, 198]
[197, 232]
[198, 234]
[200, 201]
[200, 166]
[200, 236]
[200, 235]
[201, 167]
[201, 236]
[203, 204]
[203, 239]
[204, 170]
[204, 239]
[206, 207]
[206, 172]
[206, 242]
[206, 241]
[207, 173]
[207, 242]
[210, 176]
[213, 214]
[213, 179]
[214, 180]
[216, 182]
[221, 222]
[222, 223]
[225, 226]
[225, 191]
[226, 227]
[227, 228]
[227, 193]
[228, 194]
[231, 232]
[231, 197]
[232, 198]
[234, 235]
[234, 200]
[235, 236]
[235, 201]
[241, 242]
[241, 207]
