[2, 3]
[2, 37]
[3, 4]
[3, 39]
[4, 5]
[4, 39]
[5, 6]
[5, 41]
[6, 7]
[6, 42]
[6, 41]
[7, 8]
[7, 42]
[8, 9]
[9, 45]
[12, 13]
[18, 19]
[18, 54]
[18, 53]
[19, 20]
[19, 54]
[20, 21]
[21, 22]
[21, 57]
[22, 23]
[22, 58]
[22, 57]
[23, 24]
[23, 58]
[24, 60]
[32, 33]
[33, 69]
[36, 37]
[36, 2]
[36, 72]
[36, 71]
[37, 3]
[37, 72]
[39, 5]
[39, 75]
[41, 42]
[41, 7]
[42, 8]
[42, 78]
[45, 46]
[45, 80]
[46, 12]
[46, 82]
[53, 54]
[53, 19]
[54, 20]
[57, 58]
[57, 23]
[58, 24]
[60, 26]
[60, 96]
[63, 64]
[63, 98]
[64, 100]
[70, 71]
[70, 36]
[70, 106]
[71, 72]
[71, 37]
[71, 107]
[71, 106]
[72, 108]
[72, 107]
[75, 41]
[75, 110]
[78, 79]
[79, 80]
[79, 45]
[80, 46]
[82, 118]
[82, 117]
[86, 122]
[96, 97]
[96, 131]
[97, 98]
[97, 63]
[97, 133]
[98, 64]
[98, 134]
[98, 133]
[103, 69]
[103, 138]
[106, 107]
[106, 72]
[106, 142]
[107, 108]
[107, 142]
[108, 109]
[109, 110]
[109, 75]
[110, 146]
[117, 118]
[117, 153]
[118, 119]
[118, 153]
[119, 155]
[122, 123]
[122, 158]
[122, 157]
[123, 159]
[123, 158]
[126, 127]
[126, 162]
[127, 128]
[127, 162]
[130, 131]
[130, 96]
[130, 165]
[131, 97]
[131, 167]
[133, 134]
[133, 169]
[134, 100]
[134, 169]
[138, 174]
[138, 173]
[142, 108]
[146, 182]
[146, 181]
[148, 184]
[148, 183]
[151, 117]
[151, 187]
[151, 186]
[153, 119]
[153, 188]
[155, 156]
[156, 157]
[156, 122]
[156, 192]
[157, 158]
[157, 123]
[157, 192]
[158, 159]
[162, 128]
[165, 131]
[165, 201]
[167, 133]
[167, 203]
[169, 205]
[169, 204]
[172, 173]
[172, 138]
[172, 207]
[173, 174]
[175, 176]
[175, 211]
[175, 210]
[176, 142]
[176, 211]
[179, 215]
[179, 214]
[181, 182]
[181, 217]
[182, 183]
[182, 148]
[182, 218]
[182, 217]
[183, 184]
[183, 218]
[184, 185]
[184, 220]
[185, 186]
[185, 151]
[185, 221]
[185, 220]
[186, 187]
[186, 221]
[187, 188]
[187, 153]
[188, 224]
[192, 158]
[192, 227]
[199, 165]
[201, 167]
[201, 237]
[203, 204]
[203, 169]
[203, 239]
[204, 205]
[204, 240]
[204, 239]
[205, 241]
[205, 240]
[207, 173]
[207, 242]
[210, 211]
[210, 176]
[214, 215]
[215, 181]
[217, 218]
[217, 183]
[218, 184]
[220, 221]
[220, 186]
[221, 187]
[224, 225]
[229, 230]
[230, 231]
[233, 199]
[237, 203]
[239, 240]
[239, 205]
[240, 241]
[241, 242]
[241, 207]
