[0, 1]
[0, 35]
[7, 8]
[16, 51]
[18, 54]
[21, 57]
[24, 25]
[24, 60]
[24, 59]
[25, 26]
[25, 60]
[26, 62]
[28, 63]
[30, 31]
[31, 32]
[31, 67]
[32, 33]
[32, 68]
[32, 67]
[33, 68]
[35, 1]
[35, 70]
[39, 5]
[50, 51]
[50, 16]
[50, 86]
[50, 85]
[51, 87]
[51, 86]
[54, 90]
[57, 92]
[59, 60]
[59, 25]
[59, 95]
[60, 26]
[60, 96]
[60, 95]
[62, 63]
[62, 28]
[67, 68]
[67, 33]
[70, 106]
[72, 108]
[79, 80]
[82, 83]
[82, 117]
[83, 119]
[85, 86]
[85, 51]
[85, 120]
[86, 87]
[90, 125]
[92, 128]
[95, 96]
[95, 131]
[96, 62]
[96, 132]
[96, 131]
[106, 72]
[113, 79]
[113, 148]
[117, 83]
[117, 153]
[117, 152]
[119, 120]
[119, 85]
[119, 155]
[120, 86]
[120, 155]
[131, 132]
[131, 166]
[132, 168]
[138, 139]
[138, 174]
[139, 174]
[145, 180]
[148, 184]
[151, 152]
[151, 117]
[152, 153]
[153, 119]
[155, 191]
[157, 193]
[157, 192]
[166, 132]
[166, 202]
[170, 171]
[171, 172]
[172, 138]
[172, 208]
[175, 210]
[179, 180]
[179, 145]
[180, 216]
[182, 148]
[182, 218]
[182, 217]
[184, 185]
[184, 220]
[185, 151]
[185, 220]
[191, 192]
[191, 157]
[191, 226]
[192, 193]
[193, 194]
[193, 229]
[194, 229]
[197, 198]
[197, 233]
[197, 232]
[198, 234]
[198, 233]
[202, 168]
[202, 238]
[208, 174]
[216, 217]
[216, 182]
[217, 218]
[218, 184]
[226, 192]
[232, 233]
[232, 198]
[233, 234]
[238, 239]
