[0, 36]
[0, 35]
[5, 41]
[5, 40]
[9, 10]
[9, 44]
[10, 11]
[11, 12]
[15, 50]
[21, 22]
[21, 56]
[22, 23]
[22, 58]
[23, 58]
[33, 34]
[33, 68]
[35, 36]
[40, 41]
[40, 75]
[41, 42]
[41, 77]
[42, 43]
[42, 77]
[43, 44]
[43, 9]
[43, 79]
[44, 10]
[44, 79]
[50, 86]
[56, 22]
[56, 92]
[56, 91]
[64, 100]
[64, 99]
[67, 68]
[67, 33]
[67, 103]
[67, 102]
[68, 34]
[68, 103]
[75, 41]
[75, 110]
[77, 43]
[81, 82]
[81, 117]
[82, 117]
[86, 121]
[88, 89]
[89, 90]
[89, 125]
[90, 91]
[90, 56]
[90, 126]
[90, 125]
[91, 92]
[91, 126]
[92, 58]
[92, 128]
[96, 97]
[96, 132]
[96, 131]
[97, 132]
[99, 100]
[99, 135]
[100, 135]
[102, 103]
[102, 68]
[102, 138]
[102, 137]
[103, 138]
[105, 106]
[105, 140]
[106, 107]
[106, 142]
[107, 143]
[107, 142]
[109, 110]
[109, 75]
[109, 144]
[119, 120]
[119, 155]
[120, 121]
[120, 86]
[120, 155]
[121, 157]
[125, 126]
[125, 91]
[125, 161]
[125, 160]
[126, 92]
[126, 162]
[126, 161]
[128, 164]
[128, 163]
[131, 132]
[131, 97]
[135, 170]
[137, 138]
[137, 103]
[137, 172]
[140, 106]
[140, 176]
[140, 175]
[142, 143]
[142, 178]
[142, 177]
[143, 144]
[143, 109]
[143, 178]
[144, 110]
[144, 180]
[150, 186]
[155, 121]
[157, 158]
[157, 193]
[158, 159]
[158, 194]
[158, 193]
[159, 160]
[159, 125]
[159, 194]
[160, 161]
[160, 126]
[161, 162]
[161, 197]
[162, 163]
[162, 128]
[162, 197]
[163, 164]
[164, 200]
[170, 206]
[172, 138]
[172, 208]
[175, 176]
[176, 177]
[176, 142]
[176, 212]
[177, 178]
[177, 143]
[177, 212]
[178, 144]
[178, 214]
[180, 216]
[180, 215]
[182, 218]
[184, 150]
[184, 219]
[186, 222]
[193, 194]
[193, 159]
[194, 160]
[194, 230]
[197, 163]
[197, 232]
[204, 170]
[206, 172]
[206, 242]
[208, 209]
[212, 178]
[214, 215]
[214, 180]
[215, 216]
[216, 182]
[218, 219]
[218, 184]
[222, 223]
[223, 224]
[227, 193]
[238, 204]
[242, 208]
