[0, 36]
[0, 35]
[2, 3]
[2, 38]
[3, 39]
[3, 38]
[5, 40]
[7, 8]
[7, 43]
[8, 43]
[14, 15]
[14, 50]
[14, 49]
[15, 51]
[15, 50]
[17, 18]
[17, 53]
[18, 19]
[18, 54]
[18, 53]
[19, 54]
[21, 56]
[27, 63]
[27, 62]
[29, 65]
[32, 68]
[32, 67]
[34, 69]
[35, 36]
[35, 71]
[36, 2]
[36, 72]
[36, 71]
[38, 39]
[39, 40]
[39, 5]
[40, 76]
[43, 79]
[49, 50]
[49, 15]
[49, 85]
[50, 51]
[50, 85]
[51, 17]
[51, 87]
[53, 54]
[53, 19]
[53, 89]
[54, 90]
[54, 89]
[56, 91]
[58, 93]
[61, 62]
[61, 27]
[61, 96]
[62, 63]
[62, 98]
[63, 29]
[63, 98]
[65, 66]
[65, 100]
[66, 67]
[66, 32]
[66, 102]
[67, 68]
[67, 102]
[68, 69]
[68, 34]
[68, 104]
[69, 104]
[71, 72]
[72, 38]
[79, 80]
[80, 81]
[81, 82]
[85, 51]
[85, 121]
[85, 120]
[87, 53]
[89, 90]
[89, 124]
[90, 91]
[90, 56]
[90, 126]
[91, 126]
[93, 128]
[95, 96]
[95, 61]
[95, 131]
[96, 62]
[96, 132]
[96, 131]
[98, 133]
[100, 66]
[100, 135]
[102, 68]
[102, 138]
[113, 79]
[113, 148]
[119, 120]
[119, 85]
[119, 155]
[119, 154]
[120, 121]
[120, 155]
[121, 87]
[124, 90]
[124, 159]
[126, 162]
[126, 161]
[128, 163]
[131, 132]
[132, 133]
[132, 98]
[138, 104]
[140, 141]
[141, 142]
[141, 177]
[142, 143]
[142, 177]
[145, 146]
[145, 180]
[146, 147]
[146, 182]
[147, 148]
[147, 113]
[147, 182]
[153, 154]
[153, 119]
[153, 189]
[154, 155]
[154, 120]
[154, 189]
[155, 121]
[155, 191]
[159, 195]
[161, 162]
[161, 196]
[162, 163]
[162, 128]
[165, 131]
[165, 201]
[177, 143]
[180, 146]
[182, 148]
[186, 187]
[186, 222]
[186, 221]
[187, 153]
[187, 223]
[187, 222]
[189, 155]
[191, 226]
[195, 196]
[195, 161]
[196, 162]
[196, 232]
[201, 236]
[206, 242]
[206, 241]
[214, 180]
[220, 221]
[220, 186]
[221, 222]
[221, 187]
[222, 223]
[223, 189]
[235, 236]
[235, 201]
[238, 204]
[241, 242]
