[0, 1]
[0, 35]
[4, 5]
[4, 40]
[5, 6]
[5, 40]
[6, 7]
[7, 43]
[12, 47]
[16, 52]
[16, 51]
[19, 55]
[21, 57]
[21, 56]
[26, 61]
[29, 65]
[33, 34]
[33, 68]
[35, 1]
[35, 71]
[35, 70]
[40, 6]
[40, 76]
[43, 9]
[47, 83]
[50, 51]
[50, 16]
[50, 86]
[50, 85]
[51, 52]
[51, 87]
[51, 86]
[52, 88]
[52, 87]
[55, 56]
[55, 21]
[56, 57]
[56, 92]
[57, 92]
[61, 97]
[65, 66]
[65, 101]
[66, 67]
[66, 101]
[67, 68]
[67, 33]
[67, 103]
[68, 34]
[68, 104]
[68, 103]
[70, 71]
[70, 106]
[70, 105]
[71, 106]
[76, 111]
[81, 47]
[81, 116]
[83, 84]
[83, 118]
[84, 85]
[84, 50]
[85, 86]
[85, 51]
[85, 121]
[86, 87]
[86, 52]
[86, 122]
[86, 121]
[87, 88]
[87, 123]
[87, 122]
[88, 89]
[88, 123]
[89, 55]
[89, 125]
[92, 128]
[92, 127]
[95, 61]
[95, 131]
[97, 98]
[101, 67]
[101, 137]
[101, 136]
[103, 104]
[103, 139]
[103, 138]
[104, 139]
[105, 106]
[105, 71]
[105, 140]
[108, 109]
[108, 143]
[109, 145]
[114, 115]
[114, 150]
[115, 116]
[115, 81]
[115, 150]
[116, 152]
[118, 84]
[121, 122]
[121, 87]
[121, 156]
[122, 123]
[122, 88]
[123, 89]
[123, 159]
[125, 126]
[126, 127]
[126, 92]
[126, 162]
[127, 128]
[127, 162]
[128, 129]
[129, 95]
[129, 165]
[131, 97]
[136, 137]
[137, 138]
[137, 103]
[137, 173]
[138, 139]
[138, 104]
[138, 173]
[140, 106]
[143, 109]
[143, 178]
[145, 111]
[145, 181]
[150, 116]
[150, 186]
[150, 185]
[152, 118]
[152, 188]
[156, 122]
[156, 192]
[159, 125]
[159, 195]
[159, 194]
[162, 128]
[165, 131]
[169, 204]
[173, 139]
[173, 209]
[181, 182]
[184, 185]
[184, 150]
[184, 219]
[185, 186]
[185, 221]
[186, 152]
[186, 221]
[188, 224]
[188, 223]
[190, 156]
[192, 193]
[192, 227]
[193, 194]
[193, 159]
[194, 195]
[194, 230]
[195, 196]
[195, 231]
[195, 230]
[196, 162]
[196, 232]
[196, 231]
[204, 240]
[204, 239]
[207, 173]
[207, 243]
[209, 244]
[219, 185]
[223, 224]
[224, 190]
[227, 193]
[230, 231]
[230, 196]
[231, 232]
[232, 233]
[239, 240]
[243, 244]
[243, 209]
