[2, 38]
[2, 37]
[5, 41]
[5, 40]
[8, 9]
[8, 44]
[9, 45]
[9, 44]
[12, 13]
[12, 48]
[13, 48]
[15, 16]
[15, 51]
[16, 51]
[19, 55]
[19, 54]
[22, 58]
[26, 27]
[26, 62]
[26, 61]
[27, 28]
[27, 62]
[28, 29]
[29, 30]
[30, 31]
[30, 66]
[31, 67]
[31, 66]
[33, 34]
[36, 37]
[36, 2]
[36, 72]
[36, 71]
[37, 38]
[37, 72]
[38, 39]
[39, 40]
[39, 5]
[39, 75]
[40, 41]
[40, 76]
[40, 75]
[41, 76]
[44, 45]
[44, 80]
[44, 79]
[45, 81]
[45, 80]
[48, 83]
[51, 87]
[51, 86]
[53, 54]
[53, 19]
[53, 89]
[54, 55]
[54, 90]
[54, 89]
[55, 91]
[55, 90]
[58, 59]
[58, 94]
[58, 93]
[59, 60]
[59, 95]
[59, 94]
[60, 61]
[60, 26]
[60, 96]
[60, 95]
[61, 62]
[61, 27]
[61, 97]
[61, 96]
[62, 28]
[62, 98]
[62, 97]
[66, 67]
[66, 102]
[67, 33]
[67, 103]
[67, 102]
[70, 71]
[70, 36]
[71, 72]
[71, 37]
[71, 107]
[72, 38]
[72, 108]
[72, 107]
[75, 76]
[75, 41]
[75, 111]
[75, 110]
[76, 112]
[76, 111]
[78, 79]
[78, 44]
[78, 114]
[79, 80]
[79, 45]
[79, 114]
[80, 81]
[80, 116]
[81, 82]
[81, 117]
[81, 116]
[82, 83]
[82, 48]
[82, 118]
[82, 117]
[83, 119]
[83, 118]
[86, 87]
[86, 122]
[86, 121]
[87, 53]
[87, 122]
[89, 90]
[89, 55]
[89, 125]
[90, 91]
[90, 125]
[93, 94]
[93, 59]
[93, 129]
[94, 95]
[94, 60]
[94, 130]
[94, 129]
[95, 96]
[95, 61]
[95, 131]
[95, 130]
[96, 97]
[96, 62]
[96, 131]
[97, 98]
[98, 134]
[102, 103]
[107, 108]
[107, 143]
[108, 144]
[108, 143]
[110, 111]
[110, 76]
[110, 146]
[110, 145]
[111, 112]
[111, 147]
[111, 146]
[112, 78]
[112, 147]
[114, 80]
[114, 149]
[116, 117]
[116, 82]
[116, 152]
[116, 151]
[117, 118]
[117, 83]
[117, 153]
[117, 152]
[118, 119]
[118, 153]
[119, 120]
[120, 121]
[120, 86]
[121, 122]
[121, 87]
[125, 91]
[125, 160]
[129, 130]
[129, 95]
[129, 165]
[129, 164]
[130, 131]
[130, 96]
[130, 166]
[130, 165]
[131, 97]
[131, 167]
[131, 166]
[134, 135]
[135, 136]
[135, 171]
[136, 102]
[136, 171]
[141, 107]
[141, 176]
[143, 144]
[143, 178]
[144, 145]
[144, 110]
[145, 146]
[145, 111]
[145, 181]
[146, 147]
[146, 112]
[146, 182]
[146, 181]
[147, 182]
[149, 184]
[151, 152]
[151, 117]
[151, 186]
[152, 153]
[152, 118]
[153, 119]
[153, 189]
[160, 196]
[162, 163]
[162, 197]
[163, 164]
[163, 129]
[163, 199]
[164, 165]
[164, 130]
[164, 200]
[164, 199]
[165, 166]
[165, 131]
[165, 201]
[165, 200]
[166, 167]
[166, 201]
[173, 174]
[173, 208]
[175, 176]
[175, 141]
[175, 210]
[176, 212]
[178, 144]
[181, 182]
[181, 147]
[181, 216]
[182, 218]
[184, 220]
[186, 152]
[186, 222]
[186, 221]
[189, 190]
[190, 191]
[190, 226]
[191, 192]
[191, 226]
[192, 193]
[192, 228]
[193, 194]
[193, 228]
[194, 160]
[194, 230]
[196, 197]
[196, 162]
[197, 163]
[197, 233]
[199, 200]
[199, 165]
[199, 235]
[200, 201]
[200, 166]
[200, 236]
[200, 235]
[201, 167]
[201, 237]
[201, 236]
[204, 205]
[204, 239]
[205, 171]
[208, 174]
[208, 244]
[208, 243]
[210, 176]
[212, 178]
[215, 216]
[215, 181]
[216, 182]
[218, 184]
[220, 221]
[220, 186]
[221, 222]
[226, 192]
[228, 194]
[230, 196]
[233, 199]
[235, 236]
[235, 201]
[236, 237]
[239, 205]
[242, 243]
[242, 208]
[243, 244]
