[1, 2]
[1, 37]
[2, 3]
[2, 37]
[3, 39]
[6, 7]
[7, 8]
[12, 13]
[13, 49]
[16, 51]
[18, 19]
[18, 54]
[18, 53]
[19, 54]
[21, 22]
[21, 56]
[22, 23]
[22, 58]
[23, 59]
[23, 58]
[27, 28]
[27, 62]
[28, 29]
[29, 30]
[29, 65]
[30, 31]
[30, 66]
[30, 65]
[31, 66]
[33, 34]
[33, 69]
[33, 68]
[34, 69]
[35, 1]
[35, 71]
[35, 70]
[37, 3]
[37, 72]
[39, 40]
[39, 74]
[40, 6]
[45, 80]
[49, 84]
[51, 86]
[53, 54]
[53, 19]
[53, 89]
[54, 89]
[56, 22]
[56, 92]
[58, 59]
[59, 60]
[60, 61]
[61, 62]
[61, 27]
[62, 28]
[65, 66]
[65, 31]
[65, 101]
[65, 100]
[66, 101]
[68, 69]
[68, 34]
[68, 103]
[70, 71]
[71, 72]
[71, 37]
[74, 40]
[74, 110]
[74, 109]
[79, 80]
[79, 45]
[79, 115]
[79, 114]
[80, 116]
[80, 115]
[92, 58]
[92, 128]
[99, 100]
[99, 65]
[99, 135]
[99, 134]
[100, 101]
[100, 66]
[100, 135]
[101, 137]
[103, 69]
[103, 139]
[103, 138]
[109, 110]
[109, 145]
[109, 144]
[110, 111]
[110, 145]
[111, 112]
[111, 147]
[112, 113]
[112, 147]
[113, 114]
[113, 79]
[114, 115]
[114, 80]
[115, 116]
[115, 151]
[116, 152]
[116, 151]
[118, 84]
[118, 154]
[123, 89]
[123, 158]
[128, 129]
[128, 164]
[128, 163]
[129, 130]
[129, 164]
[130, 131]
[133, 134]
[133, 99]
[133, 169]
[134, 135]
[134, 100]
[134, 170]
[134, 169]
[135, 101]
[135, 170]
[137, 138]
[137, 103]
[137, 173]
[138, 139]
[138, 174]
[138, 173]
[139, 174]
[144, 145]
[144, 110]
[144, 180]
[144, 179]
[145, 111]
[145, 181]
[145, 180]
[147, 113]
[147, 183]
[147, 182]
[151, 152]
[151, 186]
[152, 118]
[154, 190]
[157, 158]
[157, 123]
[160, 196]
[162, 163]
[162, 128]
[162, 198]
[162, 197]
[163, 164]
[163, 129]
[163, 199]
[163, 198]
[164, 130]
[164, 200]
[164, 199]
[169, 170]
[169, 135]
[169, 205]
[170, 206]
[170, 205]
[173, 174]
[173, 139]
[173, 209]
[173, 208]
[174, 209]
[179, 180]
[179, 145]
[180, 181]
[180, 216]
[181, 182]
[181, 147]
[181, 217]
[181, 216]
[182, 183]
[182, 218]
[182, 217]
[183, 218]
[185, 186]
[185, 151]
[186, 152]
[186, 222]
[190, 191]
[190, 226]
[190, 225]
[191, 157]
[191, 227]
[191, 226]
[196, 197]
[196, 162]
[196, 231]
[197, 198]
[197, 163]
[198, 199]
[198, 164]
[199, 200]
[199, 235]
[200, 201]
[200, 236]
[200, 235]
[201, 202]
[201, 237]
[201, 236]
[202, 203]
[202, 237]
[203, 169]
[203, 239]
[205, 206]
[205, 240]
[208, 209]
[208, 174]
[208, 243]
[216, 217]
[216, 182]
[217, 218]
[217, 183]
[224, 225]
[224, 190]
[225, 226]
[225, 191]
[226, 227]
[229, 230]
[230, 231]
[230, 196]
[231, 197]
[235, 236]
[235, 201]
[236, 237]
[236, 202]
[237, 203]
[239, 240]
[239, 205]
[240, 206]
[243, 209]
