[0, 1]
[0, 36]
[0, 35]
[1, 36]
[4, 5]
[4, 39]
[5, 6]
[6, 42]
[8, 43]
[11, 12]
[11, 47]
[11, 46]
[12, 13]
[12, 48]
[12, 47]
[13, 14]
[13, 48]
[14, 15]
[15, 16]
[15, 51]
[16, 52]
[16, 51]
[21, 57]
[23, 59]
[23, 58]
[27, 62]
[31, 32]
[32, 33]
[32, 68]
[33, 68]
[35, 36]
[35, 1]
[35, 71]
[35, 70]
[36, 71]
[38, 39]
[38, 4]
[38, 74]
[38, 73]
[39, 5]
[39, 75]
[39, 74]
[42, 43]
[42, 8]
[42, 78]
[43, 79]
[43, 78]
[45, 46]
[45, 11]
[45, 81]
[45, 80]
[46, 47]
[46, 12]
[46, 82]
[46, 81]
[47, 48]
[47, 13]
[47, 82]
[48, 14]
[51, 52]
[51, 87]
[52, 53]
[52, 88]
[52, 87]
[53, 54]
[53, 88]
[54, 90]
[57, 58]
[57, 23]
[57, 93]
[58, 59]
[58, 94]
[58, 93]
[59, 95]
[59, 94]
[61, 62]
[61, 27]
[64, 65]
[64, 100]
[65, 31]
[65, 100]
[68, 103]
[70, 71]
[70, 36]
[70, 106]
[70, 105]
[71, 107]
[71, 106]
[73, 74]
[73, 39]
[73, 109]
[74, 75]
[74, 110]
[74, 109]
[75, 76]
[75, 110]
[76, 42]
[78, 79]
[78, 113]
[79, 80]
[79, 45]
[79, 115]
[80, 81]
[80, 46]
[80, 115]
[81, 82]
[81, 47]
[81, 117]
[82, 48]
[82, 117]
[87, 88]
[87, 53]
[87, 123]
[87, 122]
[88, 54]
[88, 123]
[93, 94]
[93, 59]
[93, 128]
[94, 95]
[94, 130]
[95, 61]
[95, 131]
[95, 130]
[100, 136]
[105, 106]
[105, 71]
[105, 141]
[105, 140]
[106, 107]
[106, 142]
[106, 141]
[107, 73]
[107, 143]
[107, 142]
[109, 110]
[109, 75]
[109, 145]
[109, 144]
[110, 76]
[110, 145]
[113, 79]
[113, 149]
[115, 81]
[115, 151]
[119, 154]
[122, 123]
[122, 88]
[123, 159]
[128, 94]
[128, 164]
[128, 163]
[130, 131]
[130, 166]
[131, 132]
[131, 166]
[132, 133]
[133, 169]
[136, 172]
[140, 141]
[140, 106]
[140, 176]
[141, 142]
[141, 107]
[141, 177]
[141, 176]
[142, 143]
[142, 177]
[143, 144]
[143, 109]
[143, 179]
[144, 145]
[144, 110]
[144, 180]
[144, 179]
[145, 181]
[145, 180]
[149, 115]
[149, 184]
[151, 117]
[154, 190]
[154, 189]
[156, 122]
[156, 191]
[159, 195]
[162, 163]
[162, 128]
[163, 164]
[164, 130]
[164, 200]
[166, 132]
[166, 202]
[166, 201]
[169, 170]
[169, 205]
[169, 204]
[170, 136]
[170, 205]
[172, 173]
[173, 174]
[176, 177]
[176, 142]
[176, 212]
[176, 211]
[177, 143]
[177, 212]
[179, 180]
[179, 145]
[179, 215]
[179, 214]
[180, 181]
[180, 216]
[180, 215]
[181, 216]
[188, 189]
[188, 154]
[189, 190]
[189, 225]
[190, 191]
[190, 156]
[190, 225]
[200, 201]
[200, 166]
[200, 235]
[201, 202]
[201, 237]
[202, 203]
[202, 238]
[202, 237]
[203, 204]
[203, 169]
[203, 238]
[204, 205]
[204, 170]
[204, 240]
[205, 240]
[211, 212]
[211, 177]
[214, 215]
[214, 180]
[215, 216]
[215, 181]
[225, 191]
[228, 229]
[229, 195]
[234, 235]
[234, 200]
[235, 201]
[237, 238]
[237, 203]
[238, 204]
