[1, 37]
[1, 36]
[3, 39]
[3, 38]
[5, 41]
[7, 8]
[7, 42]
[8, 44]
[10, 11]
[10, 45]
[14, 15]
[14, 50]
[15, 16]
[15, 51]
[15, 50]
[16, 17]
[16, 52]
[16, 51]
[17, 18]
[17, 53]
[17, 52]
[18, 19]
[18, 53]
[19, 20]
[20, 21]
[20, 56]
[21, 22]
[21, 57]
[21, 56]
[22, 23]
[22, 57]
[25, 26]
[25, 61]
[25, 60]
[26, 27]
[26, 61]
[27, 28]
[27, 63]
[28, 63]
[31, 32]
[31, 67]
[31, 66]
[32, 33]
[32, 67]
[33, 34]
[35, 36]
[35, 1]
[35, 71]
[36, 37]
[36, 71]
[37, 38]
[37, 3]
[38, 39]
[39, 5]
[41, 42]
[41, 7]
[41, 77]
[42, 8]
[42, 78]
[42, 77]
[44, 45]
[44, 10]
[45, 11]
[45, 81]
[48, 14]
[48, 84]
[48, 83]
[50, 51]
[50, 16]
[50, 86]
[51, 52]
[51, 17]
[51, 87]
[51, 86]
[52, 53]
[52, 18]
[52, 88]
[52, 87]
[53, 19]
[53, 89]
[53, 88]
[56, 57]
[56, 22]
[56, 92]
[57, 23]
[57, 92]
[60, 61]
[60, 26]
[60, 95]
[61, 27]
[63, 98]
[65, 66]
[65, 31]
[65, 101]
[65, 100]
[66, 67]
[66, 32]
[66, 102]
[66, 101]
[67, 33]
[67, 103]
[67, 102]
[71, 37]
[71, 107]
[71, 106]
[77, 78]
[77, 113]
[78, 44]
[78, 114]
[78, 113]
[81, 117]
[81, 116]
[83, 84]
[83, 119]
[83, 118]
[84, 50]
[84, 120]
[84, 119]
[86, 87]
[86, 52]
[86, 121]
[87, 88]
[87, 53]
[87, 123]
[88, 89]
[88, 123]
[89, 90]
[90, 56]
[90, 126]
[92, 128]
[92, 127]
[94, 95]
[94, 60]
[94, 129]
[95, 61]
[98, 133]
[100, 101]
[100, 66]
[100, 136]
[101, 102]
[101, 67]
[101, 137]
[101, 136]
[102, 103]
[102, 138]
[102, 137]
[103, 104]
[103, 139]
[103, 138]
[104, 139]
[105, 106]
[105, 71]
[105, 141]
[106, 107]
[106, 142]
[106, 141]
[107, 108]
[107, 143]
[107, 142]
[108, 143]
[111, 77]
[111, 147]
[113, 114]
[114, 115]
[115, 116]
[115, 81]
[115, 151]
[116, 117]
[116, 151]
[117, 118]
[117, 83]
[117, 153]
[118, 119]
[118, 84]
[118, 153]
[119, 120]
[120, 121]
[120, 86]
[121, 87]
[123, 89]
[123, 159]
[123, 158]
[126, 127]
[126, 92]
[126, 162]
[127, 128]
[127, 162]
[128, 129]
[128, 94]
[128, 164]
[129, 95]
[129, 164]
[132, 133]
[132, 98]
[136, 137]
[136, 102]
[137, 138]
[137, 103]
[138, 139]
[138, 104]
[138, 174]
[139, 174]
[141, 142]
[141, 107]
[141, 176]
[142, 143]
[142, 108]
[142, 178]
[143, 179]
[143, 178]
[145, 111]
[147, 113]
[147, 183]
[151, 117]
[151, 187]
[151, 186]
[153, 119]
[153, 188]
[158, 159]
[158, 194]
[159, 194]
[162, 128]
[162, 198]
[162, 197]
[164, 200]
[164, 199]
[170, 136]
[170, 206]
[175, 176]
[175, 141]
[175, 210]
[176, 142]
[176, 212]
[178, 179]
[178, 214]
[179, 145]
[179, 215]
[179, 214]
[183, 184]
[184, 185]
[184, 220]
[185, 186]
[185, 151]
[185, 221]
[185, 220]
[186, 187]
[186, 221]
[187, 188]
[187, 153]
[188, 224]
[190, 226]
[192, 158]
[194, 230]
[197, 198]
[197, 232]
[198, 199]
[198, 164]
[198, 234]
[199, 200]
[199, 234]
[200, 236]
[202, 203]
[203, 204]
[203, 239]
[204, 170]
[204, 239]
[206, 207]
[206, 242]
[206, 241]
[207, 243]
[207, 242]
[210, 176]
[212, 178]
[214, 215]
[220, 221]
[220, 186]
[221, 187]
[224, 190]
[226, 192]
[230, 231]
[231, 232]
[231, 197]
[232, 198]
[234, 200]
[236, 202]
[241, 242]
[241, 207]
[242, 243]
[243, 244]
