[2, 3]
[2, 37]
[5, 6]
[6, 7]
[9, 10]
[9, 45]
[9, 44]
[10, 45]
[13, 49]
[20, 56]
[20, 55]
[25, 26]
[32, 33]
[32, 67]
[33, 34]
[36, 37]
[36, 2]
[36, 71]
[37, 3]
[37, 73]
[44, 45]
[44, 10]
[44, 80]
[45, 80]
[47, 13]
[47, 83]
[47, 82]
[49, 50]
[50, 86]
[55, 56]
[55, 90]
[56, 92]
[59, 25]
[66, 67]
[66, 32]
[66, 102]
[67, 33]
[67, 102]
[71, 37]
[71, 107]
[73, 74]
[73, 108]
[74, 75]
[74, 110]
[75, 76]
[75, 111]
[75, 110]
[76, 77]
[76, 112]
[76, 111]
[77, 113]
[77, 112]
[80, 116]
[80, 115]
[82, 83]
[83, 49]
[83, 119]
[86, 87]
[86, 121]
[89, 90]
[89, 55]
[89, 124]
[90, 56]
[90, 126]
[92, 128]
[97, 98]
[97, 132]
[98, 99]
[99, 100]
[99, 135]
[100, 66]
[100, 136]
[100, 135]
[107, 108]
[107, 73]
[107, 143]
[108, 74]
[108, 144]
[108, 143]
[110, 111]
[110, 76]
[110, 146]
[111, 112]
[111, 77]
[111, 147]
[111, 146]
[112, 113]
[112, 148]
[112, 147]
[113, 114]
[113, 148]
[114, 115]
[114, 80]
[115, 116]
[116, 82]
[119, 120]
[119, 155]
[120, 121]
[120, 86]
[120, 155]
[121, 87]
[121, 157]
[124, 90]
[124, 160]
[126, 92]
[126, 162]
[126, 161]
[128, 164]
[128, 163]
[132, 98]
[135, 136]
[135, 171]
[135, 170]
[136, 102]
[136, 172]
[136, 171]
[141, 107]
[141, 176]
[143, 144]
[143, 178]
[144, 110]
[144, 180]
[146, 147]
[146, 112]
[146, 182]
[147, 148]
[147, 113]
[147, 183]
[147, 182]
[148, 114]
[148, 183]
[155, 121]
[155, 191]
[155, 190]
[157, 193]
[157, 192]
[160, 161]
[160, 126]
[161, 162]
[161, 197]
[162, 163]
[162, 128]
[162, 197]
[163, 164]
[163, 199]
[164, 165]
[164, 200]
[164, 199]
[165, 201]
[165, 200]
[170, 171]
[170, 136]
[170, 205]
[171, 172]
[175, 176]
[175, 141]
[176, 212]
[178, 144]
[178, 214]
[180, 146]
[180, 215]
[182, 183]
[182, 148]
[185, 220]
[187, 188]
[188, 189]
[189, 190]
[189, 155]
[189, 225]
[190, 191]
[190, 226]
[190, 225]
[191, 192]
[191, 157]
[191, 227]
[191, 226]
[192, 193]
[192, 228]
[192, 227]
[193, 194]
[193, 228]
[194, 160]
[194, 230]
[197, 163]
[199, 200]
[199, 165]
[199, 235]
[199, 234]
[200, 201]
[200, 235]
[201, 237]
[205, 171]
[205, 240]
[212, 178]
[214, 215]
[214, 180]
[225, 226]
[225, 191]
[226, 227]
[226, 192]
[227, 228]
[227, 193]
[228, 194]
[230, 231]
[231, 197]
[234, 235]
[234, 200]
[235, 201]
[237, 203]
