[1, 2]
[1, 37]
[2, 3]
[2, 38]
[2, 37]
[3, 38]
[5, 6]
[6, 7]
[7, 8]
[8, 9]
[11, 47]
[11, 46]
[18, 54]
[18, 53]
[20, 56]
[22, 23]
[22, 57]
[23, 59]
[27, 63]
[27, 62]
[37, 38]
[37, 3]
[37, 72]
[46, 47]
[46, 81]
[53, 54]
[54, 20]
[54, 90]
[56, 57]
[56, 22]
[57, 23]
[59, 95]
[61, 62]
[61, 27]
[61, 96]
[62, 63]
[62, 98]
[63, 98]
[68, 104]
[68, 103]
[70, 105]
[72, 38]
[72, 108]
[72, 107]
[75, 76]
[75, 110]
[78, 114]
[81, 47]
[81, 117]
[90, 56]
[90, 126]
[90, 125]
[95, 96]
[95, 61]
[95, 130]
[96, 62]
[98, 134]
[101, 102]
[101, 136]
[102, 103]
[102, 68]
[103, 104]
[103, 139]
[104, 139]
[105, 141]
[105, 140]
[107, 108]
[108, 109]
[108, 144]
[109, 110]
[109, 75]
[109, 144]
[110, 76]
[110, 146]
[114, 115]
[114, 149]
[115, 81]
[115, 151]
[117, 118]
[120, 156]
[120, 155]
[125, 126]
[125, 160]
[129, 130]
[129, 95]
[129, 165]
[130, 96]
[130, 165]
[134, 135]
[135, 136]
[135, 101]
[136, 102]
[140, 141]
[140, 176]
[140, 175]
[141, 107]
[141, 177]
[141, 176]
[144, 110]
[146, 182]
[149, 115]
[149, 185]
[149, 184]
[151, 117]
[151, 187]
[155, 156]
[155, 191]
[156, 122]
[156, 191]
[159, 160]
[159, 125]
[160, 126]
[160, 196]
[163, 129]
[163, 199]
[165, 201]
[165, 200]
[173, 139]
[173, 209]
[173, 208]
[175, 176]
[175, 141]
[175, 210]
[176, 177]
[177, 178]
[178, 144]
[178, 214]
[182, 183]
[182, 218]
[183, 184]
[183, 149]
[183, 218]
[184, 185]
[185, 151]
[187, 188]
[187, 223]
[188, 189]
[188, 223]
[189, 155]
[191, 226]
[193, 159]
[196, 197]
[196, 231]
[197, 163]
[197, 233]
[199, 200]
[199, 165]
[199, 235]
[199, 234]
[200, 201]
[200, 236]
[200, 235]
[201, 237]
[201, 236]
[205, 241]
[205, 240]
[207, 208]
[207, 173]
[208, 209]
[210, 176]
[218, 184]
[223, 189]
[230, 231]
[230, 196]
[231, 197]
[233, 234]
[233, 199]
[234, 235]
[234, 200]
[235, 236]
[235, 201]
[236, 237]
[239, 240]
[239, 205]
[240, 241]
[241, 207]
