[0, 1]
[0, 36]
[0, 35]
[1, 2]
[1, 37]
[1, 36]
[2, 3]
[2, 37]
[3, 39]
[5, 6]
[6, 7]
[6, 42]
[7, 43]
[7, 42]
[11, 47]
[11, 46]
[14, 50]
[17, 18]
[17, 53]
[18, 19]
[18, 54]
[18, 53]
[19, 55]
[19, 54]
[21, 57]
[21, 56]
[24, 25]
[24, 60]
[24, 59]
[25, 26]
[25, 60]
[26, 62]
[33, 69]
[35, 36]
[35, 1]
[35, 71]
[36, 37]
[36, 2]
[36, 71]
[37, 3]
[37, 73]
[39, 5]
[39, 75]
[42, 43]
[42, 78]
[43, 78]
[46, 47]
[46, 82]
[47, 48]
[47, 82]
[48, 14]
[50, 85]
[53, 54]
[53, 19]
[54, 55]
[54, 90]
[55, 56]
[55, 21]
[55, 90]
[56, 57]
[57, 58]
[57, 93]
[58, 59]
[58, 24]
[58, 93]
[59, 60]
[59, 25]
[59, 95]
[60, 26]
[60, 96]
[60, 95]
[62, 63]
[63, 29]
[63, 99]
[67, 33]
[67, 102]
[69, 104]
[71, 37]
[71, 106]
[73, 39]
[73, 108]
[75, 76]
[75, 110]
[76, 42]
[78, 114]
[78, 113]
[82, 48]
[82, 117]
[85, 120]
[90, 56]
[90, 125]
[93, 59]
[95, 96]
[95, 131]
[95, 130]
[96, 62]
[96, 131]
[99, 100]
[99, 135]
[100, 135]
[102, 137]
[104, 139]
[106, 142]
[108, 144]
[108, 143]
[110, 76]
[110, 145]
[113, 114]
[113, 148]
[116, 117]
[116, 82]
[116, 152]
[116, 151]
[117, 153]
[117, 152]
[119, 120]
[119, 85]
[120, 156]
[122, 157]
[125, 160]
[127, 93]
[127, 162]
[130, 131]
[130, 96]
[130, 166]
[130, 165]
[131, 166]
[133, 99]
[139, 174]
[140, 106]
[140, 176]
[140, 175]
[142, 143]
[142, 108]
[142, 177]
[143, 144]
[143, 179]
[144, 145]
[144, 110]
[144, 180]
[144, 179]
[145, 181]
[145, 180]
[148, 114]
[151, 152]
[151, 117]
[151, 187]
[152, 153]
[152, 187]
[153, 119]
[153, 189]
[156, 157]
[156, 122]
[159, 160]
[159, 125]
[159, 195]
[159, 194]
[160, 195]
[162, 198]
[162, 197]
[164, 165]
[164, 130]
[165, 166]
[165, 131]
[166, 202]
[175, 176]
[176, 177]
[176, 142]
[176, 212]
[177, 143]
[177, 213]
[177, 212]
[179, 180]
[179, 145]
[180, 181]
[180, 216]
[181, 216]
[187, 153]
[187, 223]
[187, 222]
[189, 224]
[194, 195]
[194, 160]
[195, 231]
[197, 198]
[197, 233]
[197, 232]
[198, 164]
[198, 234]
[198, 233]
[202, 238]
[202, 237]
[207, 208]
[207, 243]
[208, 174]
[208, 243]
[212, 213]
[213, 179]
[219, 220]
[222, 223]
[223, 224]
[223, 189]
[227, 228]
[228, 194]
[231, 232]
[231, 197]
[232, 233]
[232, 198]
[233, 234]
[237, 238]
