[2, 3]
[2, 38]
[2, 37]
[3, 4]
[3, 39]
[3, 38]
[4, 5]
[4, 40]
[4, 39]
[5, 40]
[8, 43]
[11, 12]
[11, 47]
[11, 46]
[12, 48]
[12, 47]
[15, 16]
[15, 51]
[15, 50]
[16, 17]
[16, 51]
[17, 18]
[18, 19]
[19, 55]
[23, 24]
[23, 59]
[23, 58]
[24, 25]
[24, 59]
[25, 61]
[28, 64]
[28, 63]
[36, 37]
[36, 2]
[36, 71]
[37, 38]
[37, 3]
[37, 73]
[38, 39]
[38, 4]
[38, 74]
[38, 73]
[39, 40]
[39, 5]
[39, 75]
[39, 74]
[40, 76]
[40, 75]
[42, 43]
[42, 8]
[43, 79]
[45, 46]
[45, 11]
[45, 81]
[46, 47]
[46, 12]
[46, 81]
[47, 48]
[47, 83]
[48, 84]
[48, 83]
[50, 51]
[50, 16]
[50, 86]
[51, 17]
[51, 86]
[55, 56]
[55, 91]
[55, 90]
[56, 92]
[56, 91]
[58, 59]
[58, 24]
[58, 94]
[58, 93]
[59, 25]
[59, 95]
[59, 94]
[61, 97]
[61, 96]
[63, 64]
[63, 99]
[63, 98]
[64, 65]
[64, 100]
[64, 99]
[65, 31]
[65, 101]
[65, 100]
[71, 37]
[71, 107]
[71, 106]
[73, 74]
[73, 39]
[73, 109]
[73, 108]
[74, 75]
[74, 40]
[74, 110]
[74, 109]
[75, 76]
[75, 110]
[76, 42]
[76, 112]
[79, 45]
[79, 115]
[81, 47]
[81, 117]
[83, 84]
[83, 119]
[84, 50]
[84, 120]
[84, 119]
[86, 122]
[86, 121]
[88, 123]
[90, 91]
[90, 56]
[90, 126]
[91, 92]
[91, 127]
[91, 126]
[92, 93]
[92, 58]
[92, 128]
[92, 127]
[93, 94]
[93, 59]
[93, 129]
[93, 128]
[94, 95]
[94, 129]
[95, 96]
[95, 61]
[95, 131]
[96, 97]
[96, 132]
[96, 131]
[97, 98]
[97, 63]
[97, 133]
[97, 132]
[98, 99]
[98, 64]
[98, 134]
[98, 133]
[99, 100]
[99, 65]
[99, 135]
[99, 134]
[100, 101]
[100, 136]
[100, 135]
[101, 102]
[101, 137]
[101, 136]
[102, 103]
[102, 138]
[102, 137]
[103, 138]
[106, 107]
[107, 108]
[107, 73]
[108, 109]
[108, 74]
[108, 144]
[109, 110]
[109, 75]
[109, 145]
[109, 144]
[110, 76]
[110, 145]
[112, 148]
[115, 81]
[115, 150]
[117, 83]
[117, 153]
[117, 152]
[119, 120]
[119, 155]
[119, 154]
[120, 121]
[120, 86]
[120, 155]
[121, 122]
[121, 157]
[122, 123]
[122, 88]
[122, 158]
[122, 157]
[123, 158]
[126, 127]
[126, 92]
[126, 161]
[127, 128]
[127, 93]
[128, 129]
[128, 94]
[129, 95]
[131, 132]
[131, 97]
[132, 133]
[132, 98]
[132, 168]
[133, 134]
[133, 99]
[133, 168]
[134, 135]
[134, 100]
[135, 136]
[135, 101]
[136, 137]
[136, 102]
[136, 172]
[137, 138]
[137, 103]
[137, 172]
[138, 174]
[140, 106]
[140, 176]
[140, 175]
[144, 145]
[144, 110]
[144, 180]
[145, 180]
[148, 184]
[148, 183]
[150, 185]
[152, 153]
[153, 154]
[153, 119]
[154, 155]
[154, 120]
[155, 121]
[157, 158]
[157, 123]
[157, 193]
[158, 194]
[158, 193]
[161, 127]
[161, 196]
[168, 134]
[168, 203]
[172, 138]
[172, 207]
[174, 209]
[175, 176]
[175, 211]
[176, 177]
[176, 211]
[180, 216]
[182, 183]
[182, 148]
[182, 218]
[183, 184]
[183, 219]
[183, 218]
[184, 185]
[184, 150]
[184, 219]
[185, 221]
[193, 194]
[193, 228]
[194, 195]
[194, 230]
[195, 196]
[195, 161]
[195, 231]
[195, 230]
[196, 232]
[196, 231]
[200, 201]
[200, 235]
[201, 237]
[203, 239]
[203, 238]
[205, 206]
[206, 207]
[206, 172]
[206, 242]
[207, 243]
[207, 242]
[211, 177]
[216, 182]
[218, 219]
[218, 184]
[219, 185]
[227, 228]
[227, 193]
[228, 194]
[230, 231]
[230, 196]
[231, 232]
[235, 201]
[237, 238]
[237, 203]
[238, 239]
[239, 205]
[242, 243]
[243, 209]
