[0, 36]
[0, 35]
[3, 4]
[3, 39]
[3, 38]
[4, 5]
[4, 39]
[7, 8]
[11, 46]
[16, 17]
[16, 52]
[17, 53]
[17, 52]
[22, 23]
[23, 24]
[27, 28]
[27, 63]
[28, 29]
[28, 64]
[28, 63]
[29, 30]
[29, 65]
[29, 64]
[30, 31]
[30, 65]
[35, 36]
[35, 71]
[35, 70]
[36, 71]
[38, 39]
[38, 4]
[39, 5]
[45, 46]
[45, 11]
[45, 81]
[46, 81]
[50, 16]
[52, 53]
[52, 88]
[52, 87]
[53, 54]
[53, 89]
[53, 88]
[54, 55]
[54, 89]
[55, 56]
[55, 91]
[56, 22]
[56, 91]
[61, 27]
[63, 64]
[63, 29]
[63, 98]
[64, 65]
[64, 30]
[64, 100]
[65, 31]
[65, 100]
[70, 71]
[70, 36]
[71, 107]
[76, 112]
[76, 111]
[78, 113]
[84, 50]
[84, 119]
[87, 88]
[87, 53]
[88, 89]
[88, 54]
[89, 55]
[91, 126]
[95, 61]
[95, 130]
[98, 64]
[98, 133]
[100, 136]
[103, 104]
[107, 143]
[107, 142]
[111, 112]
[111, 147]
[111, 146]
[112, 113]
[112, 78]
[112, 147]
[115, 81]
[115, 150]
[119, 154]
[133, 168]
[136, 137]
[136, 171]
[137, 103]
[137, 173]
[141, 142]
[141, 107]
[141, 177]
[141, 176]
[142, 143]
[142, 177]
[146, 147]
[146, 112]
[146, 181]
[147, 113]
[156, 157]
[156, 191]
[157, 193]
[159, 194]
[171, 137]
[171, 206]
[173, 174]
[173, 208]
[175, 176]
[175, 141]
[175, 211]
[175, 210]
[176, 177]
[176, 142]
[176, 212]
[176, 211]
[177, 143]
[177, 213]
[177, 212]
[181, 147]
[181, 217]
[181, 216]
[191, 157]
[191, 226]
[193, 194]
[193, 159]
[193, 228]
[194, 230]
[198, 233]
[201, 202]
[202, 168]
[205, 206]
[205, 171]
[205, 241]
[206, 242]
[206, 241]
[208, 174]
[208, 244]
[210, 211]
[210, 176]
[211, 212]
[211, 177]
[212, 213]
[213, 214]
[214, 215]
[215, 216]
[215, 181]
[216, 217]
[221, 187]
[224, 225]
[225, 226]
[225, 191]
[228, 194]
[230, 196]
[241, 242]
[242, 208]
