[0, 36]
[0, 35]
[2, 38]
[4, 5]
[5, 41]
[11, 47]
[11, 46]
[13, 49]
[15, 50]
[22, 23]
[22, 58]
[23, 24]
[23, 59]
[23, 58]
[24, 25]
[24, 60]
[24, 59]
[25, 60]
[29, 30]
[30, 66]
[32, 67]
[35, 36]
[36, 2]
[38, 4]
[38, 73]
[45, 46]
[45, 11]
[45, 80]
[46, 47]
[46, 82]
[47, 13]
[47, 82]
[49, 50]
[49, 15]
[49, 84]
[50, 86]
[56, 22]
[56, 92]
[58, 59]
[58, 24]
[58, 93]
[59, 60]
[59, 25]
[59, 95]
[60, 96]
[60, 95]
[63, 29]
[63, 99]
[66, 67]
[66, 32]
[66, 102]
[66, 101]
[67, 103]
[67, 102]
[73, 109]
[75, 41]
[75, 111]
[80, 46]
[82, 117]
[84, 50]
[84, 120]
[86, 87]
[86, 121]
[89, 90]
[89, 125]
[89, 124]
[90, 56]
[90, 125]
[92, 93]
[92, 58]
[92, 128]
[92, 127]
[93, 59]
[93, 128]
[95, 96]
[95, 130]
[96, 132]
[99, 135]
[101, 102]
[101, 67]
[101, 137]
[101, 136]
[102, 103]
[102, 137]
[103, 104]
[103, 139]
[104, 139]
[106, 142]
[109, 75]
[111, 112]
[111, 147]
[112, 147]
[120, 121]
[120, 86]
[120, 156]
[121, 87]
[121, 156]
[124, 125]
[124, 90]
[124, 159]
[127, 128]
[127, 93]
[127, 162]
[130, 96]
[130, 166]
[132, 168]
[135, 136]
[135, 101]
[135, 170]
[136, 137]
[136, 102]
[137, 103]
[137, 173]
[140, 106]
[140, 175]
[147, 182]
[158, 159]
[158, 124]
[158, 193]
[159, 125]
[162, 128]
[162, 198]
[162, 197]
[166, 132]
[166, 201]
[168, 169]
[168, 204]
[168, 203]
[169, 170]
[169, 135]
[169, 204]
[170, 136]
[173, 139]
[175, 210]
[180, 216]
[185, 186]
[186, 187]
[187, 223]
[190, 156]
[190, 226]
[190, 225]
[193, 159]
[193, 229]
[193, 228]
[196, 197]
[196, 162]
[196, 231]
[197, 198]
[197, 233]
[198, 199]
[198, 234]
[198, 233]
[199, 235]
[199, 234]
[203, 204]
[203, 169]
[204, 170]
[207, 173]
[216, 182]
[219, 185]
[225, 226]
[228, 229]
[229, 230]
[230, 231]
[230, 196]
[231, 197]
[233, 234]
[233, 199]
[234, 235]
[235, 201]
