[8, 9]
[8, 44]
[8, 43]
[9, 10]
[9, 44]
[10, 46]
[15, 16]
[15, 50]
[19, 20]
[19, 55]
[19, 54]
[20, 55]
[30, 65]
[32, 68]
[32, 67]
[37, 38]
[38, 39]
[39, 5]
[42, 43]
[42, 8]
[42, 78]
[43, 44]
[43, 9]
[43, 79]
[43, 78]
[44, 10]
[44, 80]
[44, 79]
[46, 82]
[48, 49]
[48, 83]
[49, 50]
[49, 15]
[50, 16]
[54, 55]
[54, 20]
[54, 90]
[55, 90]
[62, 63]
[62, 97]
[63, 99]
[65, 101]
[65, 100]
[67, 68]
[67, 103]
[68, 34]
[68, 104]
[68, 103]
[70, 106]
[70, 105]
[78, 79]
[78, 44]
[78, 114]
[78, 113]
[79, 80]
[79, 115]
[79, 114]
[80, 46]
[80, 115]
[82, 83]
[82, 48]
[83, 49]
[90, 125]
[92, 127]
[94, 130]
[94, 129]
[97, 63]
[97, 133]
[97, 132]
[99, 100]
[99, 65]
[99, 135]
[99, 134]
[100, 101]
[100, 136]
[100, 135]
[101, 67]
[101, 137]
[101, 136]
[103, 104]
[103, 139]
[104, 139]
[105, 106]
[105, 141]
[106, 107]
[106, 141]
[107, 108]
[108, 109]
[109, 110]
[112, 113]
[112, 78]
[112, 148]
[113, 114]
[113, 79]
[113, 148]
[114, 115]
[114, 80]
[120, 121]
[120, 155]
[123, 159]
[123, 158]
[129, 130]
[130, 131]
[131, 132]
[131, 97]
[131, 167]
[132, 133]
[132, 167]
[133, 134]
[133, 99]
[133, 169]
[134, 135]
[134, 100]
[134, 170]
[134, 169]
[135, 136]
[135, 101]
[135, 170]
[136, 137]
[136, 172]
[137, 103]
[137, 172]
[139, 174]
[141, 107]
[148, 114]
[148, 184]
[148, 183]
[152, 153]
[152, 187]
[153, 189]
[155, 121]
[155, 190]
[158, 159]
[158, 193]
[159, 125]
[167, 133]
[169, 170]
[169, 135]
[170, 136]
[170, 206]
[172, 207]
[175, 141]
[183, 184]
[183, 218]
[184, 185]
[184, 220]
[185, 186]
[185, 220]
[186, 187]
[186, 152]
[187, 153]
[189, 190]
[189, 155]
[189, 225]
[190, 225]
[192, 193]
[192, 158]
[192, 227]
[193, 159]
[196, 232]
[198, 233]
[206, 207]
[206, 172]
[218, 184]
[220, 186]
[227, 193]
[230, 196]
[232, 233]
[232, 198]
[235, 236]
[238, 239]
