[0, 1]
[0, 35]
[1, 37]
[4, 5]
[5, 41]
[8, 43]
[10, 11]
[10, 45]
[11, 12]
[12, 48]
[17, 18]
[17, 53]
[18, 53]
[20, 56]
[22, 58]
[31, 32]
[31, 66]
[32, 33]
[33, 34]
[35, 1]
[35, 70]
[41, 42]
[41, 76]
[42, 43]
[42, 8]
[45, 11]
[53, 89]
[56, 22]
[56, 92]
[56, 91]
[58, 94]
[58, 93]
[61, 97]
[66, 32]
[74, 75]
[74, 109]
[75, 76]
[75, 41]
[76, 42]
[76, 112]
[91, 92]
[91, 127]
[92, 93]
[92, 58]
[92, 128]
[92, 127]
[93, 94]
[93, 128]
[97, 98]
[97, 132]
[107, 108]
[107, 143]
[108, 109]
[108, 74]
[108, 144]
[108, 143]
[109, 75]
[109, 145]
[109, 144]
[112, 113]
[112, 148]
[113, 148]
[119, 85]
[119, 155]
[127, 128]
[127, 93]
[128, 94]
[132, 98]
[141, 107]
[143, 144]
[143, 109]
[144, 145]
[144, 180]
[145, 146]
[145, 180]
[146, 112]
[146, 182]
[148, 184]
[150, 151]
[151, 117]
[155, 191]
[155, 190]
[157, 158]
[157, 192]
[158, 194]
[169, 170]
[170, 206]
[173, 209]
[180, 146]
[180, 215]
[182, 148]
[184, 150]
[190, 191]
[191, 192]
[191, 157]
[192, 158]
[194, 195]
[194, 230]
[195, 230]
[199, 234]
[203, 169]
[203, 238]
[206, 207]
[207, 173]
[240, 206]
