[6, 42]
[6, 41]
[10, 46]
[10, 45]
[14, 15]
[15, 16]
[16, 52]
[20, 55]
[24, 25]
[25, 61]
[35, 36]
[35, 71]
[35, 70]
[36, 37]
[36, 72]
[36, 71]
[37, 38]
[37, 72]
[41, 42]
[41, 77]
[41, 76]
[42, 77]
[44, 45]
[44, 10]
[45, 46]
[45, 81]
[46, 47]
[46, 81]
[47, 83]
[52, 53]
[53, 54]
[54, 55]
[54, 20]
[54, 90]
[55, 91]
[55, 90]
[61, 62]
[61, 97]
[61, 96]
[62, 97]
[70, 71]
[70, 36]
[70, 106]
[70, 105]
[71, 72]
[71, 37]
[71, 106]
[72, 38]
[76, 77]
[76, 42]
[76, 111]
[77, 113]
[81, 47]
[81, 116]
[83, 84]
[83, 118]
[84, 85]
[90, 91]
[90, 125]
[91, 127]
[95, 96]
[95, 61]
[95, 130]
[96, 97]
[96, 62]
[99, 100]
[100, 101]
[100, 136]
[101, 136]
[105, 106]
[105, 71]
[105, 141]
[106, 72]
[106, 141]
[110, 111]
[110, 76]
[111, 77]
[113, 114]
[114, 115]
[114, 150]
[115, 116]
[115, 81]
[115, 151]
[115, 150]
[116, 151]
[118, 84]
[118, 154]
[118, 153]
[122, 123]
[122, 158]
[123, 124]
[123, 159]
[123, 158]
[124, 125]
[124, 90]
[124, 159]
[125, 91]
[125, 161]
[130, 96]
[130, 165]
[136, 171]
[138, 173]
[150, 151]
[150, 116]
[153, 154]
[153, 189]
[154, 155]
[154, 189]
[158, 159]
[158, 124]
[158, 193]
[159, 125]
[161, 127]
[164, 165]
[164, 130]
[164, 199]
[168, 169]
[168, 203]
[169, 205]
[171, 207]
[173, 209]
[173, 208]
[181, 182]
[181, 217]
[182, 218]
[182, 217]
[189, 155]
[193, 159]
[193, 229]
[193, 228]
[199, 165]
[203, 169]
[203, 238]
[205, 171]
[207, 208]
[207, 173]
[207, 242]
[208, 209]
[208, 244]
[209, 244]
[213, 214]
[214, 215]
[215, 181]
[217, 218]
[228, 229]
[229, 230]
[233, 199]
[242, 208]
