[0, 36]
[0, 35]
[2, 38]
[6, 41]
[9, 45]
[9, 44]
[13, 14]
[16, 52]
[16, 51]
[19, 55]
[19, 54]
[30, 31]
[30, 66]
[30, 65]
[31, 32]
[31, 66]
[32, 33]
[32, 68]
[33, 68]
[35, 36]
[36, 2]
[36, 72]
[38, 73]
[41, 77]
[43, 44]
[43, 9]
[43, 78]
[44, 45]
[44, 80]
[45, 80]
[51, 52]
[51, 87]
[52, 87]
[54, 55]
[54, 90]
[55, 56]
[55, 91]
[55, 90]
[56, 22]
[56, 92]
[56, 91]
[60, 61]
[61, 62]
[61, 97]
[62, 63]
[62, 98]
[62, 97]
[63, 99]
[63, 98]
[65, 66]
[65, 31]
[65, 101]
[65, 100]
[66, 32]
[66, 101]
[68, 104]
[72, 73]
[72, 38]
[72, 108]
[72, 107]
[73, 108]
[75, 41]
[75, 110]
[77, 78]
[77, 43]
[77, 113]
[77, 112]
[78, 44]
[78, 114]
[78, 113]
[83, 84]
[83, 118]
[87, 123]
[87, 122]
[90, 91]
[90, 56]
[91, 92]
[91, 127]
[92, 127]
[94, 60]
[94, 130]
[94, 129]
[97, 98]
[97, 63]
[97, 133]
[97, 132]
[98, 99]
[98, 133]
[99, 100]
[99, 65]
[99, 135]
[100, 101]
[100, 66]
[100, 136]
[100, 135]
[101, 137]
[101, 136]
[104, 139]
[106, 107]
[106, 72]
[107, 108]
[107, 73]
[110, 146]
[110, 145]
[112, 113]
[112, 78]
[113, 114]
[113, 149]
[114, 80]
[114, 150]
[114, 149]
[118, 84]
[118, 154]
[122, 123]
[123, 124]
[123, 159]
[124, 90]
[124, 159]
[127, 163]
[127, 162]
[129, 130]
[129, 164]
[130, 131]
[130, 166]
[131, 132]
[131, 97]
[131, 166]
[132, 133]
[132, 98]
[133, 99]
[135, 136]
[135, 101]
[136, 137]
[136, 172]
[137, 138]
[137, 172]
[138, 139]
[138, 104]
[140, 106]
[140, 176]
[145, 146]
[145, 180]
[146, 112]
[149, 150]
[150, 151]
[151, 152]
[152, 118]
[152, 188]
[154, 189]
[156, 122]
[159, 195]
[159, 194]
[162, 163]
[162, 197]
[163, 164]
[163, 129]
[163, 199]
[164, 130]
[164, 199]
[166, 132]
[166, 201]
[172, 138]
[176, 177]
[176, 211]
[180, 146]
[180, 215]
[188, 189]
[188, 154]
[188, 224]
[188, 223]
[189, 225]
[189, 224]
[193, 194]
[193, 159]
[193, 228]
[194, 195]
[197, 163]
[197, 233]
[197, 232]
[201, 236]
[203, 238]
[209, 244]
[211, 177]
[214, 215]
[214, 180]
[217, 218]
[218, 219]
[219, 220]
[223, 224]
[223, 189]
[224, 225]
[227, 228]
[227, 193]
[228, 194]
[232, 233]
[233, 199]
[241, 242]
