[1, 2]
[1, 36]
[2, 3]
[3, 39]
[11, 12]
[11, 47]
[12, 48]
[12, 47]
[14, 15]
[14, 49]
[15, 16]
[15, 51]
[16, 17]
[16, 51]
[17, 53]
[20, 56]
[27, 28]
[28, 29]
[36, 2]
[36, 72]
[36, 71]
[39, 75]
[39, 74]
[41, 42]
[41, 77]
[41, 76]
[42, 8]
[42, 77]
[47, 48]
[47, 83]
[47, 82]
[48, 49]
[48, 14]
[48, 83]
[49, 15]
[51, 17]
[51, 87]
[51, 86]
[53, 88]
[56, 22]
[56, 91]
[59, 25]
[66, 102]
[71, 72]
[72, 108]
[74, 75]
[74, 110]
[75, 76]
[75, 41]
[75, 111]
[75, 110]
[76, 77]
[76, 42]
[76, 112]
[76, 111]
[77, 113]
[77, 112]
[81, 82]
[81, 47]
[81, 116]
[82, 83]
[82, 48]
[83, 49]
[86, 87]
[87, 88]
[87, 53]
[88, 124]
[91, 126]
[93, 59]
[96, 131]
[98, 99]
[98, 134]
[98, 133]
[99, 135]
[99, 134]
[102, 103]
[102, 137]
[103, 139]
[108, 74]
[108, 144]
[110, 111]
[110, 76]
[111, 112]
[111, 77]
[112, 113]
[112, 148]
[113, 148]
[116, 82]
[116, 151]
[124, 125]
[124, 159]
[125, 126]
[125, 91]
[125, 161]
[126, 162]
[126, 161]
[130, 131]
[130, 96]
[130, 166]
[131, 167]
[131, 166]
[133, 134]
[133, 99]
[133, 169]
[134, 135]
[134, 169]
[137, 103]
[140, 141]
[140, 176]
[141, 176]
[144, 110]
[144, 180]
[144, 179]
[148, 184]
[148, 183]
[150, 151]
[150, 116]
[155, 156]
[155, 191]
[155, 190]
[156, 191]
[159, 125]
[159, 195]
[161, 162]
[161, 196]
[162, 163]
[162, 198]
[163, 199]
[163, 198]
[166, 167]
[166, 201]
[167, 133]
[167, 203]
[169, 135]
[169, 205]
[176, 212]
[176, 211]
[178, 179]
[178, 144]
[178, 214]
[178, 213]
[179, 180]
[179, 214]
[180, 216]
[182, 183]
[182, 148]
[182, 217]
[183, 184]
[184, 150]
[188, 189]
[189, 190]
[189, 155]
[189, 225]
[190, 191]
[190, 156]
[190, 226]
[190, 225]
[191, 226]
[193, 159]
[193, 228]
[195, 196]
[195, 161]
[195, 231]
[195, 230]
[196, 162]
[196, 232]
[196, 231]
[198, 199]
[198, 234]
[199, 235]
[199, 234]
[201, 167]
[203, 169]
[203, 238]
[205, 206]
[205, 241]
[206, 207]
[206, 241]
[207, 208]
[207, 243]
[208, 209]
[208, 243]
[211, 212]
[212, 213]
[212, 178]
[213, 214]
[213, 179]
[214, 180]
[216, 217]
[216, 182]
[217, 183]
[225, 226]
[225, 191]
[230, 231]
[230, 196]
[231, 232]
[232, 198]
[234, 235]
[235, 201]
[241, 207]
[243, 209]
