[0, 36]
[0, 35]
[2, 38]
[2, 37]
[5, 40]
[7, 43]
[7, 42]
[9, 10]
[9, 44]
[10, 11]
[10, 46]
[11, 46]
[15, 16]
[27, 28]
[27, 63]
[28, 29]
[28, 63]
[29, 30]
[30, 66]
[35, 36]
[35, 71]
[35, 70]
[36, 37]
[36, 2]
[36, 71]
[37, 38]
[42, 43]
[42, 77]
[43, 44]
[43, 9]
[44, 10]
[44, 80]
[48, 49]
[48, 83]
[49, 15]
[49, 85]
[54, 55]
[54, 89]
[63, 29]
[63, 99]
[63, 98]
[66, 32]
[70, 71]
[70, 36]
[70, 105]
[71, 37]
[77, 43]
[77, 112]
[80, 46]
[80, 115]
[83, 49]
[83, 118]
[85, 121]
[85, 120]
[87, 122]
[89, 55]
[93, 129]
[93, 128]
[96, 97]
[96, 132]
[96, 131]
[97, 98]
[97, 63]
[97, 132]
[98, 99]
[99, 100]
[99, 135]
[100, 66]
[100, 135]
[103, 104]
[105, 71]
[105, 140]
[108, 109]
[108, 143]
[111, 112]
[111, 77]
[111, 146]
[112, 148]
[114, 115]
[114, 80]
[114, 149]
[117, 118]
[117, 83]
[117, 153]
[118, 153]
[120, 121]
[120, 156]
[120, 155]
[121, 122]
[121, 87]
[121, 156]
[126, 127]
[126, 162]
[126, 161]
[127, 128]
[127, 93]
[127, 162]
[128, 129]
[128, 164]
[129, 130]
[129, 164]
[130, 131]
[130, 96]
[131, 132]
[131, 97]
[131, 167]
[132, 98]
[132, 168]
[132, 167]
[135, 171]
[140, 176]
[140, 175]
[143, 109]
[143, 179]
[143, 178]
[146, 112]
[148, 149]
[148, 114]
[148, 183]
[149, 115]
[153, 189]
[155, 156]
[155, 121]
[155, 191]
[155, 190]
[156, 122]
[156, 192]
[156, 191]
[160, 161]
[160, 126]
[160, 196]
[160, 195]
[161, 162]
[161, 127]
[161, 197]
[161, 196]
[162, 128]
[162, 197]
[164, 130]
[164, 200]
[164, 199]
[167, 168]
[167, 202]
[168, 169]
[169, 135]
[171, 207]
[171, 206]
[175, 176]
[176, 212]
[178, 179]
[178, 213]
[179, 215]
[183, 149]
[187, 153]
[187, 223]
[187, 222]
[189, 190]
[189, 155]
[189, 225]
[190, 191]
[190, 156]
[190, 225]
[191, 192]
[192, 193]
[195, 196]
[195, 161]
[195, 230]
[196, 197]
[196, 162]
[196, 232]
[197, 232]
[199, 200]
[199, 234]
[200, 201]
[201, 202]
[201, 167]
[201, 237]
[202, 168]
[202, 237]
[206, 207]
[206, 242]
[207, 242]
[212, 213]
[212, 178]
[213, 179]
[215, 216]
[216, 217]
[217, 183]
[222, 223]
[223, 189]
[225, 191]
[230, 196]
[234, 200]
