[2, 37]
[6, 42]
[6, 41]
[13, 14]
[13, 48]
[16, 17]
[16, 52]
[17, 52]
[19, 55]
[19, 54]
[25, 26]
[26, 27]
[27, 28]
[36, 37]
[36, 2]
[37, 73]
[41, 42]
[41, 77]
[41, 76]
[42, 78]
[42, 77]
[46, 47]
[47, 48]
[47, 13]
[48, 14]
[54, 55]
[55, 91]
[67, 68]
[68, 104]
[73, 108]
[76, 77]
[76, 42]
[76, 112]
[77, 78]
[77, 112]
[78, 79]
[85, 121]
[85, 120]
[91, 127]
[91, 126]
[93, 129]
[93, 128]
[97, 98]
[98, 134]
[100, 135]
[104, 139]
[106, 141]
[108, 143]
[112, 78]
[112, 148]
[120, 121]
[120, 155]
[121, 122]
[126, 127]
[126, 162]
[126, 161]
[127, 128]
[127, 93]
[127, 163]
[127, 162]
[128, 129]
[128, 164]
[128, 163]
[129, 130]
[129, 165]
[129, 164]
[130, 131]
[130, 165]
[131, 97]
[134, 135]
[134, 100]
[134, 170]
[135, 170]
[141, 176]
[143, 179]
[143, 178]
[146, 112]
[146, 182]
[146, 181]
[148, 184]
[148, 183]
[150, 116]
[155, 121]
[155, 191]
[155, 190]
[161, 162]
[161, 127]
[161, 197]
[162, 163]
[162, 128]
[162, 197]
[163, 164]
[163, 129]
[164, 165]
[164, 130]
[164, 200]
[165, 131]
[165, 200]
[170, 206]
[173, 139]
[173, 209]
[176, 212]
[178, 179]
[179, 180]
[180, 181]
[180, 146]
[180, 216]
[181, 182]
[181, 216]
[182, 183]
[182, 148]
[183, 184]
[183, 219]
[184, 150]
[184, 219]
[188, 224]
[188, 223]
[190, 191]
[191, 192]
[191, 227]
[192, 193]
[192, 227]
[195, 161]
[195, 231]
[197, 163]
[200, 236]
[203, 239]
[203, 238]
[210, 176]
[212, 178]
[216, 182]
[223, 224]
[224, 190]
[227, 193]
[231, 197]
[236, 237]
[237, 238]
[237, 203]
[238, 239]
[243, 209]
