[1, 37]
[1, 36]
[3, 39]
[5, 41]
[5, 40]
[7, 8]
[7, 43]
[7, 42]
[8, 9]
[8, 44]
[8, 43]
[9, 10]
[9, 44]
[14, 49]
[16, 52]
[16, 51]
[20, 56]
[20, 55]
[23, 24]
[23, 59]
[24, 60]
[24, 59]
[28, 64]
[28, 63]
[32, 67]
[36, 37]
[36, 72]
[37, 3]
[37, 73]
[37, 72]
[39, 40]
[39, 5]
[39, 75]
[39, 74]
[40, 41]
[40, 76]
[40, 75]
[41, 42]
[41, 7]
[41, 76]
[42, 43]
[42, 8]
[43, 44]
[43, 9]
[43, 79]
[44, 10]
[44, 80]
[44, 79]
[47, 48]
[47, 82]
[48, 49]
[48, 14]
[48, 84]
[49, 84]
[51, 52]
[51, 86]
[52, 88]
[55, 56]
[55, 91]
[55, 90]
[56, 91]
[59, 60]
[59, 95]
[59, 94]
[60, 26]
[60, 95]
[63, 64]
[63, 98]
[67, 103]
[72, 73]
[72, 108]
[72, 107]
[73, 74]
[73, 39]
[73, 108]
[74, 75]
[74, 40]
[75, 76]
[75, 41]
[75, 111]
[76, 42]
[76, 112]
[76, 111]
[79, 80]
[79, 115]
[79, 114]
[80, 81]
[80, 116]
[80, 115]
[81, 82]
[81, 47]
[81, 117]
[81, 116]
[82, 48]
[82, 118]
[82, 117]
[86, 52]
[86, 121]
[88, 124]
[90, 91]
[90, 56]
[90, 126]
[90, 125]
[91, 127]
[91, 126]
[93, 94]
[93, 59]
[93, 128]
[94, 95]
[94, 60]
[94, 130]
[95, 130]
[98, 64]
[98, 133]
[103, 104]
[103, 138]
[105, 140]
[107, 108]
[107, 73]
[107, 143]
[107, 142]
[108, 74]
[108, 144]
[108, 143]
[111, 112]
[111, 147]
[112, 113]
[112, 148]
[112, 147]
[113, 114]
[113, 79]
[113, 149]
[113, 148]
[114, 115]
[114, 80]
[114, 149]
[115, 116]
[115, 81]
[116, 117]
[116, 82]
[116, 152]
[117, 118]
[117, 153]
[117, 152]
[118, 84]
[118, 153]
[124, 125]
[124, 90]
[124, 160]
[125, 126]
[125, 91]
[125, 160]
[126, 127]
[127, 128]
[127, 93]
[127, 163]
[128, 94]
[128, 164]
[128, 163]
[130, 166]
[133, 169]
[135, 136]
[135, 171]
[136, 137]
[136, 172]
[136, 171]
[137, 138]
[137, 103]
[137, 173]
[137, 172]
[138, 104]
[138, 174]
[138, 173]
[140, 175]
[142, 143]
[142, 108]
[142, 178]
[143, 144]
[143, 178]
[144, 145]
[144, 180]
[145, 111]
[145, 181]
[145, 180]
[147, 148]
[147, 113]
[147, 183]
[147, 182]
[148, 149]
[148, 114]
[148, 183]
[149, 115]
[152, 153]
[152, 118]
[152, 188]
[152, 187]
[153, 189]
[153, 188]
[158, 124]
[158, 194]
[158, 193]
[160, 126]
[160, 195]
[163, 164]
[163, 199]
[163, 198]
[164, 130]
[164, 200]
[164, 199]
[166, 202]
[169, 135]
[171, 172]
[171, 137]
[172, 173]
[172, 138]
[173, 174]
[175, 210]
[178, 144]
[178, 214]
[178, 213]
[180, 181]
[180, 215]
[181, 182]
[181, 147]
[181, 217]
[182, 183]
[182, 148]
[182, 217]
[183, 149]
[183, 219]
[187, 188]
[187, 153]
[187, 223]
[188, 189]
[188, 224]
[188, 223]
[189, 190]
[189, 225]
[189, 224]
[190, 191]
[190, 226]
[190, 225]
[191, 192]
[191, 226]
[192, 193]
[192, 158]
[193, 194]
[194, 195]
[194, 160]
[194, 230]
[195, 230]
[197, 198]
[197, 163]
[197, 233]
[198, 199]
[198, 164]
[198, 234]
[198, 233]
[199, 200]
[199, 235]
[199, 234]
[200, 166]
[200, 236]
[200, 235]
[212, 213]
[212, 178]
[213, 214]
[214, 215]
[214, 180]
[215, 181]
[217, 183]
[219, 220]
[223, 224]
[223, 189]
[224, 225]
[224, 190]
[225, 226]
[225, 191]
[226, 192]
[233, 234]
[233, 199]
[234, 235]
[234, 200]
[235, 236]
[236, 202]
[241, 242]
[242, 243]
