[0, 36]
[0, 35]
[14, 49]
[17, 53]
[20, 21]
[20, 56]
[21, 56]
[23, 24]
[24, 25]
[25, 61]
[33, 34]
[33, 69]
[33, 68]
[34, 69]
[35, 36]
[35, 71]
[35, 70]
[36, 37]
[36, 71]
[47, 48]
[47, 83]
[47, 82]
[48, 49]
[48, 14]
[48, 83]
[53, 54]
[53, 89]
[54, 20]
[54, 90]
[54, 89]
[56, 91]
[61, 96]
[66, 102]
[68, 69]
[68, 34]
[68, 103]
[70, 71]
[70, 36]
[71, 37]
[71, 107]
[75, 76]
[75, 111]
[75, 110]
[76, 77]
[76, 111]
[77, 78]
[78, 79]
[82, 83]
[82, 48]
[82, 118]
[82, 117]
[83, 49]
[83, 118]
[89, 90]
[89, 124]
[90, 91]
[90, 56]
[90, 126]
[91, 127]
[91, 126]
[93, 94]
[94, 95]
[95, 96]
[95, 61]
[95, 131]
[96, 131]
[98, 134]
[98, 133]
[102, 103]
[102, 68]
[103, 69]
[107, 143]
[110, 111]
[110, 76]
[110, 146]
[110, 145]
[111, 77]
[111, 146]
[117, 118]
[117, 83]
[124, 90]
[124, 160]
[126, 127]
[126, 161]
[127, 93]
[131, 167]
[133, 134]
[133, 169]
[134, 169]
[136, 102]
[136, 171]
[140, 141]
[140, 176]
[141, 107]
[141, 177]
[141, 176]
[143, 179]
[145, 146]
[145, 111]
[148, 184]
[157, 158]
[158, 124]
[160, 161]
[160, 126]
[160, 196]
[161, 127]
[161, 196]
[167, 133]
[169, 204]
[171, 206]
[176, 177]
[176, 211]
[177, 143]
[179, 145]
[179, 215]
[179, 214]
[184, 185]
[184, 220]
[185, 186]
[185, 220]
[186, 222]
[188, 223]
[190, 225]
[200, 235]
[206, 242]
[206, 241]
[211, 177]
[214, 215]
[215, 216]
[220, 186]
[222, 223]
[222, 188]
[230, 196]
[234, 235]
[234, 200]
[238, 204]
[241, 242]
[242, 243]
