[0, 1]
[0, 35]
[1, 37]
[3, 39]
[5, 41]
[5, 40]
[10, 45]
[13, 14]
[13, 48]
[14, 15]
[15, 51]
[18, 19]
[18, 54]
[18, 53]
[19, 55]
[19, 54]
[23, 24]
[23, 59]
[23, 58]
[24, 25]
[24, 60]
[24, 59]
[25, 26]
[25, 61]
[25, 60]
[26, 27]
[26, 62]
[26, 61]
[27, 28]
[27, 62]
[28, 29]
[28, 64]
[29, 30]
[29, 65]
[29, 64]
[30, 31]
[30, 65]
[34, 69]
[35, 1]
[35, 71]
[35, 70]
[37, 3]
[37, 73]
[37, 72]
[39, 40]
[39, 5]
[39, 75]
[39, 74]
[40, 41]
[40, 76]
[40, 75]
[41, 77]
[41, 76]
[45, 81]
[45, 80]
[48, 14]
[51, 52]
[51, 87]
[52, 53]
[52, 18]
[52, 87]
[53, 54]
[53, 19]
[54, 55]
[55, 21]
[55, 91]
[58, 59]
[58, 24]
[58, 94]
[59, 60]
[59, 25]
[59, 94]
[60, 61]
[60, 26]
[61, 62]
[61, 27]
[62, 28]
[64, 65]
[64, 30]
[65, 31]
[68, 69]
[68, 34]
[70, 71]
[70, 106]
[70, 105]
[71, 72]
[71, 37]
[71, 106]
[72, 73]
[72, 108]
[73, 74]
[73, 39]
[73, 109]
[73, 108]
[74, 75]
[74, 40]
[74, 109]
[75, 76]
[75, 41]
[76, 77]
[76, 112]
[77, 113]
[77, 112]
[79, 80]
[79, 45]
[79, 114]
[80, 81]
[80, 116]
[81, 117]
[81, 116]
[87, 53]
[87, 123]
[87, 122]
[91, 92]
[91, 127]
[92, 58]
[92, 127]
[94, 60]
[105, 106]
[105, 71]
[105, 141]
[106, 72]
[106, 141]
[108, 109]
[108, 74]
[108, 144]
[109, 75]
[109, 145]
[109, 144]
[112, 113]
[113, 114]
[113, 79]
[114, 80]
[116, 117]
[117, 153]
[122, 123]
[122, 158]
[123, 159]
[123, 158]
[125, 91]
[125, 161]
[125, 160]
[127, 163]
[127, 162]
[132, 133]
[133, 134]
[141, 176]
[144, 145]
[153, 119]
[153, 188]
[158, 159]
[158, 194]
[159, 160]
[159, 125]
[159, 195]
[159, 194]
[160, 161]
[160, 195]
[161, 162]
[161, 127]
[161, 197]
[162, 163]
[162, 198]
[162, 197]
[163, 198]
[166, 132]
[171, 207]
[174, 209]
[175, 176]
[175, 141]
[176, 212]
[178, 144]
[178, 214]
[185, 186]
[185, 220]
[186, 222]
[188, 223]
[191, 192]
[191, 226]
[192, 158]
[194, 195]
[194, 160]
[194, 229]
[195, 161]
[197, 198]
[197, 163]
[197, 233]
[197, 232]
[198, 234]
[198, 233]
[203, 238]
[205, 171]
[205, 241]
[207, 208]
[208, 209]
[208, 174]
[208, 244]
[209, 244]
[212, 178]
[216, 217]
[217, 218]
[218, 219]
[219, 220]
[219, 185]
[220, 186]
[222, 223]
[222, 188]
[225, 226]
[225, 191]
[226, 192]
[229, 195]
[232, 233]
[232, 198]
[233, 234]
[241, 207]
