[4, 5]
[4, 40]
[5, 6]
[5, 41]
[5, 40]
[6, 7]
[6, 41]
[7, 8]
[7, 43]
[8, 44]
[8, 43]
[11, 46]
[13, 14]
[13, 49]
[13, 48]
[14, 15]
[14, 50]
[14, 49]
[15, 16]
[15, 50]
[16, 17]
[19, 20]
[19, 55]
[20, 21]
[20, 55]
[23, 59]
[28, 64]
[31, 67]
[31, 66]
[35, 70]
[40, 41]
[40, 6]
[40, 75]
[41, 7]
[41, 77]
[43, 44]
[43, 78]
[48, 49]
[48, 14]
[48, 83]
[49, 50]
[49, 15]
[50, 16]
[50, 86]
[55, 21]
[55, 91]
[55, 90]
[59, 60]
[59, 95]
[59, 94]
[60, 26]
[60, 96]
[60, 95]
[64, 100]
[66, 67]
[66, 102]
[67, 33]
[67, 102]
[70, 106]
[70, 105]
[75, 41]
[77, 78]
[77, 43]
[77, 113]
[77, 112]
[78, 44]
[78, 114]
[78, 113]
[83, 49]
[83, 119]
[86, 122]
[86, 121]
[89, 90]
[89, 55]
[89, 124]
[90, 91]
[94, 95]
[94, 60]
[95, 96]
[95, 131]
[96, 131]
[100, 66]
[100, 136]
[105, 106]
[105, 140]
[109, 75]
[109, 145]
[112, 113]
[112, 78]
[113, 114]
[113, 149]
[114, 150]
[114, 149]
[116, 152]
[119, 120]
[119, 154]
[120, 121]
[120, 86]
[120, 156]
[121, 122]
[121, 157]
[121, 156]
[122, 123]
[122, 157]
[123, 124]
[123, 89]
[124, 90]
[124, 160]
[134, 100]
[136, 102]
[140, 106]
[140, 176]
[143, 109]
[143, 178]
[149, 150]
[149, 185]
[150, 116]
[150, 185]
[152, 153]
[153, 154]
[153, 119]
[153, 189]
[154, 120]
[154, 189]
[156, 157]
[156, 122]
[157, 123]
[157, 193]
[160, 196]
[160, 195]
[163, 199]
[163, 198]
[165, 131]
[165, 200]
[168, 134]
[168, 204]
[168, 203]
[176, 177]
[177, 178]
[177, 143]
[177, 213]
[178, 213]
[183, 149]
[183, 218]
[185, 220]
[195, 196]
[195, 231]
[196, 232]
[196, 231]
[198, 199]
[198, 234]
[198, 233]
[199, 200]
[199, 165]
[199, 235]
[199, 234]
[200, 235]
[202, 203]
[202, 168]
[203, 204]
[204, 205]
[205, 206]
[206, 242]
[231, 232]
[232, 233]
[232, 198]
[233, 234]
[233, 199]
[234, 235]
[234, 200]
[242, 243]
