[1, 37]
[1, 36]
[5, 41]
[5, 40]
[10, 46]
[10, 45]
[12, 13]
[13, 14]
[14, 50]
[16, 52]
[16, 51]
[21, 22]
[22, 58]
[24, 25]
[24, 59]
[30, 31]
[30, 65]
[31, 67]
[33, 34]
[33, 69]
[33, 68]
[34, 69]
[35, 36]
[35, 1]
[36, 37]
[40, 41]
[41, 42]
[42, 8]
[45, 46]
[45, 81]
[45, 80]
[46, 12]
[46, 81]
[50, 51]
[50, 16]
[50, 86]
[50, 85]
[51, 52]
[51, 86]
[52, 53]
[53, 54]
[54, 90]
[58, 59]
[58, 24]
[58, 93]
[59, 25]
[59, 95]
[62, 28]
[62, 98]
[62, 97]
[65, 31]
[65, 100]
[67, 68]
[67, 33]
[67, 102]
[68, 69]
[68, 34]
[68, 104]
[69, 104]
[74, 40]
[74, 109]
[80, 81]
[80, 46]
[81, 117]
[85, 86]
[85, 51]
[85, 121]
[85, 120]
[86, 52]
[86, 121]
[92, 93]
[92, 58]
[92, 128]
[93, 59]
[93, 128]
[95, 131]
[95, 130]
[97, 98]
[100, 136]
[100, 135]
[102, 68]
[102, 137]
[104, 139]
[107, 108]
[107, 143]
[107, 142]
[108, 109]
[108, 74]
[108, 143]
[109, 145]
[112, 113]
[112, 147]
[117, 153]
[117, 152]
[119, 120]
[119, 85]
[119, 155]
[120, 121]
[120, 86]
[120, 155]
[128, 164]
[128, 163]
[130, 131]
[131, 97]
[135, 136]
[135, 171]
[135, 170]
[136, 137]
[136, 102]
[136, 172]
[136, 171]
[137, 172]
[140, 141]
[140, 176]
[141, 142]
[141, 107]
[141, 176]
[142, 143]
[142, 108]
[143, 109]
[143, 179]
[145, 181]
[147, 113]
[147, 182]
[152, 153]
[153, 119]
[153, 189]
[155, 121]
[163, 164]
[163, 199]
[164, 130]
[164, 199]
[170, 171]
[170, 136]
[170, 205]
[171, 172]
[171, 137]
[176, 142]
[176, 211]
[179, 145]
[181, 182]
[181, 147]
[181, 217]
[181, 216]
[182, 217]
[184, 185]
[184, 220]
[185, 186]
[185, 221]
[185, 220]
[186, 152]
[186, 222]
[186, 221]
[189, 155]
[201, 237]
[201, 236]
[205, 171]
[205, 241]
[205, 240]
[209, 244]
[210, 211]
[210, 176]
[216, 217]
[216, 182]
[220, 221]
[220, 186]
[221, 222]
[222, 223]
[223, 189]
[226, 227]
[227, 228]
[228, 229]
[232, 233]
[233, 199]
[236, 237]
[237, 238]
[238, 239]
[239, 240]
[239, 205]
[240, 241]
[243, 244]
[243, 209]
