[1, 2]
[1, 36]
[2, 38]
[4, 40]
[4, 39]
[9, 10]
[9, 45]
[9, 44]
[10, 45]
[13, 14]
[14, 15]
[14, 50]
[15, 51]
[15, 50]
[18, 53]
[20, 21]
[20, 56]
[20, 55]
[21, 22]
[21, 56]
[22, 23]
[23, 24]
[29, 64]
[36, 2]
[36, 71]
[38, 39]
[38, 4]
[38, 74]
[39, 40]
[39, 75]
[39, 74]
[40, 75]
[42, 43]
[43, 44]
[43, 9]
[43, 79]
[44, 45]
[44, 10]
[44, 79]
[47, 13]
[47, 82]
[50, 51]
[50, 86]
[50, 85]
[51, 52]
[51, 86]
[52, 53]
[52, 18]
[53, 89]
[55, 56]
[55, 21]
[55, 91]
[55, 90]
[56, 22]
[56, 91]
[61, 27]
[61, 97]
[61, 96]
[64, 100]
[66, 102]
[66, 101]
[70, 71]
[70, 36]
[70, 106]
[70, 105]
[71, 107]
[71, 106]
[74, 75]
[74, 40]
[74, 110]
[74, 109]
[75, 110]
[79, 45]
[82, 117]
[84, 85]
[84, 50]
[84, 120]
[85, 86]
[85, 51]
[85, 121]
[85, 120]
[86, 52]
[86, 122]
[86, 121]
[89, 90]
[89, 55]
[89, 124]
[90, 91]
[90, 56]
[90, 126]
[91, 127]
[91, 126]
[95, 96]
[95, 61]
[95, 131]
[95, 130]
[96, 97]
[96, 131]
[97, 98]
[98, 64]
[100, 101]
[100, 66]
[100, 135]
[101, 102]
[105, 106]
[105, 71]
[105, 141]
[106, 107]
[106, 142]
[106, 141]
[107, 108]
[107, 142]
[108, 109]
[108, 74]
[109, 110]
[109, 75]
[110, 146]
[113, 79]
[116, 117]
[116, 82]
[116, 152]
[117, 153]
[117, 152]
[120, 121]
[120, 86]
[120, 156]
[120, 155]
[121, 122]
[121, 157]
[121, 156]
[122, 157]
[124, 90]
[124, 160]
[124, 159]
[126, 127]
[126, 162]
[127, 128]
[127, 163]
[127, 162]
[128, 129]
[128, 163]
[129, 130]
[129, 95]
[130, 131]
[130, 96]
[131, 97]
[135, 101]
[135, 171]
[135, 170]
[141, 142]
[141, 107]
[141, 176]
[142, 108]
[142, 178]
[146, 182]
[152, 153]
[152, 188]
[153, 188]
[155, 156]
[155, 121]
[155, 191]
[155, 190]
[156, 157]
[156, 122]
[156, 192]
[156, 191]
[157, 192]
[159, 160]
[159, 194]
[160, 126]
[160, 196]
[162, 163]
[162, 128]
[162, 198]
[162, 197]
[163, 129]
[163, 199]
[163, 198]
[170, 171]
[170, 205]
[171, 172]
[172, 173]
[173, 174]
[173, 209]
[174, 209]
[176, 142]
[176, 212]
[176, 211]
[178, 179]
[178, 213]
[182, 218]
[182, 217]
[184, 185]
[184, 219]
[185, 186]
[185, 221]
[186, 152]
[186, 222]
[186, 221]
[188, 224]
[188, 223]
[190, 191]
[190, 156]
[190, 225]
[191, 192]
[191, 157]
[194, 160]
[194, 230]
[196, 197]
[196, 162]
[197, 198]
[197, 163]
[198, 199]
[199, 200]
[199, 235]
[200, 201]
[200, 235]
[201, 237]
[203, 239]
[203, 238]
[205, 171]
[210, 211]
[210, 176]
[211, 212]
[212, 213]
[212, 178]
[213, 179]
[217, 218]
[218, 219]
[218, 184]
[219, 185]
[221, 222]
[222, 223]
[222, 188]
[223, 224]
[224, 225]
[224, 190]
[225, 191]
[230, 196]
[235, 201]
[237, 238]
[237, 203]
[238, 239]
[239, 205]
