[14, 50]
[14, 49]
[18, 54]
[18, 53]
[20, 21]
[20, 55]
[21, 22]
[21, 57]
[22, 57]
[24, 25]
[24, 60]
[25, 61]
[25, 60]
[29, 30]
[29, 65]
[30, 66]
[30, 65]
[37, 38]
[37, 73]
[37, 72]
[38, 74]
[38, 73]
[42, 8]
[46, 12]
[46, 82]
[46, 81]
[49, 50]
[49, 85]
[49, 84]
[50, 51]
[50, 85]
[51, 52]
[52, 53]
[52, 18]
[53, 54]
[53, 89]
[54, 55]
[54, 20]
[54, 89]
[55, 21]
[60, 61]
[60, 96]
[60, 95]
[61, 97]
[61, 96]
[65, 66]
[65, 100]
[66, 102]
[71, 72]
[71, 37]
[71, 106]
[72, 73]
[72, 38]
[73, 74]
[73, 109]
[74, 75]
[74, 110]
[74, 109]
[75, 76]
[75, 111]
[75, 110]
[76, 42]
[76, 112]
[76, 111]
[81, 82]
[81, 117]
[81, 116]
[82, 83]
[82, 117]
[83, 84]
[83, 49]
[84, 85]
[84, 50]
[85, 51]
[85, 121]
[89, 55]
[89, 125]
[89, 124]
[95, 96]
[95, 61]
[95, 131]
[95, 130]
[96, 97]
[96, 131]
[97, 98]
[98, 99]
[99, 100]
[99, 65]
[99, 135]
[100, 66]
[100, 136]
[100, 135]
[102, 103]
[103, 104]
[105, 106]
[105, 71]
[106, 72]
[109, 110]
[109, 75]
[110, 111]
[110, 76]
[110, 146]
[111, 112]
[111, 146]
[112, 113]
[112, 148]
[113, 114]
[113, 148]
[114, 115]
[114, 150]
[115, 116]
[115, 81]
[115, 151]
[115, 150]
[116, 117]
[116, 82]
[116, 151]
[117, 83]
[117, 153]
[121, 122]
[121, 156]
[124, 125]
[124, 159]
[125, 161]
[129, 130]
[129, 95]
[129, 165]
[129, 164]
[130, 131]
[130, 96]
[130, 166]
[130, 165]
[131, 97]
[131, 166]
[135, 136]
[135, 171]
[136, 102]
[136, 172]
[136, 171]
[146, 112]
[146, 182]
[148, 114]
[148, 183]
[150, 151]
[150, 116]
[150, 186]
[151, 117]
[151, 186]
[153, 189]
[153, 188]
[156, 122]
[156, 192]
[156, 191]
[159, 125]
[159, 195]
[161, 127]
[161, 196]
[164, 165]
[164, 130]
[164, 200]
[164, 199]
[165, 166]
[165, 131]
[165, 200]
[166, 202]
[171, 172]
[171, 206]
[172, 173]
[173, 174]
[173, 209]
[174, 209]
[175, 210]
[177, 213]
[180, 146]
[182, 183]
[182, 148]
[188, 189]
[189, 190]
[190, 191]
[190, 156]
[191, 192]
[191, 227]
[192, 193]
[192, 228]
[192, 227]
[193, 159]
[193, 229]
[193, 228]
[195, 196]
[195, 161]
[198, 199]
[198, 164]
[198, 234]
[199, 200]
[199, 165]
[199, 235]
[199, 234]
[200, 166]
[200, 236]
[200, 235]
[204, 205]
[204, 239]
[205, 206]
[205, 171]
[205, 241]
[206, 172]
[206, 241]
[213, 214]
[214, 180]
[227, 228]
[227, 193]
[228, 229]
[229, 195]
[234, 235]
[234, 200]
[235, 236]
[236, 202]
[239, 205]
[243, 209]
