[3, 4]
[3, 39]
[4, 40]
[4, 39]
[8, 43]
[12, 13]
[12, 48]
[12, 47]
[13, 14]
[13, 48]
[14, 50]
[22, 23]
[22, 57]
[23, 24]
[28, 29]
[28, 64]
[28, 63]
[29, 30]
[29, 64]
[30, 31]
[31, 67]
[35, 36]
[36, 72]
[39, 40]
[40, 41]
[43, 79]
[45, 81]
[47, 48]
[47, 13]
[48, 14]
[53, 88]
[57, 23]
[63, 64]
[63, 29]
[64, 30]
[64, 100]
[67, 68]
[67, 103]
[67, 102]
[68, 103]
[72, 73]
[72, 108]
[72, 107]
[73, 39]
[73, 109]
[73, 108]
[79, 45]
[81, 47]
[81, 117]
[88, 124]
[94, 95]
[95, 131]
[97, 63]
[97, 132]
[100, 136]
[102, 103]
[102, 68]
[102, 138]
[102, 137]
[103, 139]
[103, 138]
[107, 108]
[107, 73]
[107, 143]
[107, 142]
[108, 109]
[108, 143]
[117, 153]
[117, 152]
[121, 122]
[121, 157]
[122, 88]
[122, 157]
[124, 125]
[124, 160]
[124, 159]
[125, 161]
[125, 160]
[131, 132]
[131, 97]
[131, 167]
[132, 168]
[132, 167]
[136, 137]
[136, 102]
[136, 172]
[136, 171]
[137, 138]
[137, 103]
[137, 172]
[138, 139]
[142, 143]
[142, 108]
[142, 177]
[143, 109]
[143, 179]
[146, 181]
[148, 184]
[150, 151]
[150, 186]
[150, 185]
[151, 152]
[151, 117]
[151, 186]
[152, 153]
[152, 188]
[153, 154]
[153, 188]
[154, 155]
[155, 121]
[155, 191]
[159, 160]
[159, 125]
[160, 161]
[160, 196]
[161, 127]
[161, 197]
[161, 196]
[165, 131]
[167, 168]
[167, 203]
[168, 169]
[168, 204]
[168, 203]
[169, 204]
[171, 172]
[171, 137]
[172, 138]
[175, 176]
[175, 210]
[176, 177]
[176, 142]
[176, 212]
[177, 143]
[177, 213]
[177, 212]
[179, 180]
[179, 215]
[180, 181]
[180, 146]
[180, 215]
[184, 185]
[184, 150]
[185, 186]
[185, 151]
[185, 221]
[186, 152]
[186, 221]
[188, 154]
[188, 224]
[188, 223]
[191, 157]
[196, 197]
[196, 231]
[197, 198]
[197, 233]
[198, 199]
[198, 233]
[199, 165]
[199, 235]
[203, 204]
[203, 169]
[203, 239]
[204, 239]
[210, 176]
[212, 213]
[213, 179]
[215, 181]
[223, 224]
[224, 225]
[225, 191]
[229, 230]
[230, 231]
[230, 196]
[231, 197]
[233, 199]
[237, 203]
[243, 209]
