[0, 1]
[0, 36]
[1, 2]
[1, 36]
[2, 38]
[6, 42]
[9, 10]
[18, 19]
[18, 54]
[18, 53]
[19, 54]
[24, 25]
[25, 61]
[27, 28]
[27, 63]
[27, 62]
[28, 29]
[28, 63]
[29, 30]
[29, 65]
[30, 65]
[33, 69]
[33, 68]
[36, 2]
[36, 71]
[40, 6]
[40, 75]
[47, 48]
[47, 83]
[47, 82]
[48, 83]
[50, 16]
[50, 85]
[53, 54]
[53, 19]
[53, 89]
[54, 89]
[58, 24]
[61, 62]
[61, 27]
[61, 97]
[61, 96]
[62, 63]
[62, 28]
[62, 98]
[62, 97]
[63, 29]
[63, 98]
[67, 68]
[67, 33]
[67, 102]
[68, 69]
[68, 104]
[69, 104]
[71, 106]
[75, 111]
[79, 80]
[79, 114]
[80, 81]
[80, 116]
[81, 82]
[81, 47]
[81, 116]
[82, 83]
[82, 48]
[82, 118]
[83, 119]
[83, 118]
[85, 120]
[87, 53]
[87, 123]
[87, 122]
[89, 125]
[89, 124]
[96, 97]
[96, 62]
[97, 98]
[97, 63]
[102, 68]
[102, 137]
[105, 106]
[105, 71]
[105, 140]
[109, 75]
[109, 145]
[109, 144]
[111, 112]
[111, 146]
[112, 113]
[113, 114]
[113, 79]
[113, 149]
[114, 80]
[114, 149]
[116, 82]
[116, 152]
[116, 151]
[118, 119]
[118, 154]
[118, 153]
[119, 120]
[119, 85]
[119, 155]
[119, 154]
[120, 155]
[122, 123]
[123, 124]
[123, 89]
[124, 125]
[124, 160]
[125, 160]
[127, 128]
[130, 96]
[130, 165]
[135, 136]
[135, 171]
[136, 137]
[136, 102]
[136, 171]
[137, 173]
[140, 106]
[140, 176]
[143, 144]
[143, 109]
[144, 145]
[144, 180]
[145, 146]
[145, 111]
[145, 181]
[145, 180]
[146, 112]
[146, 181]
[151, 152]
[152, 153]
[152, 118]
[152, 188]
[153, 154]
[153, 119]
[153, 188]
[154, 155]
[154, 120]
[154, 190]
[155, 191]
[155, 190]
[160, 196]
[165, 200]
[167, 202]
[169, 135]
[169, 205]
[169, 204]
[171, 137]
[171, 206]
[173, 209]
[173, 208]
[176, 177]
[176, 212]
[177, 143]
[177, 213]
[177, 212]
[180, 181]
[180, 146]
[180, 216]
[181, 217]
[181, 216]
[183, 149]
[183, 219]
[188, 154]
[190, 191]
[190, 226]
[191, 226]
[193, 229]
[193, 228]
[196, 232]
[199, 200]
[199, 165]
[199, 235]
[200, 236]
[200, 235]
[202, 237]
[204, 205]
[205, 206]
[205, 171]
[208, 209]
[210, 176]
[212, 213]
[216, 217]
[217, 183]
[222, 188]
[228, 229]
[235, 236]
[236, 237]
[236, 202]
