[0, 36]
[0, 35]
[6, 7]
[6, 42]
[7, 42]
[12, 48]
[12, 47]
[15, 16]
[15, 51]
[16, 51]
[19, 54]
[21, 22]
[21, 57]
[21, 56]
[22, 57]
[24, 25]
[24, 60]
[25, 26]
[25, 61]
[25, 60]
[26, 62]
[26, 61]
[28, 63]
[34, 69]
[35, 36]
[42, 78]
[45, 81]
[45, 80]
[47, 48]
[47, 82]
[48, 84]
[51, 87]
[54, 90]
[56, 57]
[56, 22]
[56, 91]
[60, 61]
[60, 26]
[60, 96]
[60, 95]
[61, 62]
[61, 96]
[62, 63]
[62, 28]
[62, 98]
[63, 98]
[65, 31]
[78, 79]
[78, 114]
[78, 113]
[79, 80]
[79, 45]
[79, 114]
[80, 81]
[81, 82]
[81, 47]
[82, 48]
[84, 120]
[90, 91]
[90, 56]
[90, 126]
[91, 57]
[91, 127]
[91, 126]
[94, 95]
[94, 60]
[94, 129]
[95, 96]
[95, 61]
[96, 62]
[98, 133]
[105, 141]
[107, 73]
[107, 143]
[107, 142]
[110, 111]
[110, 145]
[113, 114]
[113, 79]
[113, 148]
[114, 80]
[114, 150]
[120, 156]
[126, 127]
[126, 162]
[126, 161]
[127, 128]
[127, 163]
[127, 162]
[128, 129]
[128, 94]
[128, 164]
[128, 163]
[129, 95]
[129, 164]
[133, 169]
[133, 168]
[138, 139]
[138, 173]
[141, 142]
[141, 107]
[141, 177]
[142, 143]
[142, 177]
[143, 144]
[144, 145]
[144, 110]
[144, 180]
[145, 111]
[145, 181]
[145, 180]
[148, 114]
[150, 186]
[154, 120]
[156, 191]
[159, 160]
[160, 161]
[160, 126]
[161, 162]
[161, 127]
[161, 197]
[162, 163]
[162, 128]
[162, 197]
[163, 164]
[163, 129]
[164, 200]
[166, 167]
[166, 201]
[167, 168]
[167, 133]
[167, 203]
[168, 169]
[168, 203]
[169, 205]
[173, 139]
[173, 209]
[175, 141]
[177, 143]
[180, 181]
[180, 216]
[180, 215]
[181, 217]
[181, 216]
[186, 187]
[191, 226]
[193, 159]
[197, 163]
[200, 201]
[200, 166]
[200, 235]
[201, 167]
[203, 169]
[203, 239]
[203, 238]
[205, 240]
[207, 173]
[207, 242]
[215, 216]
[215, 181]
[216, 217]
[217, 218]
[230, 231]
[231, 197]
[234, 235]
[234, 200]
[235, 201]
[238, 239]
[239, 240]
[239, 205]
