[2, 3]
[2, 38]
[3, 38]
[5, 6]
[5, 40]
[12, 48]
[12, 47]
[15, 50]
[17, 52]
[19, 20]
[20, 21]
[20, 56]
[21, 57]
[21, 56]
[25, 61]
[28, 29]
[28, 64]
[29, 30]
[29, 64]
[30, 31]
[30, 66]
[31, 32]
[31, 67]
[31, 66]
[32, 68]
[32, 67]
[35, 71]
[38, 73]
[40, 6]
[40, 75]
[43, 44]
[44, 80]
[46, 47]
[46, 12]
[47, 48]
[47, 83]
[48, 49]
[48, 83]
[49, 50]
[49, 15]
[52, 88]
[56, 57]
[56, 92]
[57, 92]
[59, 25]
[59, 94]
[61, 97]
[64, 30]
[66, 67]
[66, 32]
[66, 102]
[66, 101]
[67, 68]
[67, 102]
[68, 34]
[68, 104]
[71, 72]
[71, 107]
[72, 73]
[72, 38]
[72, 108]
[72, 107]
[73, 108]
[75, 111]
[75, 110]
[77, 43]
[77, 113]
[77, 112]
[80, 46]
[80, 116]
[83, 49]
[83, 118]
[88, 89]
[88, 123]
[89, 90]
[89, 125]
[90, 56]
[90, 125]
[92, 127]
[94, 129]
[97, 98]
[97, 133]
[98, 64]
[98, 133]
[101, 102]
[101, 67]
[101, 136]
[102, 68]
[102, 138]
[107, 108]
[107, 73]
[108, 144]
[110, 111]
[111, 112]
[111, 77]
[112, 113]
[112, 148]
[113, 114]
[113, 148]
[114, 80]
[116, 117]
[117, 118]
[117, 83]
[120, 121]
[120, 156]
[120, 155]
[121, 157]
[121, 156]
[123, 89]
[123, 159]
[125, 161]
[125, 160]
[127, 163]
[127, 162]
[129, 165]
[129, 164]
[131, 97]
[131, 167]
[131, 166]
[133, 169]
[135, 136]
[135, 101]
[136, 102]
[138, 104]
[144, 110]
[144, 180]
[144, 179]
[148, 114]
[148, 184]
[148, 183]
[155, 156]
[155, 121]
[155, 190]
[156, 157]
[157, 123]
[159, 160]
[159, 125]
[159, 195]
[159, 194]
[160, 161]
[160, 195]
[161, 162]
[161, 127]
[162, 163]
[163, 164]
[163, 129]
[163, 199]
[164, 165]
[164, 200]
[164, 199]
[165, 166]
[165, 131]
[165, 201]
[165, 200]
[166, 167]
[166, 202]
[166, 201]
[167, 133]
[167, 202]
[169, 135]
[169, 205]
[169, 204]
[178, 179]
[178, 144]
[178, 213]
[179, 180]
[180, 181]
[183, 184]
[183, 219]
[183, 218]
[184, 185]
[184, 220]
[184, 219]
[185, 186]
[185, 220]
[186, 187]
[186, 222]
[187, 188]
[187, 222]
[188, 189]
[188, 224]
[189, 190]
[189, 155]
[189, 225]
[189, 224]
[190, 156]
[190, 225]
[194, 195]
[194, 160]
[194, 230]
[194, 229]
[195, 161]
[195, 231]
[195, 230]
[199, 200]
[199, 165]
[199, 235]
[199, 234]
[200, 201]
[200, 166]
[200, 235]
[201, 202]
[201, 167]
[204, 205]
[204, 239]
[205, 206]
[205, 241]
[206, 242]
[206, 241]
[208, 243]
[211, 212]
[212, 213]
[212, 178]
[213, 179]
[218, 219]
[218, 184]
[219, 220]
[219, 185]
[220, 186]
[222, 188]
[224, 225]
[224, 190]
[229, 230]
[229, 195]
[230, 231]
[234, 235]
[234, 200]
[235, 201]
[239, 205]
[241, 242]
[242, 243]
[242, 208]
