[0, 1]
[0, 36]
[0, 35]
[1, 2]
[1, 37]
[1, 36]
[2, 3]
[2, 38]
[2, 37]
[3, 39]
[3, 38]
[5, 6]
[5, 41]
[6, 7]
[6, 41]
[9, 10]
[10, 46]
[12, 13]
[12, 48]
[12, 47]
[13, 49]
[13, 48]
[16, 51]
[19, 55]
[22, 57]
[24, 25]
[24, 60]
[24, 59]
[25, 26]
[25, 61]
[25, 60]
[26, 62]
[26, 61]
[28, 63]
[30, 66]
[30, 65]
[35, 36]
[35, 1]
[35, 71]
[35, 70]
[36, 37]
[36, 2]
[36, 71]
[37, 38]
[37, 3]
[38, 39]
[39, 5]
[41, 7]
[46, 47]
[46, 12]
[46, 81]
[47, 48]
[47, 13]
[47, 83]
[48, 49]
[48, 83]
[49, 50]
[50, 51]
[50, 16]
[50, 86]
[51, 87]
[51, 86]
[53, 19]
[53, 89]
[55, 91]
[57, 93]
[59, 60]
[59, 25]
[59, 95]
[59, 94]
[60, 61]
[60, 26]
[60, 96]
[60, 95]
[61, 62]
[61, 96]
[62, 63]
[62, 28]
[62, 98]
[63, 98]
[65, 66]
[66, 67]
[67, 68]
[67, 103]
[68, 69]
[68, 104]
[68, 103]
[69, 104]
[70, 71]
[70, 36]
[70, 106]
[70, 105]
[71, 37]
[71, 107]
[71, 106]
[78, 79]
[78, 114]
[78, 113]
[79, 115]
[79, 114]
[81, 47]
[81, 116]
[83, 49]
[83, 119]
[86, 87]
[86, 121]
[87, 53]
[89, 55]
[89, 125]
[89, 124]
[91, 57]
[91, 127]
[91, 126]
[93, 94]
[93, 59]
[94, 95]
[94, 60]
[95, 96]
[95, 61]
[95, 131]
[96, 62]
[96, 132]
[96, 131]
[98, 134]
[98, 133]
[103, 104]
[103, 69]
[103, 139]
[103, 138]
[104, 139]
[105, 106]
[105, 71]
[106, 107]
[106, 142]
[107, 143]
[107, 142]
[109, 110]
[109, 145]
[109, 144]
[110, 145]
[113, 114]
[113, 79]
[113, 149]
[114, 115]
[114, 150]
[114, 149]
[115, 116]
[115, 81]
[115, 151]
[115, 150]
[116, 151]
[119, 120]
[120, 121]
[120, 86]
[121, 87]
[121, 157]
[124, 125]
[124, 160]
[124, 159]
[125, 126]
[125, 91]
[125, 160]
[126, 127]
[126, 162]
[127, 93]
[127, 162]
[131, 132]
[131, 167]
[132, 133]
[132, 98]
[132, 167]
[133, 134]
[134, 170]
[137, 138]
[137, 103]
[137, 173]
[137, 172]
[138, 139]
[138, 104]
[138, 174]
[138, 173]
[139, 174]
[142, 143]
[142, 177]
[143, 144]
[143, 109]
[144, 145]
[144, 110]
[147, 113]
[147, 182]
[149, 150]
[149, 115]
[149, 185]
[149, 184]
[150, 151]
[150, 116]
[150, 186]
[150, 185]
[151, 187]
[151, 186]
[157, 193]
[159, 160]
[159, 125]
[159, 195]
[160, 126]
[160, 196]
[160, 195]
[164, 165]
[164, 200]
[164, 199]
[165, 131]
[165, 200]
[167, 133]
[167, 203]
[167, 202]
[170, 171]
[170, 205]
[171, 172]
[171, 137]
[171, 207]
[172, 173]
[172, 138]
[172, 207]
[173, 174]
[173, 139]
[173, 209]
[174, 209]
[177, 143]
[177, 212]
[184, 185]
[184, 150]
[184, 219]
[185, 186]
[185, 151]
[185, 221]
[186, 187]
[186, 221]
[187, 188]
[188, 189]
[188, 224]
[189, 225]
[189, 224]
[191, 157]
[191, 226]
[193, 159]
[193, 228]
[195, 196]
[195, 230]
[196, 162]
[196, 232]
[199, 200]
[199, 165]
[199, 235]
[199, 234]
[200, 236]
[200, 235]
[202, 203]
[202, 238]
[202, 237]
[203, 204]
[203, 238]
[204, 205]
[204, 170]
[204, 240]
[205, 171]
[205, 241]
[205, 240]
[207, 173]
[207, 243]
[207, 242]
[211, 212]
[211, 177]
[215, 216]
[216, 182]
[219, 185]
[221, 187]
[224, 225]
[225, 226]
[225, 191]
[230, 196]
[232, 233]
[233, 234]
[233, 199]
[234, 235]
[234, 200]
[235, 236]
[236, 237]
[236, 202]
[237, 238]
[237, 203]
[238, 204]
[240, 241]
[241, 242]
[241, 207]
[242, 243]
[243, 209]
