[0, 36]
[0, 35]
[2, 3]
[2, 38]
[2, 37]
[3, 38]
[7, 43]
[9, 10]
[9, 44]
[10, 46]
[18, 54]
[18, 53]
[21, 22]
[21, 57]
[22, 23]
[22, 57]
[31, 67]
[31, 66]
[33, 69]
[33, 68]
[35, 36]
[35, 70]
[36, 37]
[36, 2]
[36, 72]
[37, 38]
[37, 3]
[37, 73]
[37, 72]
[38, 73]
[41, 7]
[41, 76]
[43, 44]
[43, 9]
[43, 78]
[44, 10]
[46, 47]
[46, 81]
[47, 48]
[48, 84]
[53, 54]
[53, 88]
[57, 23]
[57, 92]
[60, 61]
[61, 62]
[62, 63]
[63, 64]
[63, 99]
[64, 65]
[64, 99]
[65, 66]
[65, 31]
[66, 67]
[67, 68]
[67, 33]
[68, 69]
[70, 36]
[70, 106]
[72, 73]
[72, 38]
[72, 107]
[73, 109]
[76, 112]
[78, 44]
[81, 47]
[81, 116]
[84, 85]
[85, 86]
[88, 54]
[91, 92]
[91, 57]
[99, 65]
[99, 134]
[106, 107]
[106, 72]
[106, 142]
[107, 73]
[107, 142]
[109, 110]
[109, 145]
[109, 144]
[110, 76]
[110, 146]
[110, 145]
[112, 78]
[112, 147]
[129, 165]
[129, 164]
[133, 134]
[133, 99]
[133, 169]
[134, 170]
[134, 169]
[137, 173]
[142, 178]
[142, 177]
[144, 145]
[144, 110]
[144, 180]
[144, 179]
[145, 146]
[145, 181]
[145, 180]
[146, 147]
[146, 112]
[146, 182]
[146, 181]
[147, 182]
[153, 154]
[153, 188]
[154, 190]
[160, 196]
[162, 163]
[162, 198]
[163, 164]
[163, 129]
[163, 199]
[163, 198]
[164, 165]
[164, 199]
[165, 166]
[165, 201]
[166, 167]
[166, 201]
[167, 133]
[167, 203]
[169, 170]
[170, 206]
[173, 174]
[173, 209]
[174, 209]
[177, 178]
[177, 213]
[177, 212]
[178, 179]
[178, 144]
[178, 214]
[178, 213]
[179, 180]
[179, 145]
[179, 214]
[180, 181]
[180, 146]
[180, 216]
[181, 182]
[181, 147]
[181, 216]
[182, 218]
[187, 188]
[187, 153]
[188, 154]
[188, 224]
[190, 156]
[190, 225]
[193, 229]
[196, 162]
[196, 232]
[198, 199]
[198, 164]
[198, 234]
[199, 165]
[199, 234]
[201, 167]
[201, 236]
[203, 169]
[203, 238]
[206, 207]
[206, 241]
[207, 173]
[209, 244]
[212, 213]
[212, 178]
[213, 214]
[213, 179]
[214, 180]
[216, 182]
[224, 225]
[224, 190]
[232, 198]
[240, 241]
[240, 206]
[241, 207]
