[4, 5]
[4, 40]
[5, 41]
[5, 40]
[8, 9]
[9, 10]
[10, 11]
[11, 12]
[12, 48]
[14, 15]
[14, 50]
[15, 50]
[18, 19]
[18, 53]
[19, 20]
[20, 21]
[21, 57]
[26, 61]
[33, 34]
[33, 69]
[34, 69]
[36, 71]
[40, 41]
[40, 75]
[48, 14]
[48, 84]
[52, 53]
[52, 18]
[52, 88]
[53, 19]
[53, 88]
[59, 60]
[59, 95]
[60, 61]
[60, 26]
[60, 95]
[61, 97]
[65, 31]
[65, 101]
[70, 71]
[70, 36]
[70, 106]
[71, 107]
[71, 106]
[73, 108]
[75, 41]
[78, 79]
[78, 113]
[81, 82]
[82, 48]
[84, 50]
[84, 120]
[88, 124]
[88, 123]
[95, 61]
[95, 131]
[97, 98]
[97, 132]
[98, 99]
[99, 65]
[99, 135]
[101, 137]
[103, 69]
[106, 107]
[106, 141]
[107, 108]
[107, 73]
[107, 143]
[108, 144]
[108, 143]
[112, 113]
[112, 78]
[113, 79]
[120, 156]
[120, 155]
[122, 123]
[122, 88]
[122, 158]
[122, 157]
[123, 124]
[123, 158]
[128, 164]
[128, 163]
[131, 132]
[131, 97]
[131, 166]
[132, 98]
[132, 168]
[135, 101]
[137, 103]
[137, 172]
[141, 107]
[141, 176]
[143, 144]
[143, 179]
[143, 178]
[144, 179]
[146, 112]
[146, 181]
[154, 155]
[154, 120]
[154, 190]
[155, 156]
[155, 190]
[156, 157]
[156, 122]
[157, 158]
[157, 123]
[158, 124]
[162, 163]
[162, 128]
[162, 197]
[163, 164]
[166, 132]
[168, 203]
[172, 207]
[176, 212]
[178, 179]
[178, 144]
[178, 214]
[179, 215]
[179, 214]
[181, 216]
[183, 184]
[183, 219]
[183, 218]
[184, 185]
[184, 219]
[185, 186]
[185, 221]
[186, 152]
[186, 222]
[186, 221]
[190, 156]
[190, 226]
[190, 225]
[197, 163]
[203, 238]
[206, 207]
[206, 172]
[209, 244]
[212, 178]
[214, 215]
[215, 216]
[215, 181]
[218, 219]
[218, 184]
[219, 185]
[221, 222]
[222, 223]
[223, 224]
[224, 225]
[224, 190]
[225, 226]
[235, 236]
[236, 237]
[237, 238]
[237, 203]
[240, 206]
