[0, 1]
[0, 35]
[1, 37]
[3, 4]
[3, 38]
[4, 40]
[7, 43]
[7, 42]
[9, 10]
[10, 11]
[11, 12]
[11, 47]
[12, 48]
[12, 47]
[14, 50]
[14, 49]
[21, 56]
[23, 24]
[23, 59]
[23, 58]
[24, 59]
[26, 27]
[26, 62]
[27, 28]
[27, 62]
[28, 29]
[28, 64]
[29, 30]
[29, 64]
[30, 31]
[31, 32]
[31, 67]
[32, 33]
[32, 67]
[33, 34]
[33, 69]
[34, 69]
[35, 1]
[35, 71]
[35, 70]
[37, 38]
[37, 3]
[37, 73]
[38, 4]
[38, 73]
[42, 43]
[42, 77]
[43, 9]
[47, 48]
[48, 49]
[48, 14]
[49, 50]
[50, 51]
[51, 17]
[56, 92]
[58, 59]
[58, 24]
[58, 93]
[62, 28]
[62, 98]
[62, 97]
[64, 30]
[64, 100]
[64, 99]
[67, 33]
[67, 103]
[67, 102]
[69, 104]
[70, 71]
[70, 106]
[71, 37]
[71, 107]
[71, 106]
[73, 109]
[77, 43]
[77, 112]
[81, 47]
[81, 117]
[81, 116]
[89, 125]
[89, 124]
[92, 93]
[92, 58]
[92, 128]
[93, 59]
[93, 129]
[93, 128]
[96, 97]
[96, 62]
[96, 132]
[97, 98]
[97, 133]
[97, 132]
[98, 99]
[98, 64]
[98, 133]
[99, 100]
[99, 135]
[100, 101]
[100, 135]
[101, 102]
[101, 67]
[102, 103]
[102, 138]
[103, 104]
[103, 69]
[103, 138]
[106, 107]
[106, 142]
[106, 141]
[107, 73]
[107, 143]
[107, 142]
[109, 110]
[109, 145]
[109, 144]
[110, 111]
[110, 145]
[111, 112]
[111, 77]
[116, 117]
[116, 152]
[116, 151]
[117, 153]
[117, 152]
[119, 120]
[119, 155]
[120, 121]
[120, 156]
[120, 155]
[121, 157]
[121, 156]
[123, 124]
[123, 89]
[123, 159]
[123, 158]
[124, 125]
[124, 159]
[125, 126]
[126, 92]
[128, 129]
[128, 164]
[129, 130]
[129, 164]
[130, 96]
[130, 166]
[132, 133]
[132, 98]
[132, 167]
[133, 99]
[135, 101]
[135, 171]
[138, 104]
[138, 174]
[138, 173]
[140, 141]
[140, 106]
[141, 142]
[141, 107]
[142, 143]
[142, 178]
[143, 144]
[143, 109]
[143, 178]
[144, 145]
[144, 110]
[145, 111]
[145, 181]
[149, 184]
[151, 152]
[151, 117]
[151, 186]
[152, 153]
[152, 188]
[153, 119]
[153, 188]
[155, 156]
[155, 121]
[155, 191]
[156, 157]
[156, 192]
[156, 191]
[157, 158]
[157, 123]
[157, 192]
[158, 159]
[158, 124]
[159, 125]
[164, 130]
[164, 199]
[166, 167]
[166, 132]
[166, 202]
[166, 201]
[167, 133]
[167, 203]
[167, 202]
[171, 172]
[172, 173]
[172, 138]
[173, 174]
[173, 209]
[174, 209]
[178, 144]
[178, 214]
[181, 182]
[181, 217]
[182, 183]
[182, 218]
[182, 217]
[183, 184]
[183, 149]
[183, 218]
[186, 152]
[188, 224]
[188, 223]
[191, 192]
[191, 157]
[191, 227]
[192, 158]
[192, 227]
[197, 233]
[199, 234]
[201, 202]
[201, 167]
[202, 203]
[205, 171]
[205, 241]
[205, 240]
[209, 244]
[214, 215]
[215, 181]
[217, 218]
[217, 183]
[218, 184]
[223, 224]
[224, 225]
[225, 191]
[230, 231]
[231, 197]
[233, 234]
[233, 199]
[240, 241]
[243, 244]
[243, 209]
