[0, 1]
[0, 36]
[0, 35]
[1, 2]
[1, 37]
[1, 36]
[2, 3]
[2, 38]
[2, 37]
[3, 39]
[3, 38]
[5, 6]
[5, 41]
[6, 7]
[6, 42]
[6, 41]
[7, 42]
[14, 49]
[16, 17]
[16, 52]
[16, 51]
[17, 53]
[17, 52]
[24, 25]
[24, 60]
[24, 59]
[25, 26]
[25, 60]
[26, 27]
[27, 28]
[28, 29]
[29, 30]
[30, 31]
[30, 66]
[31, 32]
[31, 66]
[32, 33]
[32, 68]
[33, 34]
[33, 68]
[35, 36]
[35, 1]
[35, 71]
[36, 37]
[36, 2]
[36, 72]
[36, 71]
[37, 38]
[37, 3]
[37, 72]
[38, 39]
[39, 5]
[39, 75]
[41, 42]
[41, 7]
[41, 77]
[41, 76]
[42, 77]
[44, 80]
[44, 79]
[47, 48]
[47, 83]
[47, 82]
[48, 49]
[48, 14]
[48, 84]
[48, 83]
[49, 85]
[49, 84]
[51, 52]
[51, 17]
[51, 87]
[52, 53]
[52, 87]
[53, 89]
[59, 60]
[59, 25]
[59, 95]
[60, 26]
[60, 96]
[60, 95]
[66, 32]
[66, 102]
[66, 101]
[68, 34]
[68, 103]
[71, 72]
[71, 37]
[71, 106]
[72, 38]
[72, 108]
[75, 76]
[75, 41]
[75, 111]
[75, 110]
[76, 77]
[76, 42]
[76, 111]
[79, 80]
[79, 114]
[80, 116]
[82, 83]
[82, 48]
[82, 118]
[83, 84]
[83, 49]
[83, 118]
[84, 85]
[85, 51]
[87, 53]
[89, 125]
[89, 124]
[91, 92]
[91, 126]
[92, 93]
[92, 128]
[93, 59]
[93, 128]
[95, 96]
[95, 131]
[95, 130]
[96, 97]
[96, 131]
[97, 133]
[99, 100]
[99, 135]
[99, 134]
[100, 101]
[100, 66]
[100, 135]
[101, 102]
[101, 137]
[102, 103]
[102, 68]
[102, 138]
[102, 137]
[103, 139]
[103, 138]
[105, 106]
[105, 71]
[105, 141]
[106, 72]
[106, 141]
[108, 144]
[108, 143]
[110, 111]
[110, 76]
[110, 146]
[110, 145]
[111, 77]
[111, 147]
[111, 146]
[114, 80]
[114, 150]
[114, 149]
[116, 82]
[116, 151]
[118, 84]
[118, 153]
[124, 125]
[124, 160]
[124, 159]
[125, 126]
[125, 91]
[125, 161]
[125, 160]
[126, 92]
[126, 161]
[128, 164]
[130, 131]
[130, 96]
[131, 97]
[133, 134]
[133, 99]
[133, 169]
[133, 168]
[134, 135]
[134, 100]
[134, 170]
[134, 169]
[135, 101]
[135, 171]
[135, 170]
[137, 138]
[137, 103]
[137, 172]
[138, 139]
[138, 174]
[139, 174]
[143, 144]
[143, 178]
[144, 145]
[144, 110]
[144, 180]
[145, 146]
[145, 111]
[145, 180]
[146, 147]
[146, 182]
[147, 148]
[147, 182]
[148, 149]
[148, 114]
[148, 184]
[149, 150]
[149, 185]
[149, 184]
[150, 151]
[150, 116]
[150, 186]
[150, 185]
[151, 186]
[153, 189]
[153, 188]
[156, 157]
[156, 192]
[156, 191]
[157, 158]
[157, 193]
[157, 192]
[158, 159]
[158, 124]
[158, 194]
[158, 193]
[159, 160]
[159, 125]
[159, 195]
[159, 194]
[160, 161]
[160, 126]
[160, 196]
[160, 195]
[161, 196]
[164, 130]
[164, 200]
[168, 169]
[168, 134]
[168, 204]
[169, 170]
[169, 135]
[169, 205]
[169, 204]
[170, 171]
[170, 205]
[171, 172]
[171, 137]
[171, 207]
[172, 138]
[172, 208]
[172, 207]
[175, 141]
[175, 211]
[175, 210]
[178, 144]
[178, 214]
[178, 213]
[180, 146]
[180, 215]
[182, 148]
[182, 217]
[184, 185]
[184, 150]
[184, 220]
[184, 219]
[185, 186]
[185, 151]
[185, 221]
[185, 220]
[186, 222]
[186, 221]
[188, 189]
[188, 224]
[189, 224]
[191, 192]
[191, 157]
[191, 226]
[192, 193]
[192, 158]
[193, 194]
[193, 159]
[194, 195]
[194, 160]
[195, 196]
[195, 161]
[196, 232]
[198, 164]
[198, 233]
[204, 205]
[204, 170]
[205, 171]
[205, 241]
[207, 208]
[208, 174]
[208, 244]
[210, 211]
[211, 212]
[212, 213]
[212, 178]
[213, 214]
[214, 215]
[214, 180]
[219, 220]
[219, 185]
[220, 221]
[220, 186]
[221, 222]
[222, 188]
[226, 192]
[232, 233]
[232, 198]
[237, 238]
[238, 204]
[241, 207]
