[1, 2]
[1, 37]
[1, 36]
[2, 3]
[2, 38]
[2, 37]
[3, 4]
[3, 38]
[4, 5]
[5, 6]
[5, 41]
[6, 42]
[6, 41]
[11, 46]
[13, 48]
[19, 20]
[19, 55]
[19, 54]
[20, 21]
[20, 55]
[23, 24]
[24, 60]
[26, 61]
[30, 66]
[36, 37]
[36, 2]
[37, 38]
[37, 3]
[38, 4]
[38, 74]
[41, 42]
[41, 77]
[41, 76]
[42, 43]
[42, 78]
[42, 77]
[43, 44]
[43, 79]
[43, 78]
[44, 45]
[44, 80]
[44, 79]
[45, 46]
[45, 11]
[45, 81]
[45, 80]
[46, 81]
[50, 51]
[50, 86]
[50, 85]
[51, 52]
[51, 86]
[52, 53]
[53, 54]
[53, 19]
[54, 55]
[54, 20]
[55, 21]
[60, 61]
[60, 26]
[60, 95]
[61, 97]
[64, 30]
[64, 100]
[64, 99]
[66, 32]
[74, 75]
[74, 110]
[75, 76]
[75, 41]
[75, 111]
[75, 110]
[76, 77]
[76, 42]
[76, 112]
[76, 111]
[77, 78]
[77, 43]
[77, 112]
[78, 79]
[78, 44]
[79, 80]
[79, 45]
[80, 81]
[80, 46]
[85, 86]
[85, 51]
[85, 120]
[86, 52]
[86, 122]
[95, 61]
[97, 133]
[97, 132]
[99, 100]
[100, 66]
[103, 139]
[103, 138]
[107, 108]
[107, 142]
[108, 74]
[108, 144]
[110, 111]
[110, 76]
[110, 146]
[110, 145]
[111, 112]
[111, 77]
[111, 146]
[112, 78]
[120, 86]
[120, 156]
[120, 155]
[126, 162]
[132, 133]
[133, 99]
[137, 138]
[137, 103]
[137, 173]
[138, 139]
[138, 173]
[140, 141]
[140, 176]
[140, 175]
[141, 142]
[141, 107]
[141, 177]
[141, 176]
[142, 108]
[142, 178]
[142, 177]
[144, 145]
[144, 110]
[144, 180]
[144, 179]
[145, 146]
[145, 111]
[145, 180]
[146, 112]
[146, 182]
[149, 150]
[149, 184]
[150, 151]
[150, 186]
[151, 152]
[151, 186]
[152, 118]
[152, 188]
[155, 156]
[156, 122]
[162, 163]
[162, 197]
[163, 164]
[164, 165]
[165, 166]
[165, 201]
[166, 132]
[166, 202]
[166, 201]
[170, 171]
[171, 137]
[171, 207]
[173, 139]
[173, 208]
[175, 176]
[175, 141]
[175, 211]
[175, 210]
[176, 177]
[176, 142]
[176, 211]
[177, 178]
[177, 213]
[178, 179]
[178, 144]
[178, 213]
[179, 180]
[179, 145]
[179, 215]
[180, 146]
[180, 216]
[180, 215]
[182, 217]
[184, 150]
[186, 152]
[186, 222]
[188, 224]
[188, 223]
[196, 197]
[196, 162]
[196, 232]
[197, 163]
[197, 233]
[197, 232]
[201, 202]
[201, 236]
[204, 170]
[204, 240]
[204, 239]
[207, 208]
[207, 173]
[210, 211]
[210, 176]
[211, 177]
[213, 179]
[215, 216]
[216, 217]
[216, 182]
[222, 223]
[222, 188]
[223, 224]
[224, 225]
[225, 226]
[226, 227]
[227, 228]
[228, 194]
[232, 233]
[233, 234]
[236, 202]
[239, 240]
