[6, 7]
[6, 42]
[7, 42]
[9, 10]
[9, 45]
[9, 44]
[10, 11]
[10, 45]
[11, 12]
[16, 52]
[16, 51]
[22, 57]
[24, 59]
[27, 28]
[28, 64]
[32, 68]
[32, 67]
[35, 1]
[35, 70]
[38, 39]
[38, 74]
[38, 73]
[39, 75]
[39, 74]
[42, 77]
[44, 45]
[44, 10]
[44, 80]
[45, 11]
[45, 80]
[50, 51]
[50, 16]
[50, 85]
[51, 52]
[51, 87]
[52, 18]
[52, 88]
[52, 87]
[55, 91]
[55, 90]
[64, 99]
[67, 68]
[68, 104]
[70, 106]
[70, 105]
[72, 73]
[72, 38]
[72, 107]
[73, 74]
[73, 39]
[73, 109]
[74, 75]
[74, 109]
[75, 76]
[76, 77]
[76, 42]
[77, 113]
[80, 116]
[80, 115]
[83, 119]
[85, 51]
[85, 121]
[85, 120]
[87, 88]
[87, 122]
[88, 89]
[88, 124]
[89, 90]
[89, 55]
[89, 125]
[89, 124]
[90, 91]
[90, 126]
[90, 125]
[91, 57]
[91, 126]
[96, 131]
[98, 99]
[98, 64]
[98, 134]
[99, 135]
[99, 134]
[105, 106]
[105, 141]
[106, 107]
[106, 72]
[106, 141]
[107, 73]
[109, 75]
[109, 144]
[113, 149]
[115, 116]
[115, 151]
[116, 152]
[116, 151]
[119, 120]
[119, 85]
[120, 121]
[121, 122]
[121, 87]
[121, 157]
[122, 88]
[122, 158]
[122, 157]
[124, 125]
[124, 90]
[125, 126]
[125, 91]
[125, 161]
[126, 162]
[126, 161]
[129, 165]
[134, 135]
[134, 170]
[135, 136]
[135, 170]
[136, 137]
[137, 138]
[138, 104]
[138, 174]
[141, 107]
[141, 177]
[144, 179]
[149, 115]
[149, 185]
[151, 152]
[151, 187]
[151, 186]
[152, 153]
[152, 188]
[152, 187]
[153, 119]
[153, 188]
[157, 158]
[157, 193]
[157, 192]
[158, 124]
[158, 194]
[158, 193]
[161, 162]
[162, 198]
[165, 131]
[165, 201]
[165, 200]
[170, 136]
[170, 205]
[177, 178]
[177, 212]
[178, 179]
[178, 144]
[179, 215]
[185, 186]
[185, 151]
[185, 221]
[185, 220]
[186, 187]
[186, 152]
[186, 222]
[186, 221]
[187, 188]
[187, 153]
[187, 222]
[192, 193]
[192, 158]
[192, 228]
[193, 194]
[193, 228]
[194, 195]
[194, 230]
[195, 161]
[195, 231]
[195, 230]
[198, 199]
[199, 200]
[199, 165]
[199, 235]
[200, 201]
[200, 235]
[201, 202]
[201, 237]
[202, 238]
[202, 237]
[204, 205]
[204, 170]
[204, 240]
[205, 241]
[205, 240]
[208, 174]
[208, 244]
[208, 243]
[210, 211]
[211, 212]
[211, 177]
[212, 178]
[219, 220]
[219, 185]
[220, 221]
[220, 186]
[221, 222]
[221, 187]
[222, 188]
[226, 192]
[228, 194]
[230, 231]
[231, 232]
[232, 198]
[235, 201]
[237, 238]
[238, 204]
[240, 241]
[243, 244]
