[0, 1]
[0, 36]
[1, 2]
[1, 36]
[2, 3]
[3, 4]
[4, 5]
[10, 11]
[11, 12]
[11, 47]
[12, 48]
[12, 47]
[14, 15]
[14, 50]
[14, 49]
[15, 50]
[17, 18]
[17, 53]
[17, 52]
[18, 53]
[20, 21]
[20, 56]
[21, 56]
[24, 60]
[24, 59]
[28, 29]
[28, 63]
[29, 30]
[30, 31]
[30, 66]
[31, 32]
[31, 66]
[36, 2]
[36, 71]
[42, 8]
[42, 78]
[47, 48]
[47, 82]
[48, 49]
[48, 14]
[49, 50]
[49, 15]
[49, 85]
[50, 85]
[52, 53]
[52, 18]
[52, 88]
[53, 89]
[53, 88]
[56, 91]
[59, 60]
[59, 94]
[60, 61]
[61, 97]
[63, 29]
[63, 99]
[63, 98]
[66, 32]
[66, 102]
[70, 71]
[70, 36]
[70, 106]
[71, 107]
[71, 106]
[74, 75]
[74, 109]
[78, 79]
[78, 114]
[78, 113]
[79, 114]
[82, 48]
[82, 117]
[85, 120]
[88, 89]
[88, 124]
[89, 125]
[89, 124]
[91, 127]
[94, 60]
[94, 130]
[94, 129]
[97, 98]
[97, 63]
[97, 133]
[97, 132]
[98, 99]
[98, 133]
[99, 100]
[99, 135]
[100, 66]
[100, 135]
[106, 107]
[109, 75]
[109, 145]
[112, 113]
[112, 78]
[113, 114]
[113, 79]
[120, 156]
[120, 155]
[122, 88]
[124, 125]
[125, 91]
[127, 163]
[127, 162]
[129, 130]
[129, 164]
[130, 166]
[132, 133]
[132, 98]
[133, 99]
[133, 169]
[135, 171]
[151, 117]
[155, 156]
[155, 191]
[155, 190]
[156, 122]
[156, 191]
[162, 163]
[162, 197]
[163, 164]
[163, 129]
[163, 199]
[164, 130]
[164, 199]
[166, 132]
[169, 135]
[171, 172]
[172, 173]
[175, 176]
[175, 210]
[176, 177]
[177, 178]
[178, 214]
[183, 218]
[188, 189]
[189, 190]
[189, 155]
[190, 191]
[190, 156]
[190, 226]
[191, 227]
[191, 226]
[193, 228]
[197, 163]
[197, 233]
[197, 232]
[199, 235]
[210, 176]
[214, 215]
[215, 216]
[216, 217]
[217, 218]
[217, 183]
[221, 222]
[222, 188]
[226, 227]
[227, 228]
[227, 193]
[232, 233]
[233, 199]
[237, 238]
[238, 239]
