[1, 2]
[1, 37]
[2, 38]
[2, 37]
[7, 42]
[9, 45]
[16, 17]
[16, 51]
[23, 24]
[23, 59]
[23, 58]
[24, 25]
[24, 60]
[24, 59]
[25, 26]
[25, 60]
[26, 27]
[27, 63]
[30, 31]
[30, 66]
[31, 32]
[31, 66]
[32, 33]
[33, 34]
[33, 69]
[34, 69]
[37, 38]
[37, 73]
[38, 4]
[38, 73]
[41, 42]
[41, 7]
[41, 77]
[41, 76]
[42, 78]
[42, 77]
[45, 81]
[45, 80]
[48, 49]
[48, 84]
[48, 83]
[49, 50]
[49, 84]
[50, 51]
[50, 16]
[50, 86]
[51, 17]
[51, 87]
[51, 86]
[56, 57]
[57, 58]
[57, 23]
[58, 59]
[58, 24]
[58, 94]
[59, 60]
[59, 25]
[59, 94]
[60, 26]
[60, 96]
[63, 99]
[66, 32]
[66, 102]
[66, 101]
[70, 71]
[70, 106]
[71, 37]
[71, 107]
[71, 106]
[73, 109]
[73, 108]
[76, 77]
[76, 42]
[76, 112]
[76, 111]
[77, 78]
[77, 113]
[77, 112]
[78, 113]
[80, 81]
[80, 116]
[80, 115]
[81, 116]
[83, 84]
[83, 49]
[83, 119]
[84, 50]
[84, 120]
[84, 119]
[86, 87]
[86, 122]
[87, 88]
[87, 123]
[87, 122]
[88, 54]
[88, 124]
[88, 123]
[94, 60]
[96, 97]
[97, 63]
[97, 133]
[99, 135]
[101, 102]
[101, 136]
[106, 107]
[106, 142]
[106, 141]
[107, 108]
[107, 73]
[107, 142]
[108, 109]
[108, 144]
[109, 110]
[109, 145]
[109, 144]
[110, 111]
[110, 76]
[110, 145]
[111, 112]
[111, 77]
[112, 113]
[112, 78]
[112, 148]
[113, 149]
[113, 148]
[115, 116]
[115, 81]
[115, 151]
[116, 151]
[119, 120]
[120, 86]
[122, 123]
[122, 88]
[122, 158]
[123, 124]
[123, 159]
[123, 158]
[124, 125]
[124, 160]
[124, 159]
[125, 126]
[125, 160]
[126, 127]
[127, 163]
[133, 99]
[133, 168]
[135, 136]
[135, 101]
[135, 171]
[135, 170]
[136, 102]
[136, 172]
[136, 171]
[139, 174]
[140, 141]
[140, 106]
[140, 175]
[141, 142]
[141, 107]
[141, 177]
[142, 108]
[142, 178]
[142, 177]
[144, 145]
[144, 110]
[144, 180]
[145, 111]
[145, 181]
[145, 180]
[148, 149]
[148, 183]
[149, 115]
[151, 186]
[153, 119]
[158, 159]
[158, 124]
[159, 160]
[159, 125]
[159, 195]
[160, 126]
[160, 196]
[160, 195]
[166, 202]
[170, 171]
[170, 136]
[171, 172]
[175, 141]
[177, 178]
[177, 213]
[177, 212]
[178, 144]
[178, 214]
[178, 213]
[180, 181]
[181, 217]
[183, 149]
[183, 218]
[190, 191]
[190, 225]
[191, 227]
[195, 196]
[195, 230]
[200, 166]
[200, 236]
[202, 168]
[202, 238]
[202, 237]
[212, 213]
[212, 178]
[213, 214]
[214, 180]
[217, 218]
[217, 183]
[225, 191]
[227, 228]
[228, 229]
[229, 230]
[229, 195]
[230, 196]
[233, 234]
[234, 200]
[236, 237]
[236, 202]
[237, 238]
[238, 239]
[239, 240]
[240, 241]
[241, 242]
