[6, 42]
[6, 41]
[8, 44]
[8, 43]
[10, 11]
[10, 45]
[11, 47]
[13, 14]
[13, 48]
[18, 19]
[18, 54]
[18, 53]
[19, 54]
[23, 58]
[41, 42]
[42, 43]
[42, 8]
[43, 44]
[44, 45]
[44, 10]
[44, 80]
[45, 11]
[45, 81]
[45, 80]
[47, 48]
[47, 13]
[48, 14]
[53, 54]
[53, 19]
[53, 89]
[54, 89]
[57, 58]
[57, 23]
[57, 93]
[57, 92]
[58, 94]
[58, 93]
[65, 66]
[66, 67]
[66, 102]
[67, 33]
[67, 102]
[72, 108]
[80, 81]
[80, 115]
[81, 47]
[81, 117]
[89, 125]
[92, 93]
[92, 58]
[93, 94]
[102, 137]
[108, 109]
[108, 143]
[109, 145]
[112, 148]
[112, 147]
[114, 115]
[114, 80]
[114, 150]
[115, 81]
[115, 150]
[117, 152]
[119, 155]
[119, 154]
[125, 161]
[131, 132]
[131, 166]
[132, 133]
[133, 134]
[133, 169]
[134, 135]
[134, 169]
[135, 136]
[136, 137]
[136, 102]
[136, 172]
[137, 173]
[137, 172]
[142, 143]
[142, 108]
[142, 178]
[142, 177]
[143, 109]
[143, 179]
[143, 178]
[145, 180]
[147, 148]
[147, 182]
[148, 114]
[150, 186]
[152, 188]
[152, 187]
[154, 155]
[154, 190]
[154, 189]
[155, 156]
[155, 191]
[155, 190]
[156, 157]
[156, 192]
[156, 191]
[157, 192]
[161, 162]
[166, 132]
[166, 202]
[169, 135]
[172, 173]
[172, 208]
[173, 209]
[173, 208]
[177, 178]
[177, 143]
[177, 212]
[178, 179]
[179, 180]
[179, 145]
[182, 148]
[182, 218]
[186, 187]
[186, 152]
[186, 222]
[187, 188]
[187, 222]
[188, 189]
[188, 154]
[189, 190]
[189, 155]
[189, 225]
[190, 191]
[190, 156]
[190, 225]
[191, 192]
[191, 157]
[191, 227]
[192, 228]
[192, 227]
[194, 195]
[194, 230]
[195, 161]
[195, 231]
[195, 230]
[200, 166]
[200, 236]
[202, 203]
[202, 237]
[203, 169]
[208, 209]
[208, 243]
[212, 178]
[218, 219]
[219, 220]
[220, 186]
[222, 188]
[225, 191]
[227, 228]
[228, 194]
[230, 231]
[231, 232]
[232, 233]
[233, 234]
[234, 200]
[236, 237]
[236, 202]
[237, 203]
[242, 243]
[242, 208]
[243, 209]
