[0, 1]
[0, 35]
[5, 6]
[5, 41]
[5, 40]
[6, 7]
[6, 41]
[7, 8]
[8, 9]
[8, 44]
[9, 10]
[9, 45]
[9, 44]
[10, 11]
[10, 46]
[10, 45]
[11, 46]
[13, 14]
[13, 49]
[13, 48]
[14, 50]
[14, 49]
[21, 22]
[21, 57]
[22, 23]
[22, 58]
[22, 57]
[23, 59]
[23, 58]
[25, 26]
[25, 61]
[26, 27]
[26, 62]
[26, 61]
[27, 28]
[27, 63]
[27, 62]
[28, 64]
[28, 63]
[32, 68]
[32, 67]
[35, 1]
[35, 70]
[40, 41]
[40, 6]
[40, 75]
[41, 7]
[44, 45]
[44, 10]
[44, 79]
[45, 46]
[45, 11]
[48, 49]
[48, 14]
[48, 83]
[49, 50]
[49, 85]
[50, 86]
[50, 85]
[52, 88]
[52, 87]
[54, 55]
[54, 89]
[55, 21]
[55, 91]
[57, 58]
[57, 23]
[57, 93]
[57, 92]
[58, 59]
[58, 94]
[58, 93]
[59, 25]
[59, 94]
[61, 62]
[61, 27]
[61, 97]
[62, 63]
[62, 28]
[62, 97]
[63, 64]
[66, 67]
[66, 32]
[66, 102]
[66, 101]
[67, 68]
[67, 103]
[67, 102]
[68, 69]
[68, 104]
[68, 103]
[69, 104]
[72, 107]
[74, 75]
[74, 40]
[75, 41]
[75, 111]
[79, 45]
[79, 115]
[83, 49]
[83, 118]
[85, 86]
[85, 120]
[86, 87]
[86, 52]
[86, 122]
[87, 88]
[87, 123]
[87, 122]
[88, 89]
[88, 54]
[88, 124]
[88, 123]
[89, 55]
[89, 124]
[91, 92]
[91, 57]
[91, 126]
[92, 93]
[92, 58]
[92, 128]
[93, 94]
[93, 59]
[93, 129]
[93, 128]
[94, 130]
[94, 129]
[97, 63]
[101, 102]
[101, 67]
[101, 137]
[101, 136]
[102, 103]
[102, 68]
[102, 137]
[103, 104]
[103, 69]
[107, 143]
[111, 147]
[111, 146]
[115, 151]
[117, 118]
[117, 83]
[117, 153]
[117, 152]
[118, 154]
[118, 153]
[120, 86]
[122, 123]
[122, 88]
[122, 157]
[123, 124]
[123, 89]
[124, 160]
[126, 92]
[126, 162]
[126, 161]
[128, 129]
[128, 94]
[129, 130]
[129, 165]
[130, 131]
[130, 166]
[130, 165]
[131, 97]
[131, 167]
[131, 166]
[134, 135]
[134, 169]
[135, 136]
[135, 101]
[136, 137]
[136, 102]
[137, 103]
[137, 173]
[141, 107]
[141, 177]
[141, 176]
[143, 179]
[143, 178]
[146, 147]
[146, 182]
[147, 148]
[147, 183]
[147, 182]
[148, 149]
[148, 183]
[149, 115]
[149, 185]
[151, 152]
[151, 117]
[151, 186]
[152, 153]
[152, 118]
[153, 154]
[153, 189]
[154, 120]
[154, 190]
[154, 189]
[157, 123]
[157, 193]
[157, 192]
[160, 161]
[160, 126]
[160, 196]
[161, 162]
[161, 197]
[161, 196]
[162, 128]
[162, 197]
[165, 166]
[165, 131]
[166, 167]
[166, 202]
[167, 168]
[167, 203]
[167, 202]
[168, 169]
[168, 134]
[168, 204]
[168, 203]
[169, 135]
[169, 204]
[173, 174]
[176, 177]
[177, 178]
[177, 143]
[177, 213]
[178, 179]
[178, 213]
[179, 180]
[179, 215]
[180, 146]
[180, 215]
[182, 183]
[182, 148]
[182, 218]
[182, 217]
[183, 149]
[183, 218]
[185, 186]
[185, 151]
[185, 220]
[186, 152]
[186, 222]
[189, 190]
[189, 225]
[189, 224]
[190, 191]
[190, 225]
[191, 192]
[191, 157]
[191, 227]
[192, 193]
[192, 227]
[193, 229]
[196, 197]
[196, 162]
[196, 232]
[197, 232]
[199, 165]
[199, 234]
[202, 203]
[202, 168]
[202, 238]
[203, 204]
[203, 169]
[203, 239]
[203, 238]
[204, 240]
[204, 239]
[207, 173]
[207, 242]
[210, 176]
[213, 179]
[217, 218]
[217, 183]
[220, 186]
[222, 223]
[223, 224]
[223, 189]
[224, 225]
[224, 190]
[225, 191]
[227, 193]
[238, 239]
[238, 204]
[239, 240]
[240, 241]
[241, 242]
[241, 207]
