[1, 2]
[1, 36]
[5, 6]
[6, 42]
[12, 48]
[14, 50]
[18, 54]
[18, 53]
[20, 21]
[20, 55]
[24, 25]
[27, 62]
[36, 2]
[36, 71]
[39, 5]
[39, 75]
[39, 74]
[42, 43]
[45, 46]
[45, 81]
[46, 12]
[46, 81]
[48, 14]
[48, 84]
[50, 86]
[52, 53]
[52, 18]
[52, 88]
[52, 87]
[53, 54]
[53, 89]
[53, 88]
[54, 55]
[54, 20]
[54, 90]
[54, 89]
[55, 21]
[55, 91]
[55, 90]
[62, 98]
[64, 99]
[67, 68]
[67, 103]
[67, 102]
[68, 104]
[68, 103]
[70, 71]
[70, 36]
[71, 107]
[74, 75]
[75, 76]
[76, 42]
[76, 112]
[84, 50]
[84, 119]
[86, 87]
[86, 52]
[86, 121]
[87, 88]
[87, 53]
[88, 89]
[88, 54]
[88, 124]
[89, 90]
[89, 55]
[89, 124]
[90, 91]
[91, 92]
[92, 93]
[96, 62]
[96, 132]
[98, 99]
[98, 64]
[98, 133]
[99, 135]
[102, 103]
[102, 68]
[103, 104]
[107, 108]
[108, 74]
[108, 144]
[115, 81]
[115, 151]
[118, 119]
[118, 84]
[118, 154]
[119, 154]
[121, 87]
[121, 156]
[124, 90]
[130, 96]
[132, 133]
[132, 98]
[132, 168]
[132, 167]
[133, 99]
[133, 168]
[135, 136]
[136, 102]
[136, 172]
[144, 179]
[151, 186]
[154, 189]
[156, 192]
[163, 164]
[164, 130]
[167, 168]
[167, 133]
[167, 202]
[168, 204]
[172, 173]
[173, 209]
[177, 213]
[177, 212]
[181, 217]
[185, 186]
[185, 151]
[186, 222]
[188, 189]
[188, 154]
[188, 223]
[189, 225]
[192, 227]
[202, 168]
[206, 172]
[206, 241]
[211, 212]
[211, 177]
[212, 213]
[213, 179]
[217, 218]
[222, 223]
[222, 188]
[223, 189]
[236, 202]
[243, 209]
