[4, 5]
[4, 40]
[4, 39]
[5, 40]
[7, 43]
[9, 45]
[12, 13]
[12, 47]
[15, 16]
[15, 51]
[15, 50]
[16, 17]
[16, 51]
[17, 18]
[18, 19]
[19, 20]
[19, 55]
[20, 56]
[20, 55]
[22, 23]
[22, 57]
[23, 24]
[23, 59]
[24, 25]
[24, 60]
[24, 59]
[25, 61]
[25, 60]
[27, 28]
[30, 66]
[35, 70]
[37, 38]
[37, 73]
[37, 72]
[38, 39]
[38, 4]
[38, 73]
[39, 40]
[39, 5]
[39, 75]
[40, 76]
[40, 75]
[43, 9]
[43, 79]
[45, 80]
[47, 13]
[47, 82]
[50, 51]
[50, 16]
[50, 85]
[51, 17]
[51, 87]
[55, 56]
[55, 91]
[56, 57]
[56, 22]
[56, 91]
[57, 23]
[59, 60]
[59, 25]
[59, 94]
[60, 61]
[60, 96]
[61, 27]
[61, 96]
[66, 67]
[70, 106]
[72, 73]
[72, 38]
[72, 108]
[72, 107]
[73, 39]
[73, 108]
[75, 76]
[75, 111]
[76, 111]
[79, 80]
[79, 45]
[79, 115]
[80, 115]
[82, 117]
[84, 85]
[84, 50]
[85, 51]
[87, 88]
[87, 123]
[87, 122]
[88, 123]
[91, 57]
[91, 127]
[94, 60]
[94, 130]
[94, 129]
[96, 132]
[96, 131]
[106, 107]
[106, 72]
[106, 142]
[106, 141]
[107, 108]
[107, 73]
[107, 143]
[107, 142]
[108, 143]
[111, 147]
[113, 79]
[113, 149]
[115, 151]
[117, 152]
[122, 123]
[122, 88]
[122, 158]
[122, 157]
[123, 159]
[123, 158]
[129, 130]
[129, 165]
[129, 164]
[130, 131]
[130, 96]
[130, 165]
[131, 132]
[132, 168]
[134, 135]
[135, 136]
[136, 137]
[141, 142]
[141, 107]
[142, 143]
[142, 108]
[142, 178]
[143, 179]
[143, 178]
[147, 113]
[147, 183]
[147, 182]
[149, 115]
[151, 152]
[151, 117]
[152, 188]
[157, 158]
[157, 123]
[157, 193]
[158, 159]
[158, 193]
[159, 160]
[164, 165]
[164, 130]
[164, 200]
[165, 131]
[165, 200]
[168, 134]
[168, 203]
[178, 179]
[178, 213]
[179, 215]
[182, 183]
[183, 149]
[188, 224]
[193, 159]
[197, 198]
[197, 232]
[198, 164]
[200, 235]
[203, 239]
[205, 206]
[205, 241]
[206, 207]
[206, 241]
[212, 213]
[212, 178]
[213, 179]
[224, 225]
[227, 193]
[230, 231]
[231, 232]
[231, 197]
[232, 198]
[239, 205]
[241, 207]
