[0, 1]
[0, 36]
[1, 2]
[1, 36]
[2, 3]
[3, 39]
[10, 46]
[15, 16]
[15, 51]
[16, 52]
[16, 51]
[27, 28]
[27, 62]
[31, 32]
[31, 67]
[31, 66]
[32, 67]
[36, 2]
[36, 72]
[39, 75]
[46, 82]
[49, 15]
[51, 52]
[54, 90]
[61, 62]
[61, 27]
[61, 97]
[61, 96]
[62, 28]
[62, 97]
[66, 67]
[66, 32]
[66, 101]
[70, 36]
[70, 106]
[70, 105]
[82, 83]
[82, 118]
[83, 49]
[83, 118]
[90, 91]
[90, 126]
[90, 125]
[91, 126]
[93, 94]
[93, 129]
[93, 128]
[94, 129]
[96, 97]
[96, 62]
[96, 132]
[97, 132]
[100, 101]
[100, 66]
[100, 136]
[101, 67]
[101, 136]
[105, 106]
[106, 72]
[109, 75]
[116, 82]
[116, 152]
[116, 151]
[118, 153]
[120, 121]
[120, 156]
[120, 155]
[121, 122]
[121, 157]
[121, 156]
[122, 123]
[122, 157]
[123, 124]
[123, 159]
[124, 125]
[124, 90]
[124, 159]
[125, 126]
[125, 91]
[128, 129]
[128, 94]
[128, 163]
[132, 168]
[134, 100]
[134, 169]
[143, 109]
[146, 181]
[148, 149]
[148, 184]
[149, 185]
[149, 184]
[151, 152]
[151, 187]
[152, 153]
[152, 118]
[152, 188]
[152, 187]
[153, 188]
[155, 156]
[155, 121]
[156, 157]
[156, 122]
[156, 192]
[157, 123]
[157, 192]
[159, 125]
[159, 195]
[163, 129]
[163, 199]
[163, 198]
[166, 132]
[168, 169]
[168, 134]
[177, 143]
[177, 212]
[181, 217]
[181, 216]
[184, 185]
[184, 219]
[185, 151]
[187, 188]
[187, 153]
[187, 223]
[187, 222]
[188, 223]
[192, 228]
[195, 231]
[195, 230]
[198, 199]
[199, 235]
[208, 209]
[208, 243]
[211, 212]
[211, 177]
[215, 216]
[215, 181]
[216, 217]
[217, 218]
[218, 219]
[218, 184]
[219, 185]
[222, 223]
[222, 188]
[226, 192]
[228, 229]
[229, 230]
[229, 195]
[230, 231]
[243, 209]
