[11, 12]
[11, 46]
[20, 55]
[22, 23]
[22, 58]
[23, 59]
[23, 58]
[25, 26]
[29, 65]
[43, 44]
[43, 78]
[44, 45]
[44, 80]
[45, 46]
[45, 11]
[45, 80]
[46, 12]
[46, 82]
[51, 87]
[53, 89]
[53, 88]
[58, 59]
[58, 94]
[59, 25]
[59, 94]
[65, 66]
[66, 67]
[66, 102]
[67, 102]
[70, 36]
[76, 77]
[76, 112]
[76, 111]
[77, 78]
[77, 43]
[77, 113]
[77, 112]
[78, 44]
[78, 113]
[80, 46]
[82, 118]
[87, 88]
[87, 53]
[87, 123]
[87, 122]
[88, 89]
[88, 124]
[88, 123]
[89, 55]
[89, 125]
[89, 124]
[94, 130]
[94, 129]
[97, 98]
[97, 133]
[97, 132]
[98, 133]
[102, 137]
[111, 112]
[111, 77]
[111, 147]
[112, 113]
[112, 78]
[112, 148]
[112, 147]
[113, 149]
[113, 148]
[118, 154]
[120, 121]
[121, 122]
[121, 87]
[122, 123]
[122, 88]
[123, 124]
[123, 89]
[124, 125]
[124, 160]
[125, 161]
[125, 160]
[127, 128]
[127, 162]
[128, 129]
[128, 94]
[128, 164]
[129, 130]
[129, 164]
[132, 133]
[132, 98]
[132, 168]
[133, 169]
[133, 168]
[135, 136]
[135, 171]
[136, 137]
[136, 102]
[136, 172]
[136, 171]
[137, 173]
[137, 172]
[140, 176]
[147, 148]
[147, 113]
[147, 183]
[148, 149]
[148, 184]
[148, 183]
[149, 185]
[149, 184]
[152, 118]
[152, 188]
[152, 187]
[154, 120]
[154, 190]
[160, 161]
[160, 196]
[161, 162]
[161, 127]
[161, 197]
[161, 196]
[162, 128]
[162, 197]
[164, 130]
[168, 169]
[168, 204]
[168, 203]
[169, 135]
[169, 204]
[171, 172]
[171, 137]
[171, 206]
[172, 173]
[172, 208]
[173, 209]
[173, 208]
[176, 177]
[176, 212]
[177, 213]
[177, 212]
[183, 184]
[183, 149]
[184, 185]
[184, 220]
[185, 220]
[187, 188]
[187, 223]
[187, 222]
[188, 154]
[188, 223]
[196, 197]
[196, 162]
[196, 231]
[201, 202]
[201, 237]
[201, 236]
[202, 203]
[202, 168]
[202, 238]
[202, 237]
[203, 204]
[203, 169]
[203, 239]
[203, 238]
[204, 239]
[206, 172]
[208, 209]
[208, 243]
[212, 213]
[216, 217]
[217, 183]
[222, 223]
[222, 188]
[231, 197]
[235, 236]
[235, 201]
[236, 237]
[236, 202]
[237, 238]
[237, 203]
[238, 239]
[238, 204]
[243, 209]
