[2, 3]
[2, 38]
[3, 4]
[3, 38]
[4, 40]
[7, 43]
[9, 45]
[9, 44]
[14, 49]
[16, 17]
[17, 53]
[21, 56]
[31, 67]
[34, 69]
[38, 4]
[38, 74]
[38, 73]
[40, 76]
[43, 44]
[43, 9]
[44, 45]
[45, 81]
[53, 54]
[53, 88]
[56, 91]
[64, 65]
[65, 31]
[67, 103]
[67, 102]
[69, 104]
[70, 106]
[70, 105]
[72, 73]
[72, 38]
[72, 107]
[73, 74]
[73, 109]
[74, 40]
[74, 109]
[76, 77]
[76, 112]
[77, 43]
[77, 113]
[77, 112]
[81, 117]
[81, 116]
[83, 49]
[83, 119]
[83, 118]
[87, 88]
[87, 53]
[87, 123]
[88, 54]
[88, 123]
[91, 126]
[94, 95]
[94, 129]
[97, 132]
[102, 103]
[103, 104]
[103, 69]
[103, 139]
[104, 139]
[105, 106]
[105, 141]
[106, 107]
[106, 72]
[106, 141]
[107, 73]
[109, 144]
[112, 113]
[112, 147]
[116, 117]
[116, 152]
[116, 151]
[117, 118]
[117, 83]
[117, 152]
[118, 119]
[119, 120]
[119, 155]
[120, 156]
[120, 155]
[123, 159]
[125, 126]
[125, 91]
[125, 160]
[126, 162]
[128, 129]
[128, 94]
[129, 95]
[132, 167]
[135, 136]
[136, 102]
[136, 172]
[141, 107]
[144, 180]
[144, 179]
[146, 147]
[146, 112]
[146, 182]
[146, 181]
[147, 113]
[147, 183]
[147, 182]
[151, 152]
[151, 117]
[152, 118]
[152, 188]
[155, 156]
[155, 191]
[156, 157]
[156, 192]
[156, 191]
[157, 123]
[157, 193]
[157, 192]
[159, 160]
[159, 125]
[159, 195]
[159, 194]
[160, 126]
[160, 196]
[160, 195]
[162, 128]
[162, 197]
[172, 208]
[172, 207]
[175, 141]
[178, 179]
[178, 144]
[178, 214]
[179, 180]
[179, 214]
[180, 181]
[180, 146]
[181, 182]
[181, 147]
[182, 183]
[185, 151]
[185, 220]
[188, 189]
[189, 155]
[189, 225]
[191, 192]
[191, 157]
[191, 227]
[191, 226]
[192, 193]
[192, 228]
[192, 227]
[193, 194]
[193, 159]
[193, 229]
[193, 228]
[194, 195]
[194, 160]
[194, 229]
[195, 196]
[196, 197]
[196, 162]
[196, 232]
[197, 232]
[199, 235]
[201, 167]
[201, 237]
[201, 236]
[204, 205]
[204, 239]
[205, 206]
[206, 207]
[206, 172]
[207, 208]
[208, 244]
[214, 180]
[222, 188]
[225, 226]
[225, 191]
[226, 227]
[226, 192]
[227, 228]
[227, 193]
[228, 229]
[228, 194]
[229, 195]
[235, 236]
[235, 201]
[236, 237]
[239, 205]
