[2, 3]
[2, 38]
[2, 37]
[3, 4]
[3, 38]
[4, 5]
[4, 40]
[5, 41]
[5, 40]
[8, 9]
[9, 10]
[13, 14]
[13, 49]
[14, 50]
[14, 49]
[19, 20]
[19, 55]
[20, 21]
[20, 55]
[23, 58]
[27, 63]
[27, 62]
[29, 30]
[29, 64]
[30, 31]
[30, 66]
[31, 32]
[31, 67]
[31, 66]
[32, 33]
[32, 67]
[33, 34]
[33, 69]
[34, 69]
[37, 38]
[37, 3]
[37, 73]
[38, 4]
[38, 74]
[38, 73]
[40, 41]
[40, 75]
[41, 77]
[49, 50]
[49, 85]
[49, 84]
[50, 85]
[55, 21]
[55, 91]
[55, 90]
[60, 61]
[61, 62]
[61, 27]
[61, 97]
[62, 63]
[62, 98]
[62, 97]
[63, 64]
[63, 29]
[63, 98]
[64, 30]
[66, 67]
[66, 32]
[66, 101]
[67, 33]
[67, 103]
[69, 104]
[71, 37]
[71, 107]
[71, 106]
[73, 74]
[74, 75]
[74, 40]
[75, 41]
[75, 111]
[77, 78]
[77, 113]
[77, 112]
[78, 79]
[78, 113]
[79, 80]
[79, 115]
[80, 115]
[82, 83]
[83, 84]
[83, 49]
[83, 119]
[84, 85]
[84, 50]
[84, 119]
[85, 121]
[90, 91]
[90, 126]
[90, 125]
[91, 126]
[97, 98]
[97, 63]
[97, 133]
[97, 132]
[98, 64]
[98, 134]
[98, 133]
[101, 67]
[101, 136]
[103, 104]
[103, 69]
[103, 139]
[103, 138]
[104, 139]
[105, 106]
[105, 71]
[105, 140]
[106, 107]
[106, 142]
[107, 73]
[107, 142]
[111, 112]
[111, 77]
[111, 146]
[112, 113]
[112, 78]
[112, 148]
[113, 79]
[113, 149]
[113, 148]
[115, 151]
[115, 150]
[119, 85]
[119, 155]
[121, 157]
[121, 156]
[124, 125]
[124, 90]
[124, 159]
[125, 126]
[125, 91]
[130, 131]
[130, 166]
[130, 165]
[131, 132]
[131, 97]
[131, 167]
[131, 166]
[132, 133]
[132, 98]
[132, 167]
[133, 134]
[133, 169]
[134, 135]
[134, 170]
[134, 169]
[135, 136]
[135, 101]
[135, 171]
[135, 170]
[136, 171]
[138, 139]
[138, 104]
[138, 174]
[139, 174]
[140, 106]
[140, 176]
[140, 175]
[146, 112]
[146, 181]
[148, 149]
[148, 184]
[149, 150]
[149, 115]
[149, 184]
[150, 151]
[155, 156]
[155, 121]
[155, 191]
[156, 157]
[156, 191]
[159, 125]
[159, 195]
[159, 194]
[165, 166]
[165, 131]
[165, 200]
[166, 167]
[166, 132]
[167, 133]
[167, 203]
[169, 170]
[169, 135]
[169, 204]
[170, 171]
[170, 136]
[170, 206]
[171, 207]
[171, 206]
[174, 209]
[175, 176]
[175, 211]
[176, 142]
[176, 212]
[176, 211]
[181, 217]
[181, 216]
[184, 150]
[184, 220]
[184, 219]
[188, 189]
[189, 155]
[191, 157]
[191, 226]
[194, 195]
[194, 230]
[194, 229]
[195, 231]
[195, 230]
[200, 166]
[203, 204]
[203, 169]
[203, 238]
[204, 170]
[206, 207]
[206, 242]
[206, 241]
[207, 242]
[209, 244]
[211, 212]
[216, 217]
[217, 218]
[218, 219]
[218, 184]
[219, 220]
[220, 221]
[221, 222]
[222, 188]
[228, 229]
[228, 194]
[229, 230]
[229, 195]
[230, 231]
[231, 232]
[232, 233]
[233, 234]
[234, 200]
[237, 238]
[237, 203]
[238, 204]
[241, 242]
[241, 207]
