[1, 37]
[1, 36]
[5, 40]
[8, 9]
[8, 44]
[8, 43]
[9, 45]
[9, 44]
[17, 18]
[17, 53]
[18, 53]
[28, 29]
[29, 30]
[29, 65]
[30, 31]
[30, 66]
[30, 65]
[31, 66]
[33, 69]
[33, 68]
[35, 36]
[35, 1]
[36, 37]
[37, 38]
[38, 39]
[38, 74]
[39, 40]
[39, 5]
[39, 74]
[42, 43]
[42, 8]
[42, 77]
[43, 44]
[43, 9]
[44, 45]
[45, 46]
[46, 82]
[50, 51]
[50, 86]
[51, 17]
[51, 87]
[51, 86]
[53, 89]
[53, 88]
[57, 58]
[57, 93]
[58, 24]
[58, 94]
[58, 93]
[61, 97]
[61, 96]
[65, 66]
[65, 31]
[65, 100]
[68, 69]
[74, 40]
[74, 109]
[77, 43]
[77, 113]
[77, 112]
[82, 83]
[82, 118]
[82, 117]
[83, 119]
[83, 118]
[86, 87]
[86, 122]
[86, 121]
[87, 88]
[87, 53]
[87, 123]
[87, 122]
[88, 89]
[88, 123]
[89, 90]
[90, 91]
[91, 57]
[93, 94]
[93, 129]
[94, 129]
[96, 97]
[96, 132]
[96, 131]
[97, 133]
[97, 132]
[100, 66]
[111, 112]
[111, 77]
[112, 113]
[113, 114]
[117, 118]
[117, 83]
[117, 153]
[117, 152]
[118, 119]
[118, 153]
[119, 155]
[121, 122]
[121, 87]
[121, 156]
[122, 123]
[122, 88]
[123, 89]
[129, 164]
[131, 132]
[131, 97]
[131, 167]
[131, 166]
[132, 133]
[132, 168]
[132, 167]
[133, 134]
[133, 168]
[134, 100]
[137, 173]
[137, 172]
[142, 143]
[142, 178]
[142, 177]
[143, 109]
[143, 178]
[152, 153]
[152, 118]
[152, 188]
[153, 119]
[153, 188]
[155, 156]
[155, 121]
[155, 190]
[156, 122]
[156, 192]
[160, 161]
[161, 162]
[161, 197]
[162, 198]
[162, 197]
[164, 200]
[166, 167]
[166, 132]
[166, 201]
[167, 168]
[167, 133]
[168, 134]
[171, 172]
[171, 137]
[171, 207]
[171, 206]
[172, 173]
[172, 207]
[173, 174]
[177, 178]
[177, 143]
[181, 217]
[181, 216]
[183, 219]
[183, 218]
[186, 152]
[186, 222]
[188, 223]
[190, 156]
[190, 226]
[190, 225]
[192, 228]
[192, 227]
[194, 160]
[194, 230]
[194, 229]
[197, 198]
[197, 233]
[198, 164]
[198, 233]
[200, 201]
[200, 166]
[200, 235]
[201, 167]
[201, 237]
[206, 207]
[206, 172]
[207, 173]
[210, 211]
[211, 177]
[215, 216]
[215, 181]
[216, 217]
[217, 218]
[217, 183]
[218, 219]
[222, 223]
[222, 188]
[225, 226]
[226, 227]
[226, 192]
[227, 228]
[228, 229]
[228, 194]
[229, 230]
[230, 231]
[231, 197]
[235, 201]
[237, 238]
[240, 206]
