[1, 2]
[1, 37]
[2, 38]
[2, 37]
[7, 8]
[12, 48]
[19, 54]
[22, 23]
[23, 24]
[24, 25]
[29, 30]
[30, 31]
[31, 32]
[32, 68]
[37, 38]
[37, 73]
[38, 39]
[38, 73]
[39, 5]
[39, 75]
[48, 83]
[50, 86]
[50, 85]
[52, 53]
[52, 87]
[53, 54]
[53, 19]
[56, 22]
[62, 97]
[68, 69]
[68, 104]
[69, 104]
[70, 106]
[73, 39]
[73, 109]
[75, 76]
[75, 110]
[76, 112]
[78, 79]
[79, 80]
[80, 116]
[83, 119]
[85, 86]
[86, 87]
[86, 52]
[87, 53]
[87, 123]
[95, 96]
[95, 131]
[96, 97]
[96, 62]
[96, 132]
[96, 131]
[97, 132]
[100, 101]
[106, 107]
[106, 142]
[106, 141]
[107, 73]
[107, 143]
[107, 142]
[109, 110]
[109, 75]
[110, 76]
[110, 146]
[112, 78]
[112, 147]
[116, 117]
[116, 152]
[117, 83]
[117, 153]
[117, 152]
[119, 85]
[119, 155]
[123, 159]
[123, 158]
[126, 162]
[131, 132]
[131, 97]
[134, 100]
[134, 170]
[138, 104]
[138, 174]
[141, 142]
[141, 107]
[141, 177]
[142, 143]
[142, 177]
[143, 109]
[143, 179]
[146, 147]
[146, 112]
[146, 182]
[147, 183]
[147, 182]
[152, 153]
[152, 188]
[153, 119]
[153, 189]
[153, 188]
[155, 156]
[156, 157]
[157, 158]
[157, 123]
[158, 159]
[159, 160]
[160, 126]
[160, 196]
[162, 198]
[162, 197]
[164, 199]
[170, 171]
[177, 143]
[179, 215]
[179, 214]
[182, 183]
[182, 217]
[188, 189]
[188, 224]
[189, 155]
[189, 225]
[189, 224]
[196, 197]
[196, 162]
[196, 231]
[197, 198]
[198, 199]
[198, 164]
[198, 234]
[199, 234]
[201, 202]
[201, 237]
[202, 237]
[204, 170]
[204, 239]
[211, 177]
[214, 215]
[215, 216]
[216, 217]
[216, 182]
[217, 183]
[221, 222]
[222, 188]
[224, 225]
[225, 226]
[226, 227]
[231, 197]
