[0, 1]
[0, 36]
[0, 35]
[1, 37]
[1, 36]
[9, 10]
[9, 45]
[10, 45]
[12, 48]
[12, 47]
[14, 50]
[17, 53]
[21, 22]
[21, 56]
[22, 58]
[26, 27]
[27, 63]
[29, 30]
[30, 31]
[30, 66]
[31, 66]
[33, 34]
[35, 36]
[35, 1]
[35, 71]
[35, 70]
[36, 37]
[36, 72]
[36, 71]
[37, 72]
[45, 81]
[47, 48]
[47, 82]
[48, 14]
[53, 89]
[55, 56]
[55, 21]
[55, 90]
[56, 22]
[63, 29]
[63, 99]
[66, 102]
[70, 71]
[70, 36]
[71, 72]
[71, 37]
[71, 107]
[72, 107]
[79, 45]
[79, 115]
[81, 82]
[81, 47]
[81, 117]
[82, 48]
[82, 117]
[89, 90]
[89, 55]
[89, 125]
[90, 56]
[90, 126]
[90, 125]
[104, 139]
[107, 142]
[115, 81]
[117, 152]
[120, 121]
[121, 122]
[125, 126]
[125, 160]
[126, 127]
[130, 96]
[136, 102]
[136, 171]
[139, 174]
[142, 178]
[152, 187]
[154, 120]
[160, 126]
[160, 196]
[160, 195]
[164, 130]
[164, 200]
[167, 202]
[171, 206]
[173, 174]
[173, 139]
[185, 220]
[194, 195]
[194, 160]
[194, 230]
[195, 196]
[195, 230]
[196, 197]
[200, 235]
[202, 238]
[204, 205]
[204, 239]
[205, 206]
[205, 171]
[205, 241]
[206, 241]
[215, 216]
[218, 219]
[219, 220]
[219, 185]
[227, 228]
[228, 194]
[230, 196]
[238, 239]
[238, 204]
[239, 205]
