[3, 4]
[3, 38]
[4, 40]
[7, 43]
[9, 10]
[9, 44]
[10, 11]
[11, 47]
[13, 48]
[15, 51]
[18, 54]
[18, 53]
[21, 57]
[21, 56]
[29, 30]
[30, 31]
[30, 66]
[31, 66]
[33, 69]
[36, 37]
[36, 71]
[37, 38]
[37, 3]
[38, 4]
[40, 41]
[40, 76]
[41, 7]
[41, 76]
[43, 44]
[43, 9]
[44, 10]
[44, 80]
[47, 48]
[47, 13]
[47, 82]
[48, 84]
[51, 52]
[51, 87]
[52, 53]
[52, 18]
[52, 88]
[52, 87]
[53, 54]
[53, 88]
[54, 55]
[55, 56]
[55, 21]
[55, 91]
[56, 57]
[56, 91]
[59, 60]
[62, 98]
[62, 97]
[70, 71]
[70, 36]
[70, 106]
[70, 105]
[71, 37]
[71, 107]
[71, 106]
[80, 116]
[82, 48]
[82, 118]
[84, 120]
[84, 119]
[87, 88]
[87, 53]
[87, 123]
[87, 122]
[88, 54]
[88, 123]
[91, 57]
[91, 126]
[97, 98]
[97, 133]
[97, 132]
[98, 133]
[105, 106]
[105, 71]
[105, 141]
[106, 107]
[106, 142]
[106, 141]
[107, 108]
[107, 143]
[107, 142]
[108, 143]
[116, 82]
[116, 152]
[118, 119]
[118, 84]
[118, 153]
[119, 120]
[120, 156]
[122, 123]
[122, 88]
[122, 158]
[123, 159]
[123, 158]
[125, 126]
[125, 91]
[125, 160]
[130, 131]
[130, 166]
[130, 165]
[131, 132]
[131, 97]
[131, 166]
[132, 133]
[132, 98]
[132, 168]
[133, 169]
[133, 168]
[135, 136]
[135, 171]
[135, 170]
[136, 137]
[136, 171]
[137, 173]
[141, 142]
[141, 107]
[141, 176]
[142, 143]
[142, 108]
[143, 179]
[146, 181]
[148, 183]
[152, 153]
[152, 118]
[152, 188]
[153, 119]
[153, 188]
[156, 122]
[156, 192]
[156, 191]
[158, 159]
[159, 160]
[159, 125]
[160, 126]
[165, 166]
[165, 131]
[165, 200]
[166, 132]
[168, 169]
[168, 204]
[169, 170]
[169, 135]
[169, 205]
[169, 204]
[170, 171]
[170, 136]
[170, 206]
[170, 205]
[171, 137]
[171, 207]
[171, 206]
[173, 139]
[173, 208]
[176, 142]
[181, 217]
[183, 219]
[188, 224]
[191, 192]
[192, 158]
[197, 198]
[198, 234]
[200, 166]
[200, 236]
[200, 235]
[204, 205]
[204, 170]
[204, 239]
[205, 206]
[205, 171]
[205, 241]
[206, 207]
[206, 242]
[206, 241]
[207, 208]
[207, 173]
[207, 242]
[217, 183]
[219, 220]
[220, 221]
[224, 225]
[225, 191]
[234, 235]
[234, 200]
[235, 236]
[238, 239]
[238, 204]
[239, 205]
[241, 242]
[241, 207]
[242, 208]
