0
2
4
6
8
9
10
11
12
13
15
16
17
19
21
22
23
24
25
28
29
31
33
34
35
37
40
43
45
47
48
51
53
57
58
60
61
62
64
65
66
70
73
74
75
76
77
78
79
81
82
83
84
85
88
91
95
96
97
100
103
104
105
107
110
111
113
115
116
117
118
123
124
125
127
128
129
131
132
133
136
137
138
139
141
146
147
151
152
154
155
156
157
158
159
160
161
162
163
164
165
166
167
169
170
171
173
174
177
178
179
182
183
185
186
187
188
190
191
195
197
200
201
204
206
207
208
210
211
212
215
216
219
223
224
228
232
235
236
238
240
241
242
