1
3
5
6
7
8
10
11
12
13
15
17
18
19
23
25
28
29
30
31
32
33
34
36
38
39
40
41
43
44
45
46
48
49
52
53
54
55
56
58
60
61
62
65
66
68
69
70
73
75
76
78
82
83
84
85
90
92
93
94
100
104
105
109
110
113
114
115
116
118
119
122
124
126
127
128
130
132
133
135
136
139
141
144
145
146
147
148
149
150
154
155
156
157
160
161
162
163
165
166
169
170
171
172
173
178
179
180
181
182
183
184
186
187
188
189
190
192
194
195
197
198
199
200
201
205
207
208
210
212
213
215
216
218
219
220
224
225
226
228
229
230
231
232
233
235
236
237
239
240
241
243
244
