2
3
4
7
8
9
10
11
15
16
17
20
21
22
24
25
27
28
35
36
38
39
40
41
43
44
45
46
50
51
54
55
57
61
62
64
65
66
67
68
69
71
72
78
79
81
82
87
88
89
90
91
92
93
94
97
102
105
108
110
111
112
113
118
119
120
122
124
125
127
130
132
133
135
136
138
139
143
146
148
149
150
152
153
154
155
156
157
158
160
162
163
164
166
170
172
174
176
178
179
180
181
182
183
184
186
187
188
189
191
192
193
194
195
197
198
199
200
201
202
203
207
208
209
210
211
212
214
216
218
220
221
224
225
226
230
231
232
236
237
238
239
240
241
242
