1
2
3
6
8
9
10
13
15
17
18
19
20
21
23
25
26
27
28
30
31
34
36
38
39
40
48
50
51
54
55
57
58
59
60
62
64
66
67
68
69
70
71
72
73
74
76
78
79
80
81
83
84
86
87
90
92
93
94
96
98
99
100
101
102
103
105
106
113
115
116
119
120
121
124
126
127
128
131
132
134
135
136
139
140
141
142
144
145
146
147
148
151
155
156
158
159
160
161
162
163
165
166
167
168
169
170
171
173
174
175
178
179
180
186
189
192
196
197
198
199
201
202
203
206
209
210
211
212
214
215
217
218
219
221
223
224
225
226
227
228
229
230
232
233
235
236
237
238
239
240
241
243
