1
2
4
7
8
9
10
13
17
18
19
20
21
23
24
25
27
29
33
35
36
37
39
41
42
43
44
46
47
48
50
56
58
59
62
63
64
67
68
69
72
73
74
75
77
78
79
81
83
84
86
87
88
89
90
91
93
94
97
98
100
102
103
104
105
108
110
111
112
113
115
116
120
122
123
126
127
129
130
131
132
133
134
137
139
140
141
144
147
149
151
152
153
156
157
159
163
164
167
168
171
173
176
177
180
181
182
183
184
187
188
189
191
192
193
194
195
199
201
202
204
205
207
208
209
210
212
214
215
216
217
218
219
221
227
228
229
237
238
240
241
242
