0
5
6
8
9
10
11
13
15
17
19
21
22
23
24
26
27
28
29
31
32
33
35
39
41
44
48
50
53
54
55
56
57
58
59
62
63
68
69
71
73
74
75
79
81
82
85
86
88
89
91
93
95
98
99
101
103
106
107
109
112
116
118
120
121
122
126
127
129
131
134
135
138
139
140
141
142
143
147
148
152
154
155
156
157
158
159
161
162
167
168
169
170
171
172
174
176
178
181
183
186
187
189
191
192
193
194
195
196
198
199
200
201
202
205
206
207
209
211
212
213
214
215
219
220
221
222
223
224
226
227
228
229
230
231
232
235
236
238
239
240
244
