2
3
4
5
7
8
11
14
15
16
17
18
20
24
25
26
27
29
30
31
32
34
37
38
39
40
41
44
45
47
48
51
53
57
59
60
61
62
63
65
67
69
72
73
74
76
78
79
80
81
82
87
88
89
90
91
93
94
95
96
97
98
100
103
104
105
109
110
112
113
114
118
119
120
121
124
125
126
127
129
130
133
134
135
136
137
140
143
145
147
149
150
152
153
154
155
156
157
158
159
160
162
165
168
171
172
174
175
178
183
185
186
188
190
193
195
197
198
204
205
206
207
209
210
211
212
214
217
218
219
220
222
223
224
226
227
229
230
231
232
233
234
235
238
239
243
