1
5
6
7
9
10
11
12
15
16
17
18
20
22
23
24
25
27
28
32
34
37
38
40
42
45
46
47
48
52
53
54
55
56
57
58
61
62
65
66
68
69
72
74
77
78
80
83
84
85
88
90
91
92
93
95
96
97
98
99
101
102
103
104
105
107
108
110
111
113
115
116
117
118
120
124
125
126
127
128
129
130
131
133
134
135
136
137
138
139
140
141
142
143
144
146
147
148
149
150
152
153
155
156
158
159
160
161
163
165
169
173
175
176
177
178
181
183
184
187
189
194
196
202
204
205
206
207
209
210
217
218
220
222
223
226
227
229
230
231
237
239
241
242
244
