0
3
4
5
7
9
11
14
17
18
20
21
23
25
27
28
29
30
31
32
34
36
38
40
41
42
43
45
46
47
48
51
53
56
57
58
59
64
65
67
69
71
74
75
77
80
81
82
84
87
88
91
93
95
96
97
98
100
101
104
105
106
108
111
112
113
114
116
118
120
121
122
123
124
125
126
128
129
130
136
137
138
140
142
144
145
152
155
156
158
159
160
162
163
165
167
168
169
172
173
174
175
177
178
179
180
181
182
183
187
188
189
190
192
194
196
200
201
202
203
204
208
212
214
217
219
220
222
223
224
225
227
228
231
232
234
235
236
237
239
240
241
242
