0
1
2
3
6
9
10
13
16
17
20
21
22
23
24
25
27
28
29
33
35
36
37
38
40
41
42
44
47
48
49
56
57
58
59
60
62
64
65
66
67
68
70
72
73
74
76
77
79
80
81
82
85
87
88
89
90
92
93
96
99
101
102
104
106
108
109
110
111
112
113
114
115
117
118
120
121
122
125
131
132
133
137
138
139
141
143
144
146
148
149
152
153
155
156
157
159
160
163
165
166
167
168
170
171
173
175
176
177
178
179
180
182
183
184
186
190
192
193
194
195
198
207
208
209
210
212
213
215
216
217
218
220
221
223
227
228
230
235
237
240
244
