2
4
5
7
10
13
16
17
18
22
25
27
29
30
35
36
37
38
40
41
42
43
44
45
46
54
57
61
62
66
67
68
69
70
71
72
74
75
76
77
80
82
83
84
85
88
89
93
94
96
102
105
106
107
108
110
111
112
114
116
117
118
120
121
122
123
124
125
127
129
132
133
134
136
138
139
140
141
142
144
146
147
149
150
153
155
156
157
158
159
162
165
166
169
170
171
173
174
176
177
178
180
181
182
184
185
187
188
189
192
193
194
195
196
198
203
206
207
208
209
210
212
213
215
216
217
222
223
224
227
229
230
231
232
233
235
236
238
239
242
243
244
