0
1
4
5
6
7
8
9
11
13
14
15
17
18
20
22
25
26
33
35
37
40
41
44
47
48
50
51
52
56
57
60
61
65
66
67
68
69
70
77
78
79
80
81
82
83
85
86
88
89
91
95
96
98
99
100
101
102
103
104
105
107
108
111
113
114
119
120
121
122
123
124
125
126
128
130
132
134
135
138
139
143
144
145
146
150
151
153
154
155
159
160
162
164
165
167
168
169
172
175
177
178
179
180
183
184
185
186
187
188
189
191
194
195
196
198
200
201
202
205
206
209
210
211
214
215
217
218
221
224
225
226
227
229
231
233
234
237
239
240
243
244
