2
3
6
9
10
12
13
15
16
18
21
22
23
26
29
30
32
33
34
35
36
38
39
41
43
44
46
47
49
50
51
54
56
57
58
60
61
62
63
64
65
66
68
69
70
71
72
73
76
82
84
90
91
96
98
99
101
102
104
105
106
107
110
112
113
114
115
116
117
120
122
123
126
128
132
133
136
139
141
142
143
146
148
149
151
152
153
154
155
156
157
158
160
161
162
163
164
165
169
170
171
172
173
176
177
180
182
184
186
190
193
194
196
197
199
200
203
204
205
206
207
210
211
212
213
215
216
217
218
219
221
222
223
224
226
227
228
229
231
232
234
235
237
239
240
243
