0
3
4
5
6
7
8
9
11
12
13
14
16
17
18
19
21
22
23
25
26
27
28
29
30
31
33
34
36
37
41
42
43
44
45
46
48
49
54
57
58
60
61
63
67
70
71
74
75
78
79
80
81
82
84
85
86
87
88
89
90
91
93
95
99
102
103
104
106
107
110
111
113
114
115
119
122
125
128
129
130
132
134
135
137
139
143
144
146
147
148
149
150
151
152
153
155
157
160
161
163
164
168
169
171
173
174
176
179
180
181
182
185
187
189
192
194
196
197
198
200
201
202
203
204
205
206
210
211
212
213
215
216
217
218
219
220
222
223
224
225
228
229
231
232
233
234
235
237
238
239
241
244
