3
4
5
7
8
9
10
11
12
13
14
16
17
18
19
20
21
22
23
26
28
29
30
31
35
36
37
42
44
45
46
48
51
53
54
55
56
57
60
66
70
74
75
76
79
82
83
86
87
90
91
92
93
96
97
98
99
100
102
103
104
106
107
109
110
111
112
116
118
119
120
122
123
124
125
126
130
133
134
135
136
137
138
140
142
143
145
147
148
149
152
153
155
156
158
161
162
163
165
166
167
168
170
171
174
175
179
182
183
184
186
187
188
189
190
191
194
195
196
197
198
201
204
205
206
207
208
209
211
212
213
217
218
221
222
225
229
231
232
234
235
237
238
239
241
242
243
