0
2
4
6
7
8
9
11
12
14
18
19
20
21
22
26
27
30
33
35
38
40
41
46
47
48
52
53
54
56
57
58
60
61
62
65
66
69
72
75
79
82
84
85
86
87
88
89
91
95
96
97
98
100
103
104
106
108
109
110
111
113
114
116
120
121
122
123
124
125
126
127
128
131
132
134
135
136
139
140
144
145
149
150
151
153
154
156
157
159
160
161
163
164
166
168
170
171
174
176
179
181
184
185
187
192
193
195
196
197
198
199
200
202
203
204
205
206
208
209
210
212
214
215
217
218
219
220
221
222
224
225
226
232
235
236
238
239
242
244
