0
1
5
6
7
8
9
10
11
12
15
16
21
23
24
25
28
29
31
32
34
35
36
37
38
39
40
41
42
45
46
47
48
49
51
52
53
55
56
57
58
59
60
61
62
64
65
66
67
68
69
71
72
73
76
77
78
83
84
85
86
88
89
90
96
97
100
101
102
103
104
106
107
110
111
114
115
117
119
120
121
122
126
127
129
130
132
135
137
140
141
145
148
150
152
153
157
160
161
162
163
164
165
166
167
169
171
172
174
176
177
179
180
181
182
183
184
185
186
188
189
191
193
198
203
204
205
207
208
209
210
211
221
222
224
226
227
228
232
233
234
238
239
241
243
