2
5
6
8
12
13
14
17
18
20
22
23
24
25
26
27
28
33
34
36
43
44
47
48
49
53
54
56
58
60
61
62
65
66
67
68
70
73
75
76
77
78
80
83
85
86
88
90
91
92
94
96
98
101
103
104
105
106
108
109
110
112
113
114
115
117
118
120
122
123
124
125
126
127
128
131
133
134
135
136
139
144
145
146
147
148
149
150
151
152
154
155
157
159
164
165
167
168
170
171
172
173
174
177
180
181
182
183
184
186
187
191
192
193
195
196
197
198
200
202
203
206
207
208
210
215
216
217
218
219
220
221
222
224
228
229
232
233
236
238
239
240
242
244
