1
3
10
12
13
17
19
20
21
22
23
24
31
32
34
37
38
40
41
43
44
47
51
54
55
57
61
63
64
68
69
71
73
74
75
76
79
81
82
85
88
89
90
92
93
94
95
96
99
101
103
104
105
106
107
108
109
110
112
113
114
117
119
122
123
127
128
129
132
133
134
135
140
141
142
144
145
147
148
149
150
151
153
154
155
158
159
160
161
162
163
164
166
168
169
170
172
173
175
178
180
182
185
186
187
190
191
192
194
195
196
197
199
201
202
203
206
210
211
212
213
216
217
218
220
221
222
223
224
225
228
231
233
234
238
239
240
241
242
