1
2
4
6
7
9
12
14
15
16
18
19
22
24
25
27
28
29
30
31
32
35
39
40
43
45
46
52
53
55
57
60
62
63
67
68
69
70
76
77
79
82
87
89
90
91
92
94
95
97
98
99
101
103
104
107
108
110
111
113
117
118
119
121
122
123
124
126
130
131
132
133
134
135
137
138
139
140
141
142
143
144
146
149
151
152
153
155
158
160
162
163
164
167
168
169
170
174
178
179
181
182
183
184
185
188
190
192
196
197
199
200
203
204
205
206
208
211
212
213
214
215
216
217
218
220
222
223
224
226
227
228
229
230
235
238
239
240
242
243
244
