0
2
4
5
6
7
8
12
13
14
15
16
17
18
21
23
24
25
26
28
29
30
32
35
42
44
45
47
50
52
53
55
57
58
59
60
62
66
67
70
71
72
73
75
76
78
79
80
81
82
83
85
86
87
88
89
92
98
99
101
102
106
107
108
109
114
115
117
118
121
122
128
129
130
131
133
134
135
137
138
139
141
142
144
147
148
149
152
156
157
159
160
161
163
165
166
167
169
170
172
173
174
175
179
182
184
185
186
188
189
190
191
192
193
194
197
200
202
205
206
207
208
209
210
213
214
215
217
218
223
224
225
227
228
229
231
233
235
237
238
240
244
