0
1
2
4
7
10
14
15
16
18
20
21
24
25
26
27
28
29
31
32
35
37
41
42
43
46
47
49
52
53
54
56
57
60
62
63
64
68
69
71
73
74
75
76
77
78
79
82
83
84
87
88
89
90
91
92
96
97
98
99
100
102
105
106
107
109
111
114
115
116
117
119
120
121
122
123
125
128
129
130
131
132
134
135
137
142
144
145
146
147
148
149
153
154
155
156
157
158
159
164
165
166
168
171
172
177
178
179
180
181
182
184
185
186
187
188
193
196
197
198
199
201
202
204
205
207
210
211
212
213
214
215
216
219
222
224
225
228
232
234
235
236
237
239
240
241
242
243
