0
6
7
8
9
10
12
15
16
17
19
21
22
23
24
25
26
27
28
31
32
33
35
36
39
42
43
44
45
48
49
52
54
56
59
60
65
67
68
70
71
72
74
77
79
83
84
85
87
89
90
91
93
94
95
97
101
103
105
106
107
110
111
112
113
116
117
119
121
123
124
126
127
129
130
131
134
135
137
138
139
140
141
143
144
145
146
147
149
151
156
158
159
160
162
163
164
165
168
169
171
173
174
177
179
180
182
183
186
188
190
192
193
195
196
198
200
202
203
204
206
207
209
211
212
213
214
216
217
218
220
221
222
225
226
228
229
230
235
238
239
240
241
243
