0
1
4
5
6
9
10
11
12
13
19
26
31
32
35
36
37
40
41
42
43
44
45
46
48
50
51
53
54
58
59
60
62
63
64
66
69
70
74
76
77
78
80
81
83
87
89
90
92
93
94
95
100
101
102
105
109
111
112
113
114
115
116
118
120
122
123
127
128
129
130
134
135
136
137
139
140
142
144
145
146
147
150
151
155
157
159
160
161
162
163
165
166
167
169
171
173
174
175
176
177
179
181
182
183
184
185
186
187
192
193
194
195
196
198
200
203
204
205
206
208
210
211
212
214
216
217
218
219
222
225
226
229
232
233
235
237
238
239
240
242
