0
1
3
5
6
8
9
11
12
13
15
16
17
18
19
20
22
25
26
28
29
30
32
34
36
39
40
41
42
44
46
47
48
49
50
51
52
53
55
57
58
61
65
66
68
69
72
73
75
76
77
78
80
81
82
83
84
85
86
88
89
94
96
98
99
100
102
103
107
108
110
114
115
117
118
119
120
121
122
125
127
128
129
130
131
133
134
135
136
137
138
139
142
143
145
146
148
150
151
152
155
156
157
158
160
163
164
165
167
168
172
176
177
179
181
182
183
184
185
191
192
194
196
197
198
201
202
203
204
206
210
212
213
215
216
217
219
220
221
223
224
226
227
228
229
230
231
232
233
234
235
238
239
240
241
