0
3
4
6
7
8
9
10
11
12
13
14
17
19
20
24
25
26
27
29
33
34
35
36
37
39
40
45
47
48
50
52
55
56
58
60
61
62
63
64
65
69
71
72
73
74
76
77
78
79
81
82
83
84
86
87
88
89
90
91
93
95
96
97
98
99
101
102
103
104
105
106
109
110
111
112
116
118
120
122
123
124
126
127
128
131
134
135
136
138
141
142
143
147
148
149
151
152
154
156
157
160
163
164
167
168
169
171
174
175
178
181
182
184
190
191
192
194
195
196
197
198
201
202
203
204
206
207
210
211
213
215
216
220
222
226
227
229
231
232
233
235
236
239
242
244
