1
2
6
7
8
9
10
11
12
14
15
17
18
19
21
23
24
25
27
28
30
31
32
34
36
37
38
39
40
43
47
48
49
50
53
54
55
57
59
64
65
70
71
73
74
76
77
80
84
85
87
88
90
91
92
93
94
99
103
104
106
107
108
110
111
112
114
115
116
117
119
121
122
123
126
130
134
136
137
138
139
140
143
145
146
149
153
155
156
158
159
160
162
164
165
166
167
168
170
172
173
174
176
179
180
181
182
183
184
185
186
189
191
192
193
194
195
196
197
200
202
203
206
208
209
210
211
212
213
214
215
216
218
219
220
221
222
223
224
226
227
229
230
234
235
238
239
240
241
243
244
