1
2
5
7
9
10
11
12
13
14
15
17
18
19
20
21
22
23
24
26
27
29
31
40
41
42
45
46
47
48
49
52
56
57
58
60
61
62
63
64
65
67
68
69
70
71
73
74
75
77
78
79
82
83
84
86
87
89
90
91
94
96
97
99
100
101
102
104
106
107
109
110
112
113
116
117
118
119
122
123
124
125
126
128
130
133
134
140
141
142
143
147
150
151
153
162
164
165
167
170
171
172
174
176
177
178
180
181
182
186
188
189
193
195
198
200
205
206
207
208
209
211
213
214
215
216
219
220
222
223
225
226
228
229
230
232
234
235
236
238
239
240
241
242
243
244
