1
2
3
4
6
7
8
9
10
14
15
17
19
20
21
22
23
24
25
28
29
30
31
32
33
35
36
37
38
39
40
41
44
45
46
47
49
50
52
54
56
57
58
59
61
64
66
67
68
69
71
73
75
76
77
78
79
80
83
85
87
88
92
94
96
98
99
100
101
102
104
106
107
108
110
111
115
118
121
124
125
126
132
133
136
137
138
141
145
146
148
149
150
153
154
155
157
158
160
163
169
170
171
172
173
176
177
178
179
180
182
184
185
186
187
188
189
191
192
193
194
195
196
197
198
199
201
202
203
204
208
209
210
211
212
215
216
217
218
222
224
226
227
232
233
234
237
239
240
242
243
