0
4
5
7
9
13
14
15
16
18
19
20
21
23
25
26
27
28
29
30
32
35
36
38
41
42
45
48
50
51
52
55
56
61
62
63
69
72
73
77
79
82
83
84
85
88
90
94
96
97
98
99
102
104
106
108
109
110
111
112
113
114
115
116
117
118
120
121
123
125
127
128
130
133
134
140
141
143
144
145
147
148
150
152
153
154
157
161
162
163
165
166
167
168
169
170
171
173
174
175
177
178
179
180
181
182
183
184
185
188
191
193
194
195
197
198
199
200
201
204
205
207
211
212
213
214
216
217
219
220
222
223
225
226
228
230
231
232
234
235
236
237
238
239
240
241
242
244
