0
4
5
8
10
11
12
15
18
19
20
22
24
25
26
27
29
30
31
34
38
39
40
42
43
46
47
51
52
53
54
56
59
60
62
63
65
66
68
70
71
72
74
76
78
79
80
81
82
83
84
88
90
91
92
95
96
97
98
100
101
102
103
104
105
106
108
109
110
111
113
115
116
119
120
122
123
124
126
129
130
131
132
134
135
140
141
143
144
145
147
148
150
151
153
154
155
156
160
162
164
165
166
169
170
173
177
178
179
182
183
184
185
186
187
188
189
190
194
195
196
197
198
199
201
202
205
206
208
210
211
214
216
217
218
221
222
224
226
227
229
232
237
238
239
240
241
