0
1
2
3
5
6
7
14
16
17
22
24
25
26
27
28
29
30
31
32
33
34
35
36
37
38
39
41
42
44
47
48
49
51
52
53
59
60
66
68
71
72
75
76
77
79
80
82
83
84
85
87
89
91
92
93
95
96
97
99
100
101
102
103
105
106
108
110
111
114
116
118
124
125
126
128
130
131
133
134
135
137
138
139
141
143
144
145
146
147
148
149
150
151
153
156
157
158
159
160
161
164
168
169
170
171
172
174
175
178
180
182
184
185
186
188
189
191
192
193
194
195
196
198
200
204
205
207
208
210
211
212
213
214
215
217
219
220
221
222
224
226
232
233
237
238
241
244
