1
2
4
6
7
9
10
12
15
16
20
21
22
24
25
27
28
29
30
31
32
33
35
41
42
43
45
49
53
55
57
58
60
61
64
65
66
67
69
70
74
76
77
80
81
85
87
89
90
94
95
96
97
98
99
100
101
104
107
108
109
111
114
115
116
117
118
119
120
123
124
125
126
128
130
131
132
134
135
137
139
141
142
143
145
146
147
148
149
151
152
155
157
158
162
163
169
170
171
174
175
176
177
179
180
181
184
186
187
189
192
194
197
198
200
201
202
203
204
205
206
207
208
210
211
214
215
220
222
223
224
228
229
230
231
232
234
235
236
240
241
