0
1
2
4
5
6
7
10
15
16
18
19
22
23
24
28
29
32
33
39
40
41
42
43
44
46
47
48
49
51
53
54
56
64
65
66
67
68
70
71
73
74
75
77
79
80
81
82
83
84
85
87
88
89
90
94
96
97
98
99
100
101
102
103
104
107
113
115
117
118
120
121
123
124
125
126
131
133
135
137
138
139
140
141
142
147
151
154
160
161
162
163
166
168
169
173
174
177
180
181
182
183
186
188
189
190
192
193
194
195
197
198
200
203
204
205
207
209
210
211
212
213
214
215
216
217
218
220
225
226
227
229
230
231
232
233
234
235
236
237
238
239
240
242
