0
1
2
3
4
6
8
10
12
13
14
15
17
22
23
24
25
28
29
31
32
33
35
39
41
44
49
50
51
53
54
59
60
61
62
63
64
65
66
68
71
74
75
76
77
79
80
81
82
83
84
85
87
88
89
90
92
97
98
99
101
102
103
108
110
111
112
114
116
117
118
120
123
129
130
131
132
133
134
135
137
141
142
145
146
150
152
153
158
159
161
162
163
165
166
168
170
175
177
179
180
181
182
183
185
186
189
190
191
192
193
194
195
196
197
200
201
203
204
205
206
207
208
210
212
214
217
219
220
221
223
224
226
229
230
232
235
239
240
241
242
243
244
