7
8
10
11
13
15
17
19
20
21
22
23
24
26
27
28
29
30
31
32
34
37
39
40
43
45
47
48
49
50
52
54
55
59
60
62
63
64
65
66
69
70
71
73
74
75
77
79
80
83
84
86
87
91
93
94
95
98
99
103
105
106
107
108
109
113
114
115
118
119
120
121
125
126
128
129
131
133
134
137
139
140
141
142
143
144
147
148
149
150
151
152
153
154
156
157
158
160
163
164
165
166
168
169
173
175
176
179
180
182
184
186
190
192
193
194
196
197
199
200
202
204
205
207
208
210
211
213
214
215
216
218
219
221
223
224
226
228
229
230
233
236
237
238
239
240
241
242
243
244
