2
4
7
11
12
13
14
15
20
21
22
23
24
25
26
27
29
30
31
32
33
36
37
38
39
40
42
43
45
46
47
48
50
51
52
54
55
58
60
61
63
64
67
68
69
70
72
73
77
78
80
81
82
83
88
90
92
93
97
104
105
107
109
110
112
114
115
116
117
118
124
125
126
128
129
130
131
132
133
135
136
140
142
147
148
151
152
153
154
155
157
159
160
161
165
169
170
171
172
175
176
178
179
181
182
183
184
185
186
187
188
189
190
191
192
193
194
197
198
199
202
203
204
208
211
212
217
218
219
221
222
223
224
225
226
227
228
229
233
236
237
238
239
243
244
