0
1
2
3
5
6
7
8
10
13
14
17
18
20
21
23
24
26
28
29
31
34
35
36
37
38
40
42
43
44
45
46
47
48
49
50
54
56
59
61
62
65
67
69
70
72
73
74
75
78
82
83
87
88
94
95
97
98
99
100
105
107
109
112
116
118
121
122
123
124
125
126
128
130
132
133
134
135
136
137
138
140
141
142
143
145
146
150
152
153
154
156
158
160
163
164
165
166
167
168
169
170
171
174
176
178
179
180
181
186
187
188
191
192
193
194
197
198
199
201
202
203
204
207
208
209
212
213
214
215
218
219
220
221
222
223
226
227
229
230
239
240
242
243
244
