0
1
2
4
9
11
12
13
18
21
24
25
26
28
29
32
34
36
39
40
41
42
43
44
45
46
53
54
57
59
60
61
62
63
64
65
68
69
70
71
72
74
76
78
79
80
81
85
87
89
91
96
97
99
100
105
106
107
109
111
113
114
115
116
117
118
119
120
122
123
124
126
127
128
129
131
135
137
138
143
144
146
147
149
150
151
152
156
157
161
162
163
164
165
166
167
168
169
170
171
172
173
174
175
176
178
179
183
184
185
187
189
190
192
194
195
197
198
199
200
201
203
205
206
208
209
212
213
215
216
217
218
219
220
221
222
224
225
227
228
230
231
233
234
235
238
239
240
241
244
