0
2
4
5
7
8
9
10
14
15
16
18
19
20
22
23
24
27
29
30
31
34
40
41
42
43
44
47
49
50
51
52
54
56
57
58
64
65
66
69
71
73
74
75
76
77
80
84
85
86
87
88
90
91
93
94
95
97
98
99
102
103
104
106
110
111
112
115
116
117
119
120
121
124
125
126
127
130
132
136
137
138
141
142
143
144
148
149
151
152
153
154
155
156
157
159
160
162
167
168
170
171
172
173
174
175
177
180
181
183
184
185
186
187
188
191
193
194
196
197
198
199
201
203
204
207
208
209
210
211
212
215
216
221
223
224
225
226
229
230
236
237
238
240
241
244
