0
1
3
5
6
8
10
12
15
17
18
21
23
25
26
27
28
29
32
34
35
36
39
40
41
42
43
44
46
48
49
50
51
54
58
59
61
63
67
68
69
70
72
74
75
76
81
82
83
84
89
91
93
95
99
102
104
106
107
108
110
112
113
114
115
116
118
119
122
124
126
127
128
129
130
131
132
133
134
135
136
137
138
139
140
144
147
148
149
151
152
153
154
155
157
158
160
161
162
164
165
166
167
168
169
172
173
176
177
179
182
184
187
188
189
190
191
193
196
198
199
202
205
207
208
211
212
215
216
217
219
220
222
223
225
228
230
231
235
236
240
241
242
243
