1
2
6
7
9
10
12
14
18
19
20
23
24
27
28
31
32
34
35
40
41
46
53
55
56
58
60
61
63
67
68
69
71
72
73
74
75
76
77
78
80
81
82
83
86
88
91
93
95
97
99
100
103
105
109
110
111
112
113
114
118
119
120
121
123
126
127
130
131
135
137
138
140
142
143
146
147
148
151
152
154
155
156
157
158
160
161
162
166
167
168
169
171
172
173
177
178
179
180
181
182
183
184
186
187
188
191
192
195
196
197
198
201
203
205
206
207
208
209
211
212
215
217
220
221
222
224
225
226
227
228
229
230
231
232
233
234
235
236
237
238
239
241
243
