1
4
5
6
9
10
13
14
15
17
18
19
22
29
30
31
33
34
35
37
38
39
42
45
46
47
49
50
54
55
56
58
59
60
62
67
69
71
77
78
80
81
82
83
84
85
87
88
89
90
91
92
93
96
97
100
101
102
103
104
105
106
107
110
112
113
116
117
118
120
124
126
128
129
132
133
134
136
138
142
143
146
147
148
149
150
151
154
155
156
158
160
163
164
165
166
167
168
169
170
173
174
176
180
183
184
185
186
188
191
194
195
196
199
202
204
205
206
207
209
210
212
213
214
215
216
218
223
225
226
229
230
231
232
233
234
235
237
239
240
242
243
244
