0
2
3
7
8
10
11
12
13
15
20
22
25
26
27
28
34
35
36
37
38
40
43
45
47
51
52
54
55
56
57
58
62
63
66
67
69
70
71
72
73
75
78
79
82
83
85
86
87
89
90
92
95
96
97
100
101
103
104
105
109
110
112
113
114
116
117
119
121
122
124
126
127
128
129
132
133
134
135
136
142
143
144
145
146
148
152
153
154
157
159
160
161
162
165
168
169
171
174
175
176
178
179
180
181
185
186
187
188
190
191
194
195
196
198
199
200
201
204
205
207
208
209
211
212
213
216
217
218
219
220
221
222
224
227
228
229
230
231
235
236
237
238
239
242
243
