2
5
8
9
12
13
15
16
19
22
26
27
28
29
30
31
33
34
36
37
38
39
40
41
44
45
48
51
53
54
55
58
59
60
61
62
66
67
70
71
72
75
76
78
79
80
81
82
83
86
87
89
90
91
93
94
95
96
97
98
102
103
107
108
110
111
112
114
116
117
118
119
120
121
122
125
129
130
131
134
135
136
141
143
144
145
146
147
149
151
152
153
160
162
163
164
165
166
167
171
173
174
175
176
178
181
182
184
186
189
190
191
192
193
194
196
197
199
200
201
204
205
208
210
212
215
216
218
220
221
222
226
228
230
233
235
236
237
239
242
243
244
