0
2
3
5
6
7
8
9
11
12
13
14
17
21
22
23
27
28
31
32
33
34
35
38
39
40
41
42
43
44
47
51
52
53
54
55
62
64
65
66
67
70
71
73
76
78
79
80
81
82
84
86
87
88
89
93
94
96
97
98
99
100
102
103
104
105
106
107
110
111
116
117
121
123
124
125
126
128
129
131
133
134
136
141
144
146
147
148
152
154
156
160
164
165
170
173
174
175
176
177
178
179
180
182
183
184
187
191
192
194
195
196
198
199
201
202
203
204
205
206
208
210
212
213
214
216
220
222
223
224
225
226
227
228
229
232
233
234
235
238
240
241
242
