0
2
6
7
9
10
11
12
13
14
15
17
18
23
24
28
29
31
32
33
34
36
37
40
41
45
47
48
49
51
56
58
63
67
68
70
71
73
74
75
78
80
82
83
84
85
86
90
91
92
98
99
100
101
103
106
108
109
110
111
113
114
116
117
118
119
120
121
123
124
126
128
130
132
133
135
136
137
141
142
145
146
147
148
150
151
152
153
154
155
156
157
158
159
160
162
163
165
167
169
171
173
176
177
182
185
186
187
188
189
190
192
193
194
195
197
198
199
200
201
202
204
205
206
210
211
212
213
215
218
219
220
224
226
227
229
230
231
234
235
236
237
239
240
244
