2
3
4
5
6
7
9
12
13
17
18
19
21
22
24
25
28
29
30
33
35
38
40
41
42
44
46
48
49
50
52
54
57
58
61
62
64
65
66
67
71
72
73
76
77
78
79
81
83
84
85
86
89
90
92
94
95
96
99
100
101
102
105
106
107
110
111
112
113
116
117
118
120
122
123
126
128
129
130
131
132
133
135
137
138
139
142
145
147
148
150
151
152
153
154
155
156
157
158
160
161
162
165
166
169
170
171
172
173
175
176
177
178
181
186
188
189
190
191
192
193
194
195
196
197
201
203
204
207
212
215
216
217
218
220
225
227
229
230
231
232
233
235
240
241
242
