0
1
2
3
4
8
9
10
11
12
14
15
17
18
19
23
26
27
28
29
30
32
33
35
37
39
42
43
45
46
47
49
50
53
54
55
56
57
61
63
64
65
66
68
69
70
71
72
73
75
76
79
80
81
82
83
84
85
88
90
91
92
93
94
95
96
98
99
100
102
104
110
114
117
118
124
128
129
130
132
133
135
136
137
138
140
142
143
144
146
147
149
151
152
153
154
155
156
157
161
162
163
164
166
167
168
169
172
174
176
177
178
179
181
182
183
189
191
193
194
195
198
199
201
202
204
205
206
213
215
217
218
219
221
222
228
229
230
231
232
234
235
237
240
244
